fid,iid,rep,high_level_category,ela_distr.skewness,ela_distr.kurtosis,ela_distr.number_of_peaks,ela_meta.lin_simple.adj_r2,ela_meta.lin_simple.intercept,ela_meta.lin_simple.coef.min,ela_meta.lin_simple.coef.max,ela_meta.lin_simple.coef.max_by_min,ela_meta.lin_w_interact.adj_r2,ela_meta.quad_simple.adj_r2,ela_meta.quad_simple.cond,ela_meta.quad_w_interact.adj_r2,ela_level.mmce_lda_10,ela_level.mmce_qda_10,ela_level.lda_qda_10,ela_level.mmce_lda_25,ela_level.mmce_qda_25,ela_level.lda_qda_25,ela_level.mmce_lda_50,ela_level.mmce_qda_50,ela_level.lda_qda_50,disp.ratio_mean_02,disp.ratio_mean_05,disp.ratio_mean_10,disp.ratio_mean_25,disp.ratio_median_02,disp.ratio_median_05,disp.ratio_median_10,disp.ratio_median_25,disp.diff_mean_02,disp.diff_mean_05,disp.diff_mean_10,disp.diff_mean_25,disp.diff_median_02,disp.diff_median_05,disp.diff_median_10,disp.diff_median_25,ic.h_max,ic.eps_s,ic.eps_max,ic.eps_ratio,ic.m0,nbc.nn_nb.sd_ratio,nbc.nn_nb.mean_ratio,nbc.nn_nb.cor,nbc.dist_ratio.coeff_var,nbc.nb_fitness.cor,sigma,d_norm,d_mean,ps_norm,ps_mean,pc_norm,pc_mean,loglikelihood,mhl_norm,mhl_sum,std_y_last_1,mean_std_x_last_1,std_y_last_2,mean_std_x_last_2,std_y_last_5,mean_std_x_last_5
1,8,0,0.0,0.4086597530304839,0.0943525323187025,0.25,0.7715803361997815,4.582989271769877e-05,2.3337497689768134e-08,9.553844083658209e-09,6.891662675562525e-05,0.8815274021622966,0.9999999999999954,3.012959509096354e-13,0.9999999999999984,0.448818897637795,0.0635324015247775,0.2584611002386847,0.625,0.0578386605783865,0.3193233510235027,0.2048192771084336,0.086080586080586,0.1376184940814354,0.1307773413816733,0.1253453225294271,0.1502509441248495,0.1305091908711376,0.1237907242399897,0.1020440452099232,0.12383149933785,0.1349574463933001,0.3446918779022098,0.3834716327429702,0.3499170493147902,0.3405935798775383,0.3619517632992298,0.3930301183084687,0.3321200763613609,0.3636244729379295,0.3753589095084026,0.0407124681933842,8.821017368811687e-08,0.078078078078078,0.3835354179961712,0.8564171475657343,0.8305364815957663,0.9176321946869348,0.2156332257152114,0.6315898478907929,0.2178333974779002,0.1438610175270234,0.1683807930317378,0.1071836165719894,0.4958310693893349,0.1107858870320083,0.504792449673388,0.9413310914558176,0.1679699663104429,0.1866862665250277,1.7854470999092573e-08,0.2199803655287609,1.8859563734758665e-08,0.2518318920302204,3.8382028979995714e-08,0.339423854243412
1,8,1,0.0,0.3228921105993103,0.0297598969056948,0.0,0.7940571368331247,4.58333845443723e-05,5.854534212634503e-09,7.210163018242024e-09,0.0002751939711317,0.9239338105880148,0.999999999999992,2.922520971225724e-13,0.999999999999994,0.6062992125984249,0.0597204574332909,0.3307281820574791,0.4687499999999999,0.1308980213089801,0.1366274504494747,0.163511187607573,0.1007326007326007,0.0929467720560415,0.1138444370387324,0.1776952659266027,0.2295508904182728,0.2712762057255093,0.1087518410707912,0.1321139091328725,0.1960376574928856,0.2667146646981707,0.2771112077065268,0.3628166514172634,0.3504069431316791,0.3874727670390154,0.3014676621634438,0.3673682945527956,0.342614028790679,0.4208598223412061,0.4973134451247438,0.0483460559796437,2.7237325357408324e-07,0.1351351351351351,0.1423101467772816,0.8434162568752668,0.5848277347386084,0.6748627892113856,0.3926507028080446,0.6737635129630417,0.5020413062831397,0.3840488516056066,0.4594774370855803,0.2283524891876352,0.6644972689259802,0.2184329846945125,0.6704976517198526,0.8999064682485569,0.1370781353679969,0.1588478806326384,5.91181084994557e-08,0.5516408116582069,9.73459677943951e-08,0.6900588544193816,6.202963066300469e-08,0.6276926007208178
1,8,2,0.0,0.4144111356419911,0.0872933815432087,0.25,0.7860039749001253,4.583327885666801e-05,2.6817242472439238e-09,8.878236277983894e-09,0.0007850456483032,0.91944060390451,0.9999999999999944,7.095657738879677e-13,0.9999999999999976,0.52755905511811,0.0609911054637864,0.2960684862080751,0.4687499999999999,0.1445966514459664,0.125130307050796,0.261617900172117,0.1520146520146519,0.1004808088988469,0.0797803332175133,0.1348792109099295,0.184990064993408,0.2345797995153958,0.0775679739075388,0.1048123123647455,0.1677439618126439,0.222247997017239,0.2733498691106409,0.3531825507314934,0.3417102084819723,0.387235587128755,0.3029625334589732,0.3717879663372087,0.348570394440397,0.4138026434749915,0.6125203005064801,0.0305343511450382,1.8278737988087965e-07,0.084084084084084,0.463943841735801,0.8009717856056628,0.7017697402291185,0.8483085439531077,0.2071843621645924,0.6315000732999447,0.4408215599874969,0.2445162216239544,0.3097220254795321,0.4038486580478645,0.469267075109627,0.40042256453039,0.462742651799388,0.9164058601918132,0.1071451469020837,0.1306203792243647,7.714142774282382e-08,0.4458980430340484,5.6059678244389444e-08,0.4424751150724464,6.655981901299638e-08,0.5218333648616356
1,8,3,0.0,0.4109428714982759,0.1006316658118176,0.25,0.7196549594877911,4.583129456045799e-05,5.0893572571719395e-09,6.022987108062766e-09,0.0002663136768991,0.8765691917458645,0.9999999999999918,6.195340998232219e-13,0.9999999999999964,0.448818897637795,0.0495552731893265,0.3096229195220762,0.8923611111111109,0.1141552511415524,0.2524057655703063,0.2495697074010326,0.1923076923076922,0.0713760414507827,0.1447407472838156,0.1724624865433814,0.2133845749757886,0.2372444489139278,0.1420094433289035,0.1457702512765301,0.1824016168885528,0.2326377094104179,0.330397156899949,0.390481658291308,0.366782114119993,0.3891011413248177,0.3626848945389754,0.4206423823441282,0.3649034492770633,0.4258667409815305,0.7037442213516036,0.0381679389312978,2.204461952786181e-07,0.0960960960960959,0.3835354179961712,0.9081773506096528,0.7840205642849138,0.8282199388740823,0.2294171375189466,0.711379611850647,0.3755998699275644,0.2995594688817298,0.3682690301529483,0.203790855820042,0.5481763243063543,0.1862207581938255,0.5434277727504975,0.9158877750892004,0.1440009835766233,0.1800335985421862,9.024805909853328e-08,0.3673596454077991,4.6487153347369373e-08,0.419186902326765,4.8346606747457696e-08,0.507887382177255
1,8,4,0.0,0.3589575620259065,0.0571855287325806,0.25,0.6906210478934885,4.582630696580643e-05,2.1105365252959075e-09,5.611004976471763e-09,0.0006409052914948,0.850251170311477,0.9999999999999916,1.3578307222152544e-12,0.9999999999999976,0.448818897637795,0.0711562897077509,0.236880114650054,0.9618055555555554,0.0563165905631658,0.4569601734268385,0.1015490533562821,0.053113553113553,0.1058176139516558,0.032386783242096,0.0824231662816556,0.1577057699392169,0.1901347731725844,0.0306213317516688,0.0609816770612187,0.1402861902767076,0.1916752045448875,0.247971297755009,0.3215727671676934,0.3358921153650885,0.367477891688904,0.2667110974964835,0.3291192307630698,0.3287343833905755,0.392585899031516,0.4253389741143212,0.0356234096692111,1.7145478907128947e-07,0.0960960960960959,0.3031269942565411,0.7655649435737661,0.810716031941948,0.8473475784627045,0.1503334969920605,0.6473154938390986,0.3258266703512248,0.3410324647464648,0.4068307009015783,0.242767663894118,0.5039479987208136,0.2417625399473561,0.5061986215519721,0.9277809864086084,0.1132253767327615,0.1271184243558158,7.693850766655546e-08,0.3758732832976827,4.196683869925708e-08,0.3495650472230273,9.331124846250662e-08,0.5471288336554903
1,8,5,0.0,0.3926436602553503,0.0763142687555732,0.25,0.7657608298968165,4.582816117537933e-05,5.05284600867554e-09,5.2624992502622234e-09,0.0002329611992332,0.850301300811867,0.999999999999992,1.5955518097403854e-12,0.9999999999999986,0.448818897637795,0.099110546378653,0.1805915646096051,0.6805555555555556,0.1171993911719938,0.1986200285885772,0.3149741824440618,0.086080586080586,0.2139000311072545,0.0758646787369507,0.1393776316202897,0.1791237605799482,0.180048807147119,0.0724288250841994,0.119081100791378,0.1576751797179701,0.1813677757978675,0.3119879926445605,0.4105919912500004,0.3872490708659548,0.395427931245962,0.3320958307652863,0.4257632722710046,0.3764670864494889,0.4191929464130084,0.6392986246166301,0.0229007633587786,1.4070950100029565e-07,0.084084084084084,0.3835354179961712,0.8749857487345776,0.7861213898887742,0.915296946240438,0.2756571767092955,0.7013474273259083,0.2836748340425209,0.2439834191511307,0.3081897105082203,0.4110543910230504,0.2748978206488706,0.4024144340889982,0.3134299426111107,0.9347180498773122,0.1206041051080707,0.1522748881641837,2.724149635411304e-08,0.2724401537101218,2.6036296871183204e-08,0.3146962040090696,4.824489587256538e-08,0.4143154635146825
1,8,6,0.0,0.3645564548716297,0.0497361731052448,0.0,0.7937979569031125,4.5830930706294585e-05,1.0410821912344909e-08,7.043308770313933e-09,0.0001370667323443,0.9177441819865644,0.9999999999999916,9.599376271291252e-13,0.9999999999999982,0.5196850393700786,0.036848792884371,0.4136103068058846,0.71875,0.0426179604261795,0.4328830472795316,0.3769363166953529,0.1172161172161171,0.1957744448513101,0.0674779387779988,0.0925736956804236,0.1291576559992563,0.122632510946835,0.0665424040024113,0.0712783473149968,0.111587470535877,0.1373464056266544,0.2933274162775782,0.3527960182161175,0.3319709399774488,0.3335028759000117,0.3253647603946895,0.3749522606241536,0.3352530488716574,0.3810302926789525,0.5619675729201248,0.0178117048346056,2.0725162429490198e-07,0.084084084084084,0.3299298021697512,0.7028233101159933,0.8269418141564149,0.8356067911066587,0.1521846241364384,0.7018650621372622,0.2081491195599026,0.2072653740334551,0.268906827440226,0.2456886790350052,0.3978100261396252,0.2138062952817017,0.4293436249300082,0.9456989891939056,0.1381237730391504,0.1660720492985489,9.5805852888702e-09,0.2215558816125818,1.9693908991911284e-08,0.2572915136253128,2.5193076972468955e-08,0.3091300943232375
1,8,7,0.0,0.3658402615442522,0.0625585467934745,0.25,0.8217519603774406,4.583196597279328e-05,2.8716920338621425e-08,7.602033836562783e-09,3.401520695978314e-05,0.9372210409816164,0.9999999999999885,9.153763672685553e-13,0.9999999999999948,0.7637795275590546,0.0482846251588309,0.4542124812777754,0.4340277777777778,0.0837138508371384,0.1873543250414933,0.153184165232358,0.0549450549450548,0.1512508390772606,0.165640184607426,0.1916182863820267,0.2428159366928399,0.280625439905296,0.1589861221223887,0.1670136200854449,0.2095037876249263,0.2752890428825984,0.358694432678835,0.4238781179057898,0.4065791156006194,0.441093692012333,0.3816300763381817,0.4493493509282112,0.3951255506181007,0.4690791284871846,0.4987495980398173,0.0356234096692111,2.889551402762749e-07,0.1081081081081081,0.410338225909381,0.921929352386472,0.7667007348108115,0.7898272238935062,0.2151554498421345,0.7241201586102032,0.4918076630488512,0.3077874125298971,0.3956221919874907,0.4054045010015464,0.5540357958163997,0.3451327284901301,0.5522302159887608,0.9051459910225492,0.1251690671323269,0.1488532960931003,2.1559961932023882e-07,0.6036073126700527,8.20764069880626e-08,0.5481067561413333,7.286981998657626e-08,0.5900577547606868
1,8,8,0.0,0.3450061909493414,0.0389398544375113,0.0,0.6663281030568413,4.583082470071322e-05,2.0976236221443822e-09,7.016572607000199e-09,0.0008030979903949,0.8255307788887677,0.9999999999999878,9.657776457088017e-13,0.999999999999995,0.52755905511811,0.1232528589580686,0.1662312828844856,0.5277777777777779,0.1628614916286148,0.1226198749654018,0.2117039586919105,0.1025641025641025,0.1204970257836218,0.1544090567012817,0.1818576880480775,0.2280862024386173,0.2728675061683854,0.1492977253042972,0.1550904674856933,0.1936889861826013,0.2750396009836904,0.3494106059829336,0.4148165387671731,0.3941938444040482,0.4348892263390998,0.3751236421604694,0.4386857316314507,0.3831063968601101,0.4713413509604419,0.6946219481431486,0.0305343511450382,2.642924720282939e-07,0.075075075075075,0.517549457562221,0.86868422439469,0.713020245919032,0.8670026786303038,0.2377552391001414,0.6339750077763583,0.474107059738327,0.2822350657459243,0.3602892762737983,0.2960971404854995,0.5633675596509764,0.2281527254812159,0.5674608054087265,0.9096861895963984,0.115060558036569,0.1431633981926044,8.53707823267879e-08,0.5553995656341885,3.756573910345312e-08,0.538927888227931,6.481142073816246e-08,0.5323079726985089
1,8,9,0.0,0.383438578029056,0.0610116957534789,0.25,0.7035498975316511,4.583135118315658e-05,1.2026988340969091e-08,7.412920820397711e-09,0.0001216269313462,0.8756981986133047,0.999999999999994,5.23607546548872e-13,0.9999999999999982,0.448818897637795,0.087674714104193,0.2002169629966418,0.8576388888888891,0.1476407914764079,0.1962699913074168,0.216867469879518,0.1025641025641025,0.1236378407582913,0.0447940474957076,0.1447547470043468,0.1744200803616831,0.1893444264493036,0.0439076539974053,0.1273882196140594,0.1545031612933504,0.193152024966268,0.2637309494096497,0.3875203385174108,0.3562135501697022,0.3732135416664392,0.294951404102849,0.4196818441045238,0.3589805012355235,0.4125092783383177,0.5530787240968373,0.0432569974554706,3.74780920456764e-07,0.099099099099099,0.1423101467772816,0.8344556051692766,0.8835049410121281,0.9353234546453142,0.1224324466762162,0.6688436843404644,0.308213875551429,0.2534210017431901,0.3343780025009857,0.1674429005338978,0.6141300913928077,0.1374531982942609,0.6042625169194206,0.9329259016354516,0.1017838470191446,0.1191740276733467,5.094667221257026e-08,0.3970232730434312,2.4734473669235216e-08,0.3800992841970214,3.774286435902241e-08,0.4068804110704223
1,8,10,0.0,0.4659131450877676,0.157116808790133,0.5,0.7774010329860075,4.582780664663591e-05,3.4598040652679315e-08,5.848436123273328e-09,1.0870263226022424e-05,0.9509597109126444,0.9999999999999888,2.698513336105212e-12,0.9999999999999984,0.448818897637795,0.0609911054637864,0.2665137068016066,0.6215277777777779,0.1278538812785387,0.1719535522645134,0.1979345955249568,0.0677655677655677,0.1638402724340608,0.0607095935206607,0.1053924087005046,0.1604612107580611,0.1604496092091385,0.0598864698076211,0.0868866312373819,0.1450283516110835,0.169740547456802,0.3067093141423284,0.3891072621821607,0.380348118522525,0.3889100219077743,0.3371147544760408,0.4112582271680747,0.3824833434571674,0.4285221819613402,0.4064118360535667,0.0330788804071247,9.162272344162e-08,0.0660660660660659,0.1691129546904914,0.8390126190033755,0.8801070393384869,0.9302823536570876,0.1318811988128007,0.7845320982984623,0.2576976148953814,0.2023109739267043,0.2665031286052928,0.1288066627072409,0.4985152242831178,0.1003889335268093,0.5280521425108132,0.9414888654038184,0.1103711975113445,0.1321376472993966,2.2715978236006172e-08,0.2635752083724122,3.2216900044918115e-08,0.2888550347218151,3.9066768879202816e-08,0.3569281794228419
1,8,11,0.0,0.3343768538522901,0.0302232756432742,0.0,0.6739709900401444,4.582647194262455e-05,2.098340110044231e-08,4.46629553469939e-09,2.301178703232244e-05,0.7792784665113179,0.9999999999999856,7.046157573899268e-13,0.9999999999999972,0.448818897637795,0.050825921219822,0.3041835273332411,0.7777777777777779,0.2039573820395737,0.1351925973826478,0.2650602409638553,0.2417582417582416,0.056410441122699,0.1274862785445834,0.1304547192232585,0.1653893715859347,0.1914086049720803,0.1221384738515645,0.1122660693215132,0.1383019706979394,0.1786893460400715,0.3393328706068362,0.3841086235946226,0.3583794836231078,0.3852204425945427,0.3610295723480876,0.4044496770958842,0.345484614038434,0.4011503346707757,0.5167466899155486,0.0279898218829516,2.974562454326772e-07,0.093093093093093,0.5443522654754309,0.8951888530112972,0.784769809821233,0.8696189518310335,0.2609742194058965,0.5922798983980897,0.2661881703113798,0.2589294184174286,0.3233579867858545,0.229787003209539,0.4678945216483032,0.2191066294430317,0.4958462281905016,0.9314975653816449,0.1499490370507895,0.1815142539052171,4.2008249493150084e-08,0.2544172409535051,2.8692977347772118e-08,0.3054188478920399,2.3173220194389683e-08,0.3907795648839998
1,8,12,0.0,0.4751316921341234,0.1587826968660232,0.5,0.7192657805920131,4.5831096750152834e-05,3.6679969274364837e-09,6.849924878149913e-09,0.0004349964463469,0.9487203280687118,0.9999999999999968,5.388037284335934e-13,1.0000000000000004,0.448818897637795,0.110546378653113,0.1642987810430086,0.6527777777777779,0.1293759512937594,0.1767970526914329,0.2340791738382099,0.0897435897435896,0.1520458090366451,0.0769489113217684,0.1070732268011913,0.1635914482692098,0.1780428739634966,0.0757506517351386,0.0855677168822852,0.1439742943407594,0.179401582833209,0.2808740696042364,0.3388385872734427,0.3350263508022666,0.3509414349823628,0.3141801060032702,0.3661300514580963,0.3410752443629505,0.3914647528341707,0.5450114352899917,0.0585241730279898,2.3432708474340418e-07,0.0690690690690689,0.4907466496490109,0.8371834467906565,0.8239013288675539,0.8942434051967885,0.1615133195632904,0.7609610017181532,0.2613295706917154,0.3783500571312728,0.4126640204303595,0.0973364964008959,0.536380563802567,0.095342272267012,0.5522604955674444,0.926517189910934,0.1701926966955619,0.207906016281885,5.5317902654678695e-08,0.3198488531017143,4.0294749198531944e-08,0.3703560541115961,5.492369604605802e-08,0.431950884853011
1,8,13,0.0,0.3375445783010871,0.0319667692808197,0.25,0.8179490543216664,4.582969205199858e-05,2.5712050236803173e-08,5.4668867831871485e-09,2.211395687962969e-05,0.9132668785340666,0.9999999999999908,4.597073479737225e-13,0.9999999999999944,0.5196850393700786,0.062261753494282,0.2886363284455661,0.5,0.0532724505327245,0.2868466220200488,0.2667814113597245,0.1208791208791208,0.1311907529592822,0.1147937717349714,0.1648782462260091,0.1807102803648078,0.2172405418470604,0.1122983947124366,0.1197189263513019,0.1462968967177804,0.2150061269639719,0.3181873909840092,0.4016123653499981,0.3564935043340846,0.3911453987406855,0.3483187992275752,0.406636063183943,0.3467113642206388,0.425831414685856,0.6365182560452634,0.0381679389312978,2.204461952786181e-07,0.099099099099099,0.3835354179961712,0.8596235427309349,0.7793525069898415,0.8490075845415292,0.2321497875505782,0.615393644284554,0.3998253249964594,0.2906316865773501,0.3764176689379499,0.3014505211025941,0.5494348131651431,0.2496494845567608,0.5436571760841239,0.9205361726556532,0.0972957259445422,0.1154785469122832,6.078846688585261e-08,0.4101010197868439,3.74360521161875e-08,0.4171643179746125,4.5113064101675356e-08,0.4588162940657833
1,8,14,0.0,0.3793641878041747,0.0610171034744271,0.25,0.4860758791069146,4.582495354029641e-05,7.492465318511436e-09,5.574159367195082e-09,0.0001565741309467,0.8253909890614578,0.9999999999999918,1.0003046796845552e-12,0.9999999999999984,0.448818897637795,0.036848792884371,0.3764821151765083,0.6736111111111114,0.0152207001522069,0.6730542992340071,0.3717728055077451,0.1666666666666666,0.1358361129840719,0.0289552703320759,0.0629466593481262,0.1184313625710883,0.1114572728079599,0.0287156693704339,0.048806355485403,0.1101038077242855,0.117991005232596,0.2762096507124674,0.3440122833707594,0.3400933118652566,0.3432391419861874,0.309233754066387,0.3696222505027576,0.3499186358634462,0.3836196980532428,0.5506197481187813,0.0254452926208651,1.555626945664409e-07,0.0690690690690689,0.4371410338225909,0.7386876266242917,0.8708721001146777,0.92736344414052,0.0879188834424138,0.6641982915190926,0.1914246943794204,0.1982196571344854,0.255662860775117,0.1975953726873323,0.605492203835051,0.1846035047836491,0.6197809347410677,0.954279119538974,0.1138621681212247,0.1317627218095984,2.5347645216495546e-08,0.2572106670188229,1.3717073058737852e-08,0.2262369838735125,3.2146795798133994e-08,0.2974589944496878
1,8,15,0.0,0.4201794082674795,0.0921442566342237,0.5,0.777759072890317,4.583340414993166e-05,8.814379424713674e-09,5.7684192262087714e-09,0.0001335252835479,0.9604988582146932,0.9999999999999968,5.014296303748698e-13,0.999999999999998,0.52755905511811,0.0343074968233799,0.4363894388683521,0.7256944444444444,0.1004566210045661,0.2371239909913927,0.0860585197934594,0.1080586080586079,0.0408889232871288,0.1168520714460858,0.1441350160651872,0.1741221899224269,0.2177449429795614,0.1160668296346,0.1210043469510785,0.151288581344696,0.2182294924606699,0.3248167433992944,0.3885355072981454,0.357534853342743,0.3983490317072501,0.3597288975911472,0.4184757666124445,0.3617606334793279,0.4393505154607295,0.6339999073490539,0.0508905852417303,3.5395551468905866e-07,0.0960960960960959,0.3835354179961712,0.888294483446955,0.832242417836297,0.9207052121205646,0.2099457503632219,0.7504328789782493,0.2818036481711553,0.2554841314691076,0.2941232161747038,0.1360441594006604,0.5012310240943412,0.1279982052136795,0.5286685623373701,0.919164127565119,0.1916002148608181,0.2377549024493267,4.009528074325002e-08,0.2851835910475357,4.899828007655618e-08,0.4630150269675128,3.0409777741575913e-08,0.4499348494513332
1,8,16,0.0,0.3821726978231505,0.0628576154944809,0.25,0.7976355593271707,4.583348686053269e-05,4.753772951326024e-09,6.947721418607901e-09,0.0003332462718671,0.9431399894116927,0.9999999999999968,4.798940692597145e-13,0.9999999999999984,0.448818897637795,0.073697585768742,0.2304338462274761,0.7881944444444444,0.0593607305936072,0.3753100409139631,0.3149741824440618,0.0879120879120878,0.2100895660711636,0.0486181626986343,0.1008981426387099,0.1400647547683707,0.1644997487218131,0.0481472465594731,0.0775388302780364,0.1264338996993331,0.1739821638625958,0.2517139195192802,0.3265712233943406,0.3085345893681229,0.3331080620447351,0.2879522249719697,0.3544330721268472,0.3224048971949348,0.3837847809006049,0.5300070029521109,0.0356234096692111,2.204461952786181e-07,0.078078078078078,0.3567326100829611,0.7745877294199546,0.8656301940056457,0.8833449998555496,0.1351180299174121,0.7166796265226612,0.3269216874996645,0.2030617733235915,0.2498240838190459,0.1930556925395864,0.3951708260298447,0.1571663510384193,0.4166596925557144,0.9334359198788114,0.1034594096636501,0.1235094253020458,5.3637084474422584e-08,0.3091198223518226,3.1374221006830184e-08,0.3276711800180721,4.4677580164650695e-08,0.430718647733131
1,8,17,0.0,0.3527314834002556,0.0427369476229556,0.0,0.6660562039925868,4.582921540927923e-05,2.6885839937799704e-10,8.046465971707077e-09,0.0073713467589848,0.7687485515018706,0.9999999999999908,8.363395484714695e-13,0.9999999999999986,0.448818897637795,0.039390088945362,0.3609707817846801,0.5555555555555558,0.0578386605783865,0.2926301491028558,0.2392426850258174,0.1391941391941391,0.1000483155230076,0.0568189750721178,0.1199788230243408,0.1577077881556826,0.190811308842167,0.054347507451891,0.0896902366128121,0.1367983883456698,0.178584509351074,0.272272928417018,0.362248050550014,0.3403097495267018,0.3726123432248751,0.2947630322330177,0.3694003171148417,0.333447043025539,0.3895245622181834,0.604458781070373,0.0432569974554706,1.8278737988087965e-07,0.084084084084084,0.4907466496490109,0.8502836718859035,0.7954920527679077,0.9167768635833776,0.179595550468706,0.5771568175919035,0.3225761499388701,0.2903600008245757,0.3840959088704712,0.274576513397289,0.4436269624776875,0.2668683060264623,0.4362802948637201,0.9275552081852614,0.1109228135994587,0.1335257373440755,8.922888953767693e-08,0.4107099824621658,6.723410392151656e-08,0.4182524522506547,4.4099108937377824e-08,0.4033480951589857
1,8,18,0.0,0.3816067852548981,0.0638108637413668,0.0,0.7222868518185136,4.582873267283322e-05,4.120162237160159e-09,6.528417611357399e-09,0.0003653676034234,0.8786454005062914,0.9999999999999936,2.5038040065062826e-13,0.9999999999999982,0.5196850393700786,0.050825921219822,0.3343895137435811,0.5833333333333335,0.0730593607305935,0.2566939280096862,0.2289156626506024,0.1208791208791208,0.1109000911387983,0.0754676217391836,0.1038098431482275,0.1559704595611935,0.1908987397672504,0.0752610078114181,0.0841915131610803,0.1433367550176182,0.2047897695191359,0.3186903615695318,0.3888486440030889,0.3779174520636698,0.4129354828702072,0.3522991163328542,0.413140112908904,0.3852500084536601,0.4594688337188836,0.5186715791318113,0.0279898218829516,2.804540351198726e-07,0.0810810810810809,0.3567326100829611,0.8658846697671905,0.8857892507902854,0.9619821279074214,0.1406862874473514,0.4832775526457088,0.2804798639612794,0.2958324373212155,0.3781086210218585,0.4379776977861749,0.6854019484556529,0.4017217498416828,0.6752545299491088,0.9334336733050452,0.1174828387524951,0.1403501923624969,6.732667567812869e-08,0.3551184423980092,3.105811391792734e-08,0.3241255504127867,3.59752013057763e-08,0.3526781323026621
1,8,19,0.0,0.3746616067272836,0.0549070422487828,0.5,0.7725604546960144,4.582135476476535e-05,5.923037087722417e-09,6.83345191111918e-09,0.0002566393593082,0.8774190592312733,0.9999999999999898,1.968873735176528e-12,0.9999999999999972,0.448818897637795,0.036848792884371,0.3764821151765083,0.7291666666666665,0.1156773211567731,0.2120166793025018,0.308089500860585,0.1483516483516483,0.1243992504491202,0.0368220407643228,0.0952319492637787,0.1645345379178416,0.1983122878986786,0.0360535185863893,0.0827449558895891,0.1430798439892084,0.2028504835792365,0.2876496928285243,0.3791243230037465,0.3823776570294952,0.4163237511629545,0.3160064355992223,0.4038258136841536,0.3777389358892936,0.4504587827889102,0.6441993273685851,0.0254452926208651,3.5395551468905866e-07,0.093093093093093,0.5443522654754309,0.7212589021100091,0.7469214106606685,0.7966295401747816,0.1925843869687631,0.6511030095412534,0.2902488756455697,0.2904419063193595,0.364791990500978,0.2498152479956955,0.6396852824910069,0.2302553519618912,0.6423146607804583,0.931408909147663,0.1238452240419234,0.137969389596984,8.00234419345572e-08,0.3687523701731172,3.157983486532035e-08,0.3143801219903232,4.378550843455815e-08,0.4191718276880153
1,9,0,0.0,0.4643596729500493,0.1312988962988826,0.25,0.7954752175037639,4.5783499154602666e-05,9.023451510172632e-09,1.0210420423398758e-08,0.0002458340215989,0.9288963178049628,0.9999999999999934,4.867474390939704e-13,0.9999999999999972,0.448818897637795,0.025412960609911,0.4659705770524406,0.4201388888888888,0.1491628614916286,0.1125879243534664,0.2134251290877796,0.086080586080586,0.1435779891615776,0.0614135210636053,0.1309921836108551,0.1636695131917153,0.1783853646369175,0.0611831194817574,0.1126771766086731,0.1552820706379774,0.1875446890433819,0.3240015374464849,0.4318421262395157,0.4029758280417964,0.4240644105118248,0.3557345215224818,0.4554628479820135,0.4097015024979246,0.4631934435265801,0.4825175438472704,0.0356234096692111,1.606825201726802e-07,0.09009009009009,0.1155073388640715,0.8651342750170019,0.7238294220659514,0.8891998684647304,0.3260802119158554,0.6808175671588307,0.269726535643429,0.2208384909934941,0.2792770605010108,0.5046439335171833,0.4398909792591688,0.4822080570334364,0.4958759742157317,0.9397064053679705,0.1095854395525756,0.1376421171758825,3.3780969390525966e-08,0.2961059981361792,2.254276289460161e-08,0.2864859665759198,2.3732939020703995e-08,0.2709423946947148
1,9,1,0.0,0.3625669853908611,0.0492702099087319,0.25,0.7317440116332469,4.578016042263605e-05,1.707101820324638e-08,5.2240234872294706e-09,4.604446751579913e-05,0.904820660050471,0.9999999999999926,3.8758482016155787e-13,0.9999999999999976,0.52755905511811,0.1232528589580686,0.1662312828844856,0.6944444444444444,0.1293759512937594,0.1855750094768764,0.2030981067125645,0.2967032967032967,0.0252489035147559,0.045884100770398,0.1597721012665971,0.1991838502374891,0.2179160696995412,0.0450549593426668,0.1259603601851771,0.1685148707648759,0.229863804405537,0.2531478730756963,0.3889935433746119,0.3648851823857578,0.3837282535185431,0.28598515596095,0.4080900858738929,0.3614269286762356,0.4332227558851386,0.5858652587493309,0.0432569974554706,2.974562454326772e-07,0.087087087087087,0.410338225909381,0.8552976134421582,0.7979019943980648,0.8660108049076025,0.1930810535409959,0.6401201443991422,0.3327983823373436,0.2475775858801352,0.313495095872232,0.1991659761008414,0.5184698095382304,0.203350675268364,0.547528926858048,0.9177662384839405,0.1563267731677551,0.1818209688225165,3.1440231957936824e-08,0.3471036567522141,5.8275085831542966e-08,0.4473999490605196,5.858007218604055e-08,0.5037582162912116
1,9,2,0.0,0.3689969904618632,0.058052350207247,0.25,0.5696502943064988,4.578321498320462e-05,7.836510979605314e-10,7.969627439883871e-09,0.0024886600715855,0.8471683220041146,0.9999999999999905,4.780915323259805e-13,0.9999999999999972,0.5984251968503935,0.073697585768742,0.2792951893241443,0.5555555555555556,0.0989345509893454,0.1956766264125058,0.2925989672977624,0.0879120879120878,0.1948296468507998,0.1183543637719655,0.143376145635476,0.1944991416143326,0.2145014670865226,0.1140005321561049,0.1202689253915743,0.1657048534332341,0.2093965293317467,0.3004895845709766,0.3520141228153643,0.3411622495921211,0.3598502862772358,0.3266838003992026,0.3779343242806555,0.3356329968114351,0.3902955545016631,0.7033521761939334,0.0407124681933842,1.1032965780548093e-07,0.099099099099099,0.3031269942565411,0.537145680709719,0.6748183853542189,0.6984137892823945,0.2306576288904355,0.612024986926948,0.4071008556858321,0.221541146186502,0.2850432394799806,0.3022273102935094,0.3638330468223727,0.2928562930472618,0.3941677817061813,0.9160498594602948,0.135765368600726,0.1669491298452172,9.11123927131499e-08,0.4439276269177209,4.184942753152791e-08,0.4106749450008937,5.753171251096192e-08,0.5164053075103096
1,9,3,0.0,0.4156622006408892,0.0993562646062781,0.25,0.7412017851061642,4.578375308304357e-05,2.3461773201133293e-08,5.816474388188778e-09,3.0799896615693666e-05,0.92837942209388,0.9999999999999956,1.7321909474144045e-12,0.9999999999999984,0.448818897637795,0.0851334180432019,0.2051359904993358,0.7152777777777781,0.1308980213089801,0.1880690638651215,0.197934595524957,0.1025641025641025,0.1121215191845032,0.0748935295859518,0.1302350355989677,0.1760545435059333,0.1943538401053789,0.0763126836904982,0.1045063682845332,0.1534937869714892,0.2083210765331655,0.3044290282495078,0.3938341317419164,0.3765820600156002,0.3976372246208008,0.346551773071986,0.4245388527213808,0.385821634141366,0.4543616874862556,0.558016881932597,0.0458015267175572,2.4892999169440683e-07,0.0960960960960959,0.3835354179961712,0.7114890735985151,0.8242803406802892,0.8441705264240911,0.1336486457767504,0.7050856094683242,0.2719323235128352,0.2234946528012764,0.2796303891362099,0.3986308185249074,0.4820573990299051,0.4222045019263642,0.5350524195361114,0.9314175995800138,0.1491078445709774,0.179765991573409,2.5104442790137932e-08,0.2690676922303113,2.0659109283356388e-08,0.2992725442214254,2.8429005174608795e-08,0.3567906453408171
1,9,4,0.0,0.3516248882693801,0.0445260852600685,0.25,0.6966270215759073,4.5777176638806486e-05,1.916106984354577e-08,5.3114464714425534e-09,3.863054724448714e-05,0.873332089154492,0.9999999999999896,4.2472816103446097e-13,0.9999999999999952,0.448818897637795,0.0495552731893265,0.3096229195220762,0.3958333333333334,0.0989345509893454,0.1540161648434962,0.2650602409638553,0.1556776556776556,0.0993041480419199,0.0786952687963888,0.1188854740189373,0.1787277823322035,0.2466607134326238,0.0760596526549248,0.0807081948568712,0.1536595115032629,0.2515941975404914,0.3085746475297466,0.3851341927078637,0.3801198218129012,0.4401944670272675,0.3331701414856581,0.3847195740836767,0.3710240660555227,0.4737444674086509,0.662974268381467,0.0432569974554706,1.504428689602016e-07,0.099099099099099,0.2495213784301213,0.8512217915943041,0.7662307333475402,0.835266709699884,0.2383941426730249,0.6252596512841503,0.3846778204848867,0.3755284972240784,0.4307655187521595,0.276656938734532,0.6076064258358274,0.2327286128907416,0.5749730933634185,0.9209554621842624,0.11243027149931,0.1320611674011687,6.352348920406066e-08,0.464754158485238,5.32035188405468e-08,0.433577105868529,7.751063723682429e-08,0.4766624413767493
1,9,5,0.0,0.3460501722896193,0.0414330672831553,0.5,0.7422655514677219,4.577528079088564e-05,4.332434710039442e-09,5.199192213641733e-09,0.0002735326319388,0.8859146803046424,0.99999999999999,6.938655608128177e-13,0.9999999999999956,0.448818897637795,0.0864040660736975,0.2026482064749848,0.996527777777778,0.1582952815829527,0.2093278274992757,0.1807228915662649,0.1227106227106226,0.0836324798260305,0.0632940603833581,0.1762266918584214,0.2080132626219132,0.2364151708388362,0.0609643102951107,0.1462848533201659,0.178545539166172,0.2318870022784965,0.2918354754492217,0.4314182474568081,0.3985613285205526,0.4268543533637962,0.3157567638002869,0.4461109398184902,0.386745848576591,0.4521436300871303,0.6367609071912796,0.0381679389312978,2.0725162429490198e-07,0.099099099099099,0.2495213784301213,0.7832751667742044,0.6717349758939584,0.7121295968679524,0.2843909159490593,0.7010874770439107,0.3150526581146217,0.4371216242343567,0.4982743405180398,0.3789544004142138,0.6243143849936125,0.4573181423750942,0.6514025958285377,0.9218583365748244,0.1323063727014209,0.1640654342117025,3.0006182807756767e-08,0.3253859146545086,3.368224770989616e-08,0.385089914430623,5.1219603532171286e-08,0.4703423705003543
1,9,6,0.0,0.3774301889499928,0.056255098506716,0.25,0.7479027498548234,4.578521615471184e-05,2.0822959599521904e-08,5.46962292846648e-09,3.48021763777736e-05,0.8636559463090254,0.9999999999999912,1.0837065506381764e-12,0.9999999999999988,0.448818897637795,0.0482846251588309,0.3152531675771863,0.78125,0.0882800608828005,0.2785035519825133,0.4888123924268502,0.1391941391941391,0.2195552115450064,0.1127663129633095,0.1443109283251248,0.1961231324969463,0.217777843343108,0.114065088382743,0.1175239416421962,0.1840832216166916,0.2378544606642992,0.3204268120984617,0.3873194522855514,0.3747890205928693,0.3970001879540769,0.3617355637142544,0.4195390832275117,0.3944118978553262,0.4601322519041565,0.7031173629865051,0.0330788804071247,1.7145478907128947e-07,0.087087087087087,0.3835354179961712,0.7997824465896199,0.7534374323184583,0.8738423649153382,0.2612608443504252,0.7060012483247298,0.3296963373437206,0.2865120396152172,0.3626319052625324,0.3381514228721728,0.4414794091588829,0.3634201435097638,0.4723326779530447,0.921682753379356,0.1377821853548502,0.1643781127137536,3.48440991965942e-08,0.3615130945347593,5.1744975136605893e-08,0.4046141577142364,3.037948949581308e-08,0.4165586395288629
1,9,7,0.0,0.3779221864838564,0.0596127800513179,0.25,0.8214211531597868,4.578346468240636e-05,1.5490608223314278e-08,6.936021446405218e-09,8.006034429750652e-05,0.9396196545597004,0.9999999999999932,1.31219657823644e-12,0.9999999999999992,0.5196850393700786,0.0127064803049555,0.692000617222318,0.6770833333333333,0.0684931506849315,0.3012428775350645,0.2977624784853699,0.1391941391941391,0.1280706221764418,0.0734618885696564,0.0909528289159264,0.1447902851782478,0.2047275662690055,0.0715577746760441,0.0747192240607445,0.1217163223901931,0.2100317327335981,0.2835494326566022,0.3310047599456582,0.3259380905340845,0.3808814043939658,0.3125925515730556,0.3569409824852936,0.3234147828146047,0.420303314113209,0.5599417711488597,0.0559796437659032,2.4892999169440683e-07,0.099099099099099,0.2763241863433314,0.8210085554824036,0.8168418355211307,0.8545207415450711,0.2012016914472687,0.6983601613721979,0.3205892741854634,0.2412358067263211,0.3072727230098535,0.4373810108882616,0.5072540227217821,0.3949760266120091,0.532614371027859,0.9321963936647232,0.1027340765479667,0.1190847227396916,9.411065683715393e-08,0.3780543010545569,4.6724085281724726e-08,0.3449487631102166,4.197476527849887e-08,0.4477542898964166
1,9,8,0.0,0.3903862802018929,0.0674548481316512,0.25,0.7209751093171448,4.578374038349414e-05,5.344843056711757e-09,6.095982498738359e-09,0.0002552874129801,0.783508189994854,0.9999999999999916,9.582673399905449e-13,0.9999999999999986,0.448818897637795,0.0241423125794154,0.4785303611753785,0.6458333333333335,0.0715372907153728,0.2814675373905851,0.3459552495697074,0.1355311355311355,0.1552508262642038,0.0801070963663807,0.1078173487241964,0.1363001287556746,0.1566091240932639,0.0784884111630394,0.0847476096615348,0.1123069309029317,0.1678516764216823,0.2985445400073127,0.3599980995160391,0.3312169836851284,0.3537613281576992,0.3287257604296242,0.3807067542579107,0.3279310129381076,0.3975174191404502,0.6241669052862968,0.0229007633587786,5.5412401140555184e-08,0.078078078078078,0.3031269942565411,0.7803846408844173,0.8497975129254609,0.9316263740023314,0.1525050820003227,0.6893999789763054,0.2373819780680711,0.2124015165767216,0.2663435898778425,0.206512347212332,0.5871708206459991,0.194035827507593,0.5919412431494708,0.9393922460113096,0.1363737030286072,0.1681641155536576,2.6208305900417113e-08,0.2623236213622137,2.0492401230728226e-08,0.2978575618785837,4.081245727444075e-08,0.3670720286971656
1,9,9,0.0,0.3809448608970656,0.0604074848819444,0.5,0.7480109185719142,4.57818830407062e-05,1.6429858860635853e-08,5.530446522931992e-09,5.3482186534320014e-05,0.9365288852600177,0.9999999999999928,1.360844882181795e-12,0.999999999999998,0.448818897637795,0.013977128335451,0.6091521160539323,0.7951388888888891,0.1476407914764079,0.1844651528718203,0.163511187607573,0.1172161172161171,0.0786194927880286,0.0733568362461332,0.126275600374011,0.1522847492820438,0.1835833406161385,0.0722412184774391,0.1023489626502906,0.1347657604946615,0.1857178528710942,0.2931180762696412,0.3772791331698265,0.3446281537138177,0.3758526276793318,0.32511223947524,0.4008087272812218,0.3491732415293632,0.4142192845327861,0.4596063633655953,0.0458015267175572,3.341597879552815e-07,0.0960960960960959,0.1691129546904914,0.7365077798257711,0.7467238987095453,0.8700819518657283,0.1484686116370894,0.7755217071924908,0.2876009704780852,0.2409587726855211,0.2996384960763425,0.1184456286265066,0.5883264252589938,0.119672901351749,0.5844844364745634,0.9360498032530108,0.1097784768940374,0.1305747178861403,4.3455358145386816e-08,0.3663498447754569,3.2714164730922806e-08,0.3508973097893125,3.9814531243632784e-08,0.37814314763164
1,9,10,0.0,0.4686231443439486,0.1703742604184867,0.5,0.6274129146534899,4.577839635810454e-05,1.1214538096155405e-08,7.484011388380197e-09,0.0001342367856928,0.9698676082945332,0.9999999999999905,1.5265582758454868e-12,0.9999999999999982,0.6692913385826771,0.0597204574332909,0.3547302453330355,0.3819444444444443,0.0410958904109589,0.2820689257342519,0.3752151462994835,0.172161172161172,0.1325742071743151,0.0765648264045412,0.1343240090366465,0.1982368895481176,0.2276025748758189,0.0756093334072576,0.1103392890523963,0.1740651742388069,0.2327671295517913,0.2663855202065032,0.3473715214457418,0.3488410478110443,0.3760912204211596,0.3022477993206992,0.3792559352815305,0.3556420038777479,0.424455865532937,0.5740396043420373,0.0534351145038168,9.880283198473549e-08,0.09009009009009,0.2763241863433314,0.7909313338318831,0.7296679959397121,0.6839589804323567,0.213099591228229,0.7397830680158701,0.3836420810631282,0.3901088898190927,0.4572239158417379,0.1797136366094909,0.4805220977198576,0.1531685877476139,0.5028726298504562,0.9157717721563724,0.1293409805164182,0.1552078493223087,6.933820935590588e-08,0.4404368428229352,5.497182044571009e-08,0.4624248752402212,1.040647455253202e-07,0.6280187650415373
1,9,11,0.0,0.3757870661759535,0.0581788740448028,0.25,0.6757987624631951,4.577506478724168e-05,5.6808473580269605e-09,5.602429246553669e-09,0.0002178128014292,0.8293784062606969,0.9999999999999882,2.435362588168162e-12,0.999999999999998,0.448818897637795,0.0241423125794154,0.4785303611753785,0.8194444444444444,0.1324200913242008,0.2077407305420058,0.4388984509466436,0.1025641025641025,0.2586928846690794,0.1173815324692185,0.1268848371820712,0.1549177058732199,0.1785224259980181,0.1134220717437959,0.109959783159747,0.132773932464689,0.1846047975105232,0.3573468157891493,0.418854087921799,0.387127107676839,0.4141753967169324,0.3799200985307924,0.4362848444105816,0.37577113491179,0.4430504726800485,0.5686356467498555,0.0381679389312978,1.555626945664409e-07,0.087087087087087,0.1691129546904914,0.7362194912579612,0.8009915685925488,0.7576715902364781,0.1704122219788815,0.6258043002865878,0.2468585137417403,0.2081976382090322,0.2560038809195055,0.2220267092377615,0.6614933373690914,0.2086154021767504,0.6735337954722435,0.94126163405028,0.1323148946998979,0.1609103825450629,3.582363052257236e-08,0.2759089819366275,3.363679633534125e-08,0.3306837352453048,2.8771142993698683e-08,0.3486690757026768
1,9,12,0.0,0.4475995489488278,0.1244588299557146,0.25,0.6582813521783777,4.577964557374046e-05,8.178833898305868e-09,5.5456995528048345e-09,0.0001399463393783,0.9037412434771468,0.9999999999999925,8.014844823521669e-13,0.999999999999998,0.448818897637795,0.0838627700127064,0.2076823106183773,0.6493055555555556,0.1461187214611871,0.1583633434420015,0.3476764199655764,0.2252747252747251,0.0887844471623135,0.0947951392556627,0.1419269421645714,0.1794089767118451,0.1744187685938519,0.0928435784991009,0.1188329951695047,0.1566833257626572,0.1822099466577555,0.3093962631551371,0.3902005568599951,0.3656102042920992,0.3666300680531639,0.3393964596362353,0.4147670123478165,0.3649909356060245,0.4078905509908904,0.5888290471187991,0.0356234096692111,1.555626945664409e-07,0.078078078078078,0.3299298021697512,0.8659285355164017,0.8273030053845121,0.8908243826456408,0.2215237450780702,0.7060709826920503,0.280874677393551,0.2655536284982878,0.3204509433978915,0.1928133078270329,0.628688188854614,0.1939465559910417,0.6312424372638068,0.928805972325434,0.1495036807324676,0.1871194506288844,4.1074426662131575e-08,0.3204806790344144,3.358018460813723e-08,0.3453189558758543,5.143585832056115e-08,0.3841453171799686
1,9,13,0.0,0.3628301653319353,0.0520270362943357,0.25,0.6457520375435782,4.5777292650508135e-05,1.150552714428274e-08,4.348228578111308e-09,6.573687345518361e-05,0.8604819191312414,0.9999999999999916,-5.0871731550579744e-14,0.999999999999998,0.448818897637795,0.0355781448538754,0.3847328244274809,0.78125,0.1004566210045661,0.2514441087276458,0.3321858864027537,0.2197802197802197,0.0864791167343029,0.0896940452262275,0.1301632692165504,0.1747961873149883,0.1842417372676011,0.0858712608427022,0.0958678326309296,0.1470837164543876,0.1785839347920915,0.3083282546525272,0.3833718884058901,0.3657001241059536,0.378944926318819,0.3302047999703311,0.3864962884182156,0.3525798455500623,0.4003760141487288,0.7786366658514567,0.0407124681933842,2.642924720282939e-07,0.075075075075075,0.7319719208679003,0.6826498879483629,0.7413261355618275,0.780704542316843,0.1679204138065031,0.6794790048553786,0.2669204644034373,0.3099972829588791,0.3981352669201481,0.1527696397061574,0.4185085892820311,0.1844908227023206,0.4290838800156868,0.9345195737004692,0.119625389441079,0.1441051855620974,7.47601351593283e-08,0.3470609218050448,4.08779591665575e-08,0.3462195241024806,4.6530704157064055e-08,0.441748534702655
1,9,14,0.0,0.3606674878565876,0.0490945264113579,0.0,0.571158270020221,4.577628253484884e-05,9.142674046633842e-09,5.341920448809451e-09,0.000116583659936,0.7769778455041813,0.9999999999999926,2.4021133736970763e-12,0.9999999999999972,0.5196850393700786,0.0127064803049555,0.692000617222318,0.75,0.1628614916286148,0.1612614625076718,0.2908777969018933,0.1007326007326007,0.1714814880436677,0.0386704667334642,0.0876796450414207,0.1392849825889078,0.1502468558501424,0.0381611571778678,0.0721111093024847,0.1196853034491165,0.1558652830854894,0.290393658622628,0.3743242846023111,0.3644742551020295,0.3816841865513813,0.3211086332128436,0.3976556706843889,0.3628002633730123,0.4184836535341164,0.6252087271533284,0.020356234096692,9.521277771317773e-08,0.063063063063063,0.3031269942565411,0.763305902219058,0.762789330689678,0.8752860924415073,0.1970314183135012,0.6758488820900648,0.2278206311802355,0.1557762532158575,0.2004674796317225,0.180443520665861,0.4044788109631391,0.158348678621951,0.4516474542342238,0.9474570826020108,0.1204741631795927,0.1406762508871632,2.8496554872180353e-08,0.274197169521283,1.7172737661672734e-08,0.257394714774697,3.172126860102641e-08,0.3202125799302467
1,9,15,0.0,0.4263393706783162,0.1022970033173752,0.5,0.7303673526046278,4.578127860738497e-05,2.0509965063320813e-08,6.819156616944536e-09,5.134257628837273e-05,0.9092351570485292,0.9999999999999964,3.16318391090282e-13,0.999999999999999,0.448818897637795,0.0355781448538754,0.3847328244274808,0.75,0.0837138508371384,0.2809067833944634,0.3270223752151462,0.1410256410256409,0.1401904866949705,0.0765920051301879,0.1285518777133128,0.185053532024651,0.191436015729159,0.0757849462683285,0.1076686884653844,0.1620578050217963,0.1959353133049252,0.2983060989700914,0.3826803637918499,0.3749137302443049,0.3855744545673382,0.3316223856912556,0.4105445542160279,0.3766612886044286,0.4270526714946266,0.6464082248118745,0.0432569974554706,1.4070950100029565e-07,0.072072072072072,0.3835354179961712,0.7759490451411142,0.8445493768639274,0.8488693079339402,0.2091103628450879,0.6547212859728209,0.2419765767698462,0.1778570662332563,0.2324812420437958,0.1260633708894193,0.4662476961021756,0.1024057499108984,0.490707135760652,0.9202002345559832,0.2120757773774945,0.2525958306193057,2.8289388065068794e-08,0.2243955847781266,4.205527457775596e-08,0.3807361151392793,3.096344781458437e-08,0.4036084288410477
1,9,16,0.0,0.4020433035207035,0.0827231052900974,0.5,0.7523285532077827,4.578360090677135e-05,1.0904243902418386e-08,6.819744380896578e-09,0.0001245889674941,0.9381721553193016,0.999999999999995,1.1072851730098009e-12,0.9999999999999982,0.5984251968503935,0.0864040660736975,0.2458933032387026,0.6215277777777779,0.1750380517503804,0.1300904617360506,0.1807228915662649,0.1373626373626373,0.073204682742093,0.1017494867149956,0.125363722002615,0.1819587879849551,0.1966595326894233,0.100761425477642,0.0994398633941,0.1689839925747692,0.206705456615082,0.3066572519947113,0.3629788660180907,0.3568730269961437,0.3731162916803742,0.3413148449852937,0.3885120513195312,0.3702722879556769,0.422330878307423,0.6046935942778018,0.0279898218829516,3.063995374237675e-07,0.102102102102102,0.4371410338225909,0.7655408827853032,0.7875297323677906,0.8785907532478494,0.1731642912849875,0.7525800013696473,0.3744674387969589,0.2548032727934226,0.3144750270989922,0.4034653976632166,0.5517966996509298,0.3644974939972589,0.6025711799243496,0.918606134864418,0.1411187247843895,0.1644582033539009,6.894967666939193e-08,0.372028320311223,3.7337163313541595e-08,0.3815248495611585,3.908312832383708e-08,0.4264980992846199
1,9,17,0.0,0.4061141573413941,0.0895596881780764,0.25,0.6491812344243345,4.577856327781936e-05,7.562692763595082e-09,5.887056347153714e-09,0.0001645859929502,0.8871770017916335,0.9999999999999928,1.2486790200189493e-12,0.9999999999999996,0.5196850393700786,0.087674714104193,0.2204687038853924,0.6805555555555556,0.0441400304414002,0.4062430897776094,0.3304647160068846,0.0695970695970695,0.2667692660325153,0.0592783375404785,0.1152044171593704,0.1641007444572837,0.1702204031303076,0.05852636763044,0.0881935960903455,0.1503547183600556,0.1768345012947736,0.3021575319705803,0.3931403608532399,0.3790059626827649,0.3917571688963946,0.3331927271114827,0.4090775746732469,0.3835812325573147,0.4304079474761775,0.4886236257224019,0.0254452926208651,1.3145738392354694e-07,0.072072072072072,0.3031269942565411,0.8641470936100015,0.8045212545976872,0.9028123923679736,0.2254518297661482,0.5944259945908772,0.2765082352924701,0.282169274124689,0.353048307451663,0.1641470328003201,0.5611290969336055,0.1341358127424242,0.5646122986671518,0.9348072956979084,0.119370737542955,0.145588113632868,9.024137698710269e-08,0.3491882603865539,4.067227945704385e-08,0.3787360711426664,3.292871074754355e-08,0.3548544292748495
1,9,18,0.0,0.4325793836969703,0.105862649841966,0.5,0.717654730825005,4.577846897267067e-05,8.209784883145272e-09,7.927436633189235e-09,0.0002077422446775,0.8530869378349041,0.9999999999999956,2.199877434689722e-12,0.9999999999999988,0.5196850393700786,0.062261753494282,0.2886363284455661,0.6458333333333335,0.0532724505327245,0.3460165529441496,0.3046471600688466,0.1520146520146519,0.1196574019785121,0.0935315048907725,0.1142249836642662,0.1391068878972414,0.1613851865769277,0.0953473959498343,0.0977233546460447,0.1343742344427139,0.1749241595729266,0.3533266207180779,0.4271085377937907,0.3938936554356089,0.4212051698808639,0.3905971005703514,0.4558084547790315,0.4076206189635825,0.4687460819372327,0.357471227902066,0.0279898218829516,1.8278737988087965e-07,0.084084084084084,0.1959157626037013,0.8869787870756118,0.9113206281513736,0.9784269876264612,0.1227729817007163,0.6197152097389736,0.2195032049209927,0.1746610593147097,0.2075003001783917,0.1631130863379552,0.4388966349926891,0.1539735395913231,0.4799083013358917,0.9477402024085032,0.1283429556396732,0.1614817047120465,4.23849281529022e-08,0.2569272598256356,1.6568526858070523e-08,0.2325159337870092,2.8562727778630962e-08,0.311208664026805
1,9,19,0.0,0.360721754176931,0.04429143296265,0.0,0.6984451183396826,4.5775474548015725e-05,1.5460404662164857e-08,6.814250352663704e-09,7.842059565041714e-05,0.8629368830737196,0.9999999999999932,1.723340065520418e-12,0.9999999999999982,0.448818897637795,0.0724269377382464,0.2336145707780902,0.7152777777777781,0.1324200913242008,0.1862098931437482,0.2943201376936316,0.1007326007326007,0.1736040479352251,0.0828614518565018,0.0944810662671371,0.1301672348174045,0.1398609211994093,0.0820422592436577,0.0818750542618151,0.1130898901897181,0.1543681688619131,0.3556020781469536,0.4252049855946911,0.4007857388293561,0.4204981777086125,0.3835881190275305,0.4448518899958234,0.3950371090861458,0.4574811723204778,0.7291054722223569,0.0330788804071247,1.8278737988087965e-07,0.0690690690690689,0.3299298021697512,0.6849814594467798,0.7492411945530009,0.8906554830903386,0.1908845816530855,0.6383412330436009,0.1780865243987129,0.1676506673724918,0.21134188152456,0.2927061244116995,0.6939278788600943,0.2584576724234269,0.677704540114485,0.959031052374693,0.1076388500325261,0.1275774729536159,2.321008348281676e-08,0.2364262205586326,1.0492358677115057e-08,0.1761606418868083,1.4079556200368736e-08,0.2294031597363408
2,8,0,0.0,0.4392714778862838,0.094521398620649,0.5,0.6568782492611239,0.0079490174910145,0.0024215684197746,0.0027157285543402,0.000232804634904,0.7718242383784122,0.998954169066112,0.0074784262304336,0.9995311002155076,0.448818897637795,0.0470139771283354,0.3210844959199789,0.7083333333333335,0.0578386605783865,0.3513551933282791,0.4664371772805508,0.1923076923076922,0.1507390734936508,0.1166754572305107,0.1386705536587325,0.2001241729647593,0.2630308090917326,0.1133561383231293,0.1081839983678288,0.1655277103028472,0.2202485134229106,0.3575031395244506,0.4296479636634789,0.4217691398834829,0.4768453916182791,0.3817287062140359,0.4370496656352794,0.4038783354203725,0.4723532418345106,0.6706353749251637,0.697201017811705,0.0465080021547011,0.8318318318318317,0.517549457562221,0.4322657954053248,0.5865105734100782,0.7124398881253065,0.2873482657351291,0.6674580089416676,0.189941810252654,0.3868847956137327,0.461419731893522,0.1959324242802709,0.4695444520475458,0.1838444481804412,0.4839876329764647,0.9333594766346252,0.1778193132160366,0.2058567260775791,0.019065039002387,0.2333432703565262,0.0095120377007013,0.2670747882569371,0.0091715984363811,0.288951306273781
2,8,1,0.0,0.4990074236445814,0.1578373461530566,0.5,0.5245687122410577,0.0065175162675589,0.0001404683284873,0.0024793972387674,0.0041327551860194,0.6997596044705464,0.9984673438382086,0.0296474575391465,0.9994053716412006,0.7559055118110232,0.0470139771283354,0.4589892076862331,0.8263888888888891,0.1156773211567731,0.2344389689158453,0.5370051635111874,0.2399267399267398,0.1391943605657147,0.1512712493549706,0.1896258171730193,0.2746678549520279,0.4232628680602749,0.1419035373250107,0.1384930847892943,0.2335022456104162,0.369943513743203,0.3586271030587028,0.4387136164800873,0.448583610864464,0.5726342831435136,0.3726209197697681,0.4256477502171662,0.4237156758808942,0.5576549710061062,0.5797337658539861,0.6844783715012724,0.0489271284220035,0.8138138138138137,0.463943841735801,0.675168150209406,0.5924928937342626,0.5812587022601927,0.2699718965093778,0.72640610274436,0.4067664223125198,0.3491643270152873,0.4414151174777116,0.3891743299761656,0.7653770053829204,0.4042497064310638,0.792658237260439,0.8976757761008399,0.1766867499837685,0.2051908865788856,0.0179049159606825,0.459362350986038,0.0106742103094138,0.5638934885960468,0.0180827945080221,0.5314356457072554
2,8,2,0.0,0.4598972064634926,0.1236787011420471,0.75,0.6891777785170313,0.0092338738589605,0.0023093111979761,0.0040585354062653,0.00038285987914,0.8974002087048167,0.9981188616688852,0.0201457047995714,0.9997981691133632,0.5196850393700786,0.0470139771283354,0.3529086601737299,0.6736111111111114,0.0730593607305935,0.2862158125219241,0.3562822719449226,0.1355311355311355,0.1603034416582373,0.1669884126573759,0.1518525551672302,0.1918238461240919,0.274262285597256,0.165987673303825,0.1169025763465114,0.1763230854856933,0.238301385177421,0.3591558917655817,0.3842912302453489,0.361374665444036,0.4347182269264019,0.3947635788526139,0.4048494786136994,0.374704786001238,0.4469576645382492,0.4429843190677243,0.6844783715012724,0.0352002699459302,0.8408408408408408,0.2763241863433314,0.5674648157437443,0.5220726582712389,0.67924952198035,0.3787123546925534,0.7317318706769322,0.3420533910942505,0.1634854403565226,0.1954408094203843,0.2905818450522725,0.5418806477372639,0.2877650256403893,0.5169873620990768,0.9236843931578756,0.1574087102514173,0.1932660848250892,0.0020535837774047,0.3192067959977445,0.0050140286980285,0.3085285519175026,0.0311800630418733,0.4347021158099402
2,8,3,0.0,0.409232249914898,0.074406241130558,0.5,0.7013881531970418,0.0087034705042431,0.000801709432012,0.0035216268501163,0.0010046030025029,0.8705109108714323,0.9986940754338536,0.0022928849141437,0.9994819063762292,0.448818897637795,0.0724269377382464,0.2336145707780902,0.6840277777777779,0.0669710806697108,0.3085825150125757,0.3580034423407916,0.1703296703296702,0.1271276351745907,0.1136715647144647,0.1985864722691975,0.2939839850730573,0.3478282180058815,0.1137060448752993,0.159274906019048,0.2088204880017475,0.3186333572190906,0.3298060305382465,0.4489911147633688,0.4662034198935189,0.5133282395677145,0.3662141378309443,0.4675682904058583,0.4206680689289692,0.5307043351730905,0.4661764446378336,0.6946564885496185,0.0266247242172448,0.8498498498498498,0.4907466496490109,0.5346311306584552,0.5591194736468648,0.645183640406187,0.331063808118785,0.7481572260642411,0.2485666741198401,0.1991671164612751,0.2386802550296254,0.0867675465664922,0.5491127876002435,0.0593290421466558,0.551025959325155,0.9264895331126716,0.1963865595929514,0.2315058642484505,0.0100804775451952,0.2452663050849529,0.0165320571170223,0.2703890743613289,0.0107408164289237,0.3971375537798077
2,8,4,0.0,0.4783795800913504,0.128534049559752,0.25,0.5578755665930587,0.008903840877748,0.0013755055352013,0.0033788491444016,0.0005477758316661,0.8691520567297412,0.9986745004314248,0.192029814344571,0.9996446424019938,0.6062992125984249,0.0609911054637864,0.3256232656145436,0.8819444444444444,0.1887366818873668,0.1612361292990557,0.5335628227194491,0.1703296703296702,0.1983194412670991,0.0347223962304832,0.1351709826227465,0.2015990454969262,0.4132384382628845,0.0334074731214775,0.1036166951392249,0.1642523294190187,0.3550679539420215,0.2090704944907639,0.3254339906209988,0.3312888151169996,0.5284485610322416,0.2368624243231201,0.3423871109744348,0.3193572145843525,0.515844584086045,0.5209668461580921,0.697201017811705,0.0253083048201936,0.8258258258258256,0.3567326100829611,0.70794403389757,0.5737072652217661,0.4562353890916664,0.3856563351315463,0.7740476034407793,0.4447534053074223,0.4272775808240088,0.5251982127455199,0.3254381166754958,0.2810395240174324,0.2983467632422918,0.311581577740783,0.9047227134593516,0.1296005080376418,0.1519924615077524,0.0527637139297224,0.5518109050161952,0.0269639560393917,0.4898575837526409,0.0288492222546711,0.6116099634829875
2,8,5,0.0,0.6369422010446602,0.3779165845767599,0.5,0.4736396576805285,0.0075050027435287,5.454197138079301e-05,0.0025752706473578,0.0111083918522243,0.9028268170018712,0.997094345060944,0.0027909539139454,0.9995780003531446,0.5196850393700786,0.0838627700127064,0.2286488188326133,0.5729166666666665,0.1765601217656012,0.1211708154325667,0.559380378657487,0.1373626373626373,0.2564751766045279,0.1368150519761076,0.2635005894229205,0.2907189610988176,0.2847756565176452,0.142032769217969,0.2122285591843326,0.2682565458724448,0.2950669033540433,0.3943617796277204,0.5569530971447801,0.5132041211081655,0.5206448482977102,0.4343697757458954,0.5653640119646368,0.5144795389943807,0.5645217090000575,0.5797337658539865,0.6819338422391859,0.0334598463426799,0.7837837837837837,0.3835354179961712,0.8886780819764155,0.7412407760669311,0.9020343103200664,0.3069197715603427,0.7372790965590441,0.3358422576379674,0.3897282958889783,0.4659775534698003,0.666344468017507,0.578509607752918,0.6226218072991233,0.5985074209355543,0.917692318080576,0.1373463195448698,0.171617292565012,0.0068140170477029,0.3536507465724834,0.0100786027864924,0.3651812543033153,0.018057033076633,0.3515651157122321
2,8,6,0.0,0.854222471873434,0.7442049092537405,0.25,0.4985322050939672,0.0089855302219063,6.166336255095278e-05,0.0046041187110729,0.0175847085352864,0.8476015784204504,0.9993591736752844,0.0016064285546604,0.9999385958864404,0.448818897637795,0.0216010165184244,0.5057432267750771,0.6840277777777779,0.0578386605783865,0.3420125726560526,0.4716006884681582,0.205128205128205,0.1423860901455491,0.0617618331159345,0.1454400843924875,0.1878456101112547,0.2463175540248365,0.0633602418005598,0.0887163257458197,0.167803721235504,0.2328655923714032,0.3317466808917237,0.4525398631790414,0.4291146055039786,0.4808406570333196,0.3710104331723947,0.4505346577724641,0.4334411762976727,0.5102543620361395,0.6067766587445012,0.6590330788804072,0.0489271284220035,0.8198198198198199,0.3835354179961712,0.6821851104866821,0.7579170380931375,0.9125556446520072,0.1446450987895938,0.8008367984524409,0.1982959551052049,0.1805888335866676,0.1816843216534662,0.2514809346822008,0.3842697302461385,0.2425687766799883,0.4020621411821393,0.9397839128889508,0.186251271430531,0.204758827493428,0.0044267423176837,0.1874809367700109,0.0128599933471533,0.2272706840968091,0.0108327003192065,0.2706016509324525
2,8,7,0.0,0.5618456473948965,0.2423455316504555,0.75,0.6595418584859561,0.0093976315512421,0.0024519647266624,0.0048793678613939,0.0004377198139483,0.7791817190835431,0.9984921113523292,0.0006249654616086,0.9998691756495148,0.448818897637795,0.0241423125794154,0.4785303611753785,0.6145833333333335,0.0547945205479452,0.3271129126748914,0.4354561101549052,0.1575091575091574,0.1717366034152491,0.1283613475150533,0.1268002490022807,0.2495871065503785,0.3402183334550052,0.1247859678043665,0.0999469125333767,0.1812859491552312,0.2835619148328385,0.37302419384339,0.4302090272432677,0.4668531215083797,0.5405673161155213,0.3966710520544252,0.4383532074029908,0.424067098712042,0.5270045092678926,0.6496581417441374,0.7048346055979644,0.0379699039349234,0.8438438438438439,0.517549457562221,0.7557918460147324,0.6380875428662867,0.7848437535311605,0.3190639067649086,0.8332163020113104,0.2582855080657579,0.350659050348995,0.4049582858594895,0.465483624322125,0.6186427900335096,0.3600770009211286,0.5897147696575217,0.9367747028614946,0.1262148428040701,0.1500627666592577,0.0416189313219707,0.3456279411543284,0.0168167002322331,0.3125351289083958,0.009259101369189,0.3303212147398088
2,8,8,0.0,0.5594548693889432,0.240935634944186,0.5,0.676701156165766,0.0118378384918967,0.0023691273779155,0.0038684287902633,0.0003534580270273,0.9136040195054268,0.9988670740942156,0.001220403919109,0.999723817663586,0.590551181102362,0.0851334180432019,0.2465814137135231,0.6493055555555556,0.0700152207001521,0.2871067096285064,0.4664371772805506,0.2435897435897434,0.1158170034703725,0.1752039581706987,0.2005852104520378,0.2303038126472041,0.2290951439438121,0.1769068007487535,0.1736649794240753,0.2208074109214056,0.241766698712414,0.3739322318818801,0.4428654837035614,0.4060221697156591,0.4089878191928934,0.4136940138889228,0.4783334067646158,0.4270299922123825,0.4648536362131476,0.5143711400718405,0.7124681933842242,0.0201513118576082,0.8438438438438439,0.4907466496490109,0.6866813471907687,0.5784003203985151,0.8267675202777909,0.2794902408499674,0.8171938649040128,0.3513293793306998,0.2152987493110798,0.2696822703176824,0.2695932068469137,0.5759043735122948,0.1990247992132514,0.5697286470037399,0.9238046996376068,0.1331905988379365,0.1614552241776261,0.0277534808931708,0.3798825142439577,0.016135678889774,0.3773127742202638,0.0109863226492039,0.3860878372025518
2,8,9,0.0,0.658371239828153,0.3974850439712379,0.75,0.5045053333287564,0.0088354177979812,2.804677511537932e-05,0.003313862682829,0.027845587677592,0.8350468610507807,0.9985083377514828,0.0012097025155144,0.9996211745753152,0.448818897637795,0.0228716645489199,0.4917690525482049,0.6493055555555556,0.263318112633181,0.0912424530499747,0.4199655765920825,0.2765567765567766,0.0871003127097692,0.0754823594455606,0.1259877121599086,0.2491257212495803,0.3052995472050193,0.0764564656825011,0.1029839545283064,0.1656342981598127,0.2854731802891424,0.2996521043168436,0.3832237069451478,0.4300463885586543,0.479797970274907,0.340525510829865,0.4157422999942944,0.388869927749546,0.5079446390231825,0.5301676076014328,0.7099236641221376,0.0326116929818718,0.8048048048048049,0.5711550733886408,0.6944830132654607,0.6534743175551165,0.813395508800403,0.2763243725704663,0.7811220436057592,0.2540705553736822,0.3005626102121959,0.3133882094790614,0.1819602649608121,0.6019896886635451,0.1596427327865575,0.6240613352940638,0.9427965125411586,0.1109873395665253,0.1346112652077941,0.0354954618070603,0.2666767328133543,0.0165989671947433,0.26235091572718,0.0137967340192275,0.3396117194607605
2,8,10,0.0,0.5919265460066075,0.2825604880128681,0.75,0.3815800887098505,0.0054847662133627,0.0006492198802488,0.0022819565605779,0.0007975128215063,0.6360217783776485,0.9977969509096756,0.0039207380861191,0.9995697988577982,0.5196850393700786,0.0495552731893265,0.34034969880156,0.8368055555555556,0.1004566210045661,0.2657642264638987,0.5180722891566265,0.1556776556776556,0.2098730324899934,0.0876558818892654,0.1520114181449527,0.1990319427796335,0.2224715788853919,0.0845897003837823,0.1254494875870427,0.1731954575488774,0.2180141842838794,0.3591882958443684,0.4695973915048883,0.4482606497502369,0.4762189398703488,0.3798207087328254,0.4754302176770614,0.4313007796279183,0.4938368584070308,0.5221880095120466,0.6921119592875318,0.042022665242671,0.8018018018018017,0.3031269942565411,0.7208814721360217,0.7228641636655055,0.9020668296578545,0.2690262306785574,0.7534902999075039,0.1949106326095328,0.3425546276067219,0.3928049845105987,0.3415419099211345,0.6762712019210131,0.3965523241024142,0.7614603072565539,0.9433635744203706,0.1324094929511012,0.163050600800329,0.0015862342853261,0.2145044089047229,0.0044364177222991,0.2324322032611313,0.0076386870912579,0.2764912997841382
2,8,11,0.0,0.5019968613782915,0.1604541733341905,0.5,0.5689529158773544,0.008497107744362,0.0003182286986997,0.0028836226841861,0.0021061642990986,0.8258064379508497,0.9980370949211737,0.0016893343971879,0.999213964529026,0.448818897637795,0.0482846251588309,0.3152531675771863,0.6805555555555556,0.141552511415525,0.1689595912758583,0.6609294320137692,0.2582417582417581,0.1631581163934407,0.215497078919675,0.2036850118305293,0.2806208500157656,0.3951043899404173,0.2053133918246117,0.1612609704066847,0.2097162625169903,0.3437515281888324,0.388743267291692,0.4147994888639977,0.4210516300387585,0.5230697242212664,0.4094863548044989,0.4231114041310934,0.3757882364996427,0.5133009278342,0.4963448253849303,0.7022900763358779,0.0922496583918832,0.8258258258258256,0.6515634971282704,0.6589703799973363,0.4820837641658233,0.5388707666486967,0.4276543998676506,0.7277466581211471,0.4436879518094,0.3335571045898113,0.4194170415314477,0.3373398046803545,0.4790742079235927,0.3216951954916881,0.4811776256866598,0.9086926903607824,0.1245692796896717,0.1534539971169205,0.0132997051659533,0.5212815780456284,0.0155110719870766,0.5717703206713788,0.0145903736311743,0.5561156030156977
2,8,12,0.0,0.5095367941926919,0.1685850484788827,0.75,0.4595914563573187,0.0072749874423841,0.0008613318819268,0.0023843724510909,0.0006213411128725,0.8106564096783773,0.9981730090798938,0.0008858843823017,0.9994700456820156,0.448818897637795,0.0228716645489199,0.4917690525482049,0.6527777777777779,0.0547945205479452,0.3423280377696602,0.7246127366609294,0.2326007326007325,0.2023098406755298,0.0652205982571755,0.1313861787403745,0.203424118993359,0.3244660857061011,0.0621518384610856,0.10487765022658,0.1739722648973435,0.2416249376416995,0.2201675749465048,0.2994532426673354,0.3134705755860935,0.4287764168775559,0.2447360782572719,0.3212857760364368,0.3087893152576741,0.3848013638963343,0.5560454887063231,0.6768447837150128,0.0697756682747135,0.8498498498498498,0.4907466496490109,0.6614020467885249,0.5993252495718542,0.5751686139602281,0.3458730752560835,0.7149210313192194,0.3686872030508388,0.5114528752008451,0.5622877975407823,0.1931151488793532,0.4600892987708485,0.2056255901347621,0.4954775159239076,0.9116764428023338,0.1466388220561946,0.1761451342847966,0.0186129626019194,0.4534615224234126,0.0182025993924945,0.5302568972445592,0.0144724417195923,0.5442926997486546
2,8,13,0.0,0.523281229078139,0.1935667374799204,0.5,0.6894858002426839,0.0093121893529447,0.0049332884585344,0.0038055604930151,0.0001502091763993,0.8570117815640758,0.9980075917145232,0.0002806169922443,0.9996496333232934,0.590551181102362,0.0635324015247775,0.3101177146795559,0.7118055555555556,0.111111111111111,0.2150892989583676,0.6144578313253011,0.2673992673992673,0.1442829538234968,0.1044756123911093,0.1700856061533484,0.209524142399939,0.2697045966745047,0.1077706484301349,0.1301431863122941,0.1628342149511703,0.2762273075521916,0.3885309835393026,0.5061328476870157,0.4774120358977493,0.5292700563811574,0.4246618660113054,0.5143376102081666,0.4590598663463347,0.5655126455262606,0.4818474201249452,0.6819338422391859,0.0206621157136707,0.8288288288288287,0.410338225909381,0.8569534301073882,0.7185172592520255,0.9278928824589636,0.2529566666639861,0.6974255327871941,0.2354886589354144,0.1869355224565778,0.2243597003973367,0.2997065243928962,0.5944594640176388,0.2732072184378066,0.6084408998857617,0.9447709578038618,0.1304583976853774,0.1459558083624234,0.0080799827868344,0.274061499218535,0.0052103409187734,0.257631045102149,0.0070442335018373,0.2467580461067048
2,8,14,0.0,0.53972259996906,0.2130766792630489,0.25,0.6573858132062363,0.0098976851009627,0.0035829133899273,0.0045581928980207,0.0002683672605458,0.8383731627345887,0.9976419625412086,0.0050389485211037,0.9997791608700256,0.448818897637795,0.0864040660736975,0.2026482064749848,0.7534722222222223,0.1704718417047183,0.1553435476216657,0.5180722891566265,0.2216117216117215,0.1457817161192705,0.1271205779418734,0.2682802834178835,0.3536388172944066,0.3762756986213788,0.1212315241871168,0.2320327298509169,0.3001709244727968,0.3200142157885282,0.3060038188158766,0.4780077058227222,0.4854557508571838,0.5032578175081432,0.3283827625497745,0.5044633708357663,0.4626222504234862,0.4884483178979957,0.5072320959234937,0.7124681933842242,0.0995080567336467,0.8438438438438439,0.517549457562221,0.3799359671270337,0.5375252568277524,0.5465630170325011,0.2953079165962005,0.8253941918123194,0.4116659463372828,0.4349281410169079,0.5003035194270393,0.3057542170209741,0.6449199612024075,0.3157544116718941,0.6934557170352492,0.9117241872994518,0.1178056145074222,0.1432672509054691,0.0343816918072032,0.563848157967385,0.0261254076492062,0.4891699532023498,0.0204580282381371,0.4946407551568625
2,8,15,0.0,0.4406803690085896,0.1046768128219978,0.25,0.4971183899272432,0.0056889542348597,0.0022036633048242,0.002275631260668,0.0002118492795842,0.6270694270688679,0.9983806804247812,0.0017497569531778,0.9994882897713508,0.5196850393700786,0.0216010165184244,0.5552474822809121,0.6458333333333333,0.0974124809741247,0.2219735652237455,0.5025817555938037,0.2252747252747251,0.1382355765507268,0.0824133793611669,0.1562294777845463,0.1949167822038627,0.3661779584825208,0.079424742645415,0.1423327923879213,0.165615490921068,0.3554799951940023,0.3281952436119032,0.4390902008884436,0.4128832366168675,0.5484539523051839,0.350539393650522,0.4628154603294036,0.3973590271536949,0.5690443159059082,0.6704516379283829,0.6793893129770993,0.0326116929818718,0.8498498498498498,0.6247606892150608,0.6119135491345906,0.630953665460992,0.7983674670380188,0.3268888534830312,0.7093378085807018,0.2486456288973066,0.2639650987218755,0.3167488762092487,0.4562072999509753,0.5968374002083974,0.4288782881224852,0.6198343008558488,0.922222571364374,0.1903514267580334,0.2304368386783125,0.0107215745436906,0.2592561934103502,0.0145567810785494,0.3760628615569413,0.0117186458483826,0.3566763638867775
2,8,16,0.0,0.5113319021537555,0.1775451292891109,0.5,0.5749850673214122,0.0080730571571941,0.0004676815686727,0.0021462861911035,0.0010509785582886,0.791327519069512,0.9975432767151826,0.0032267476273951,0.9995266460471623,0.448818897637795,0.0470139771283354,0.3210844959199789,0.5798611111111112,0.0852359208523591,0.2273385772049532,0.6678141135972461,0.2435897435897434,0.1758460896749828,0.0885893060057592,0.1405911549593166,0.2255282035318559,0.3444285176697487,0.0913158088245003,0.1192543831720761,0.1962121836300631,0.3327104277576064,0.3227888398711744,0.4129083155526968,0.4248367249350187,0.5229719450652973,0.3673121229198133,0.4497840796027996,0.4299431667773064,0.5582380171015815,0.6603050794416245,0.7022900763358779,0.0442084857344123,0.8318318318318317,0.5443522654754309,0.7486918210157198,0.7117136653201266,0.8964346062995596,0.2134566301007515,0.7329814422395732,0.2575442121863763,0.4696987607769765,0.5490330598721056,0.1617443173931176,0.548247792623747,0.159868518980693,0.5471661811645333,0.9275903187709468,0.1310265013410418,0.1622318165614794,0.0134230151652697,0.3103006579987896,0.0089094729035189,0.330305075718351,0.0151540811446803,0.3855473827649135
2,8,17,0.0,0.6184539767193131,0.3372398157897293,0.5,0.5919840497177343,0.0097744833974196,0.0010434346249112,0.0030772275345955,0.0006640211332331,0.8688867750765968,0.9978733602196568,0.009796843672949,0.9997869105928866,0.52755905511811,0.0597204574332909,0.3007256029630338,0.6215277777777779,0.1324200913242008,0.1668321394853162,0.2994836488812391,0.2289377289377289,0.0718473392878671,0.0390794654613137,0.1542730865567084,0.2404195177071575,0.2870343797605776,0.0393504710242671,0.149281932859253,0.2129822297775485,0.2896822526890963,0.2159424500984315,0.3489510914761452,0.3711084983945762,0.4127473465363801,0.2613542407686661,0.4153499395707249,0.3849168834692666,0.4683707419786765,0.5151601735496127,0.7022900763358779,0.0234622431545551,0.8258258258258256,0.4371410338225909,0.3406682367104801,0.3751515866189479,0.5139059150306369,0.4148464901952179,0.8257134318774328,0.4357363659974781,0.4749222295683974,0.5717950225585327,0.3454938892428448,0.4711935486443106,0.3251740164571101,0.4726583829850861,0.8977679601619474,0.1688442077581424,0.1968427650346617,0.0687781321197716,0.4592154793824446,0.0308602722427846,0.5131134405750349,0.0138140933975433,0.4710735908024408
2,8,18,0.0,0.4955518155463219,0.1503462916241002,0.75,0.5607083503278806,0.0076577767180844,0.0004835988136047,0.0028860359453848,0.0013762508579926,0.6703151511880855,0.998743309707408,0.036053288180512,0.9996223259351664,0.448818897637795,0.0825921219822108,0.2102892574069199,0.6180555555555556,0.0410958904109589,0.3945285459999341,0.4870912220309809,0.2435897435897436,0.1219738328246915,0.0629695459838537,0.1903806082549066,0.3580037628892829,0.304722117780412,0.0651156147248677,0.1641377680319098,0.3088499478856388,0.2857036105891266,0.2962001716409392,0.449233001504758,0.5238669944541933,0.48579553284993,0.3429646306481678,0.4868807681123355,0.5141185881608351,0.5186651265261438,0.4588550364779982,0.6921119592875318,0.0489271284220035,0.8378378378378377,0.1959157626037013,0.401138250545062,0.5173846611915778,0.7168041086279864,0.3430896460302152,0.7559181413662661,0.2207541121870266,0.4257079645025619,0.4693699953606742,0.2643108904515831,0.5915619518296225,0.4349749746971115,0.5903533424416973,0.9035930079066846,0.2276891381024556,0.2666470237056313,0.0169562937595128,0.3151731779819653,0.0090858122028028,0.3026499446352925,0.0096663297675479,0.3665837246558873
2,8,19,0.0,0.4518600014791402,0.1138861613135191,0.5,0.686337920779545,0.0087175048592031,0.0024169196613276,0.0032948237093701,0.0002898447593414,0.7878906588870332,0.997857209725828,0.0004036814603427,0.9997134293459564,0.448818897637795,0.0470139771283354,0.3210844959199789,0.854166666666667,0.0837138508371384,0.3117482531811569,0.549053356282272,0.205128205128205,0.1692038180061887,0.0416796312938029,0.1708535137078723,0.3285357576911976,0.3349024406149772,0.0395636137321169,0.1575312064946171,0.2556565370123149,0.2943238174536673,0.2601657462964094,0.4111769092377211,0.4859405920795017,0.493033914964353,0.2800286371498138,0.4414424848804196,0.4396964663815215,0.4882580681729344,0.4845703375621775,0.7022900763358779,0.0792316435103814,0.8228228228228228,0.4907466496490109,0.6742549358144307,0.6468284421820742,0.6305466229810901,0.3285742649950445,0.7627407907666515,0.3316431292158295,0.3343762402106933,0.4115134306657046,0.2465647937001937,0.560811642413489,0.2193154762696411,0.599751445290868,0.9243825025176444,0.119870451305141,0.1395309638473016,0.017072602966793,0.4187818416779941,0.0180718794262038,0.3675896297192104,0.0141698775735659,0.4765193143648715
2,9,0,0.0,0.3868855407297606,0.0653367589470226,0.5,0.173101268532227,0.0027578320602627,4.718525408652199e-05,0.0009083797191787,0.0045103569337841,0.4256084853460088,0.9976414046267384,0.0016886862959539,0.9997397119391784,0.448818897637795,0.0864040660736975,0.2026482064749848,0.6111111111111112,0.0867579908675798,0.2332377748294162,0.4165232358003441,0.1007326007326007,0.2489549240855151,0.0763020555269485,0.1075311335608831,0.1750014488012232,0.1899283537134042,0.074929670478737,0.075558288898328,0.1137766221490663,0.1875194497646019,0.3434084614797499,0.4246301168185545,0.4219080495237259,0.4437755962848317,0.3698779181803459,0.4279775231042703,0.3843261330474799,0.4686659456846122,0.5919039747667152,0.6666666666666666,0.016451860225276,0.7897897897897899,0.517549457562221,0.6855481464428723,0.6376138256555093,0.8483649536324602,0.3328018166796123,0.5325291986929064,0.1370974292988593,0.1678017859111416,0.2033665752513329,0.1288314615548257,0.5620493461710449,0.1115144401098499,0.5778037538593775,0.9632267661466588,0.1385275219252113,0.1670329489467662,0.0040109625677984,0.146330149604917,0.0016940647784879,0.1723466061722273,0.0105349507677521,0.2069780319001976
2,9,1,0.0,0.4258121552584085,0.1003087906789503,0.25,0.2574611300846539,0.0029661699716507,0.0001537036503444,0.0008802168045757,0.0013193622513908,0.5619465004641016,0.993943610011562,0.0061798180787747,0.9964633256753068,0.448818897637795,0.0851334180432019,0.2051359904993358,0.7881944444444444,0.126331811263318,0.2095279307704886,0.5215146299483647,0.2527472527472527,0.1267920780191773,0.2358866687804091,0.1797702788940359,0.254923897646178,0.4272676398690458,0.2251676570335086,0.1311630385080759,0.1902075809919334,0.305380102265845,0.435470916145639,0.4456769104117551,0.4464927815371565,0.5856215455441026,0.4539270327094688,0.4375137415432698,0.4033916310101493,0.5185816812798152,0.671673490412311,0.6844783715012724,0.0318054752137202,0.8528528528528527,0.6515634971282704,0.3039292187542188,0.4474809220186717,0.4975273771905426,0.348958744018769,0.5624535764904878,0.209017843098458,0.4298362417524597,0.4924855164620134,0.0995866649801709,0.5350905212689838,0.1323368394916896,0.5515405058629108,0.9173392691956777,0.1935430618426682,0.2276897981243573,0.0101400391522925,0.2544962972203478,0.0046583148758826,0.3509335342785877,0.0097124145951102,0.3835225456137484
2,9,2,0.0,0.4981047253942841,0.1813373331984483,0.5,0.5009444237640134,0.0074015980833454,0.0037864494033887,0.0015887494285672,6.720188861540477e-05,0.9049975021132376,0.9959015323901986,0.0017078173492712,0.9994973617271802,0.448818897637795,0.0482846251588309,0.3152531675771863,0.6875,0.0867579908675798,0.2552596664139499,0.4733218588640276,0.2600732600732599,0.109124658229506,0.1116398735872413,0.1754416086778306,0.2087322402420646,0.2009207929166566,0.1133982558380276,0.1161738379945055,0.1890223134189675,0.1893413309344965,0.3199240622182478,0.4173111547672841,0.3859958172531635,0.3836477686232282,0.3625981388004127,0.4199578480945932,0.4002363844056641,0.4224847432868837,0.6838845571472967,0.6819338422391859,0.0399449191652957,0.8168168168168167,0.463943841735801,0.6271760460280631,0.539236958848023,0.7467472417329204,0.3747114799681055,0.7691387744274361,0.2398912887606631,0.1711633237642329,0.2157221934994222,0.0929886554006867,0.5649402124706266,0.0715495059866776,0.5689702529047372,0.9314170445309434,0.1757726284330643,0.212924914626111,0.0034904799503864,0.2348232335268776,0.0057045251631207,0.2440410013627138,0.0078739038103213,0.2976179380913054
2,9,3,0.0,0.3933537063737169,0.0708595721353062,0.25,0.5447766561803313,0.0056897635314847,0.0001048802046686,0.0024862172600424,0.0055612197523042,0.667410905173638,0.9977152619671592,0.002597981507968,0.9991063178257706,0.448818897637795,0.036848792884371,0.3764821151765085,0.7534722222222223,0.0958904109589041,0.2535506504373231,0.3063683304647159,0.2417582417582416,0.0688061908893946,0.1830737462532831,0.2188313544318955,0.3303107906047957,0.430888545240232,0.1702388923212296,0.16524138486478,0.2187940283394639,0.3619183831253513,0.3686508456767541,0.4433061652240321,0.4768800277003004,0.5638808938962158,0.3797983085957511,0.4318901908098589,0.3886597078961441,0.5335049238355904,0.4051419148172508,0.6768447837150128,0.0442084857344123,0.8618618618618616,0.6515634971282704,0.4570572453946311,0.5505376753334872,0.4499427395433697,0.3232657694866468,0.6123360695225788,0.327802999419236,0.4571457865324315,0.4956708813218964,0.2085641738618666,0.4780108807311575,0.2469912735431792,0.5040343979549703,0.8990240890775362,0.191713384398133,0.2175517188126166,0.0106897279885228,0.3655016465879023,0.0129291497676916,0.394932541753781,0.0201793397702763,0.5505404450845071
2,9,4,0.0,0.4673811634472682,0.1256345526329805,0.25,0.3699392745783913,0.0052319672769709,0.0001933756366463,0.0021864993776263,0.0026359725378854,0.5958227337594955,0.9979959419220624,0.0167206374391071,0.9989795173315126,0.448818897637795,0.0355781448538754,0.3847328244274808,0.6111111111111112,0.0852359208523591,0.2364676522618145,0.6316695352839929,0.238095238095238,0.1691796578909988,0.1023147816370082,0.1891649312357892,0.2688369086570719,0.3545680448386576,0.1060838968961271,0.1484355166787337,0.2519746152915126,0.3365621888072206,0.276273713484027,0.3875192963894483,0.3994195110508555,0.4768107662941973,0.3317699536758072,0.4248069034854838,0.4309278023295827,0.5198461022354653,0.6512445143129058,0.6844783715012724,0.0360925401883725,0.8168168168168167,0.3299298021697512,0.5993813997187383,0.4968310714913011,0.5234184483986253,0.3896844277002979,0.7450227766343576,0.3250624967896192,0.356925136156397,0.4019486779737722,0.1145537208531652,0.5237450698283207,0.0911820088530978,0.5528477003699332,0.9188464120563792,0.1491872458137617,0.1831930419888913,0.0294954873387415,0.3506702472172829,0.0119591780406257,0.3375846232647372,0.0262201417175918,0.4495966942253463
2,9,5,0.0,0.6157703899616574,0.3613494794747823,0.25,0.2831435931236495,0.0046513885502836,0.0016224182191418,0.0017041540411119,0.0002160303015489,0.3686254287341359,0.9958308250878338,0.0031434637310031,0.9993999727945152,0.448818897637795,0.036848792884371,0.3764821151765083,0.6180555555555556,0.1598173515981734,0.1406941659125926,0.4130808950086058,0.2289377289377289,0.1076043097687197,0.1244058111540056,0.1792775212179187,0.2176628465625165,0.2683325120905691,0.1282506100402286,0.1461868773556067,0.2002639784404387,0.2826031911318517,0.3676704154927542,0.4693449992799089,0.4405392820344043,0.4864172529322761,0.4090001173180264,0.4924668194032552,0.4499390530022712,0.5375435644652458,0.6441993273685851,0.687022900763359,0.0663257191454806,0.8078078078078077,0.6247606892150608,0.5170086787108703,0.5437282567374773,0.7351811036271414,0.3475041051610476,0.6913343272377142,0.2904100318080642,0.251300456785106,0.3115266615533851,0.4271296988171509,0.7450307842334585,0.379488125206228,0.7545887218800296,0.9279379681753857,0.1474296612180562,0.1883817539198381,0.0159129292527884,0.2783980988440363,0.0088060719244583,0.3098800443461056,0.0147514121257756,0.3354782412767796
2,9,6,0.0,0.8704201202041867,0.776259515539554,0.25,0.439222050561335,0.0061930317617344,0.000879357816461,0.0033090778022003,0.0008560589721121,0.8223911697984281,0.9978579203720592,0.0008856364437534,0.9997490456868342,0.448818897637795,0.0597204574332909,0.2707230238685885,0.5833333333333335,0.156773211567732,0.1369125113411799,0.5628227194492255,0.2985347985347985,0.1143600005752897,0.123392900836224,0.195935689934298,0.2602996165380862,0.4295321233750437,0.1213996336828438,0.127978895774725,0.2334871560600338,0.3969108764346606,0.3822665425991334,0.50200418769711,0.489059399375392,0.6138284311297233,0.4081702972421956,0.4815760920069248,0.4779416799050519,0.6195295674561414,0.7176330422400747,0.6488549618320613,0.0399449191652957,0.8348348348348349,0.4907466496490109,0.7754455632860333,0.7471630596870202,0.888909483255226,0.1991393488270338,0.8816673887992916,0.2853184084586485,0.2680087320213336,0.3116045670599301,0.1585466209230612,0.5134513347769035,0.1255161494708038,0.5267713037142164,0.9260856831544512,0.1591203609304217,0.1845397878144238,0.0164433080997296,0.2885683485325968,0.0098328140340668,0.3804047224358741,0.0082506906529531,0.3626600631919255
2,9,7,0.0,0.5035305279218332,0.1774893491220033,0.75,0.4995387908578917,0.0058454280149392,0.0019907582602305,0.0033226423352478,0.0003619952436978,0.727539286532009,0.9965537686354587,0.0014581277788794,0.9996184363113968,0.448818897637795,0.025412960609911,0.4659705770524406,0.6215277777777779,0.0563165905631658,0.3238278288476119,0.5473321858864028,0.1886446886446885,0.1839449492250857,0.2431724198297451,0.3391040355750463,0.3431939633732175,0.3320382032170508,0.2401327541823768,0.2828622093929795,0.3026344753894622,0.3499541787535369,0.4340716265389344,0.5777120054690689,0.5063846765824198,0.5004054101068018,0.4648180803384614,0.5896892319979712,0.4965943329980182,0.5528822360954035,0.4725955097987868,0.6946564885496185,0.0772232502205894,0.8498498498498498,0.5443522654754309,0.6787662553110083,0.5598932665594987,0.676709398625734,0.3526933130767738,0.7033279734773765,0.2687653222396398,0.3423475978967933,0.4177018925617899,0.1247544184021444,0.4751310106705403,0.1210190421570122,0.4776284662112345,0.9181379161013488,0.1744481389940784,0.2176088800767794,0.0063313448120402,0.3438325864412219,0.0101639857221573,0.3397794883700961,0.0132784524263603,0.4574906021263313
2,9,8,0.0,0.4982361259688958,0.1584621274346384,0.5,0.57588655005455,0.0087905597305324,0.0011220131203905,0.0030917261146855,0.0006183394582903,0.8677409739814572,0.997583367277683,0.0006520482870014,0.9998607479683708,0.6692913385826771,0.036848792884371,0.4919920446901231,0.6770833333333333,0.1613394216133942,0.149842873388931,0.6402753872633388,0.2673992673992673,0.1513689388273243,0.0760017184793252,0.1319674829362065,0.1853064270246006,0.2412016191298343,0.0779961788968643,0.1063200836323857,0.1601191605794705,0.2264101121064529,0.2944266547179052,0.3814800396815546,0.3710717122279371,0.4217691631480075,0.340360688567825,0.4174162449591377,0.3827893595540608,0.4597762044467652,0.5568822989223383,0.7099236641221376,0.0389574115501096,0.8498498498498498,0.410338225909381,0.5693707293332002,0.6428647550516606,0.7872741922281596,0.3027688410267575,0.7499405650992019,0.3001700031179273,0.3231237712684762,0.3262478472978669,0.410026999224909,0.4475781430210534,0.4638631321392783,0.3606174125957914,0.9262961421394248,0.1519706290646123,0.1678265231156134,0.0128592897892333,0.3561988751103297,0.0073941421189825,0.3845430745931967,0.0062771127424945,0.3590232208393148
2,9,9,0.0,0.6412590890119823,0.3962641034093393,0.25,0.3115941617807632,0.0056628802526552,0.0013470367059297,0.0021156218146651,0.0003387649561168,0.6159520281331315,0.9951831978287472,0.0009485254106191,0.9993497966533804,0.52755905511811,0.0495552731893265,0.3437637853881693,0.7916666666666665,0.1461187214611871,0.1854859577413719,0.5163511187607572,0.1868131868131867,0.174170063906307,0.1048106813196485,0.2698252679293266,0.2843572240688669,0.3495252777382239,0.1022114933913355,0.2432128903503576,0.262105249147092,0.3372847031909705,0.3455153693545876,0.5357916888382381,0.4812180154715545,0.5367646457368387,0.3713262480263552,0.5622862754264444,0.4775707351142803,0.5581133375483438,0.49252269155647,0.6793893129770993,0.0945880369913252,0.8618618618618616,0.517549457562221,0.5125772310175609,0.5303763186252093,0.7006727178906038,0.2854722547624213,0.7548185428710553,0.3757833271094647,0.3684200260837205,0.4395395832237696,0.2530307550023207,0.4730816884431895,0.1955970422958642,0.4858053595777576,0.9161232197529732,0.1241949948438963,0.1467691121863545,0.0574340925512417,0.4905029459993374,0.0231831515018291,0.467344144036808,0.0127103804333848,0.3969833076686466
2,9,10,0.0,0.5328953456984424,0.2080809432966364,0.75,0.5091846667094473,0.0042508432376222,0.0009299889373338,0.0026080016887231,0.0006298578818164,0.8294769307543617,0.9978790637957156,0.0289559699459708,0.9995052207412772,0.5196850393700786,0.121982210927573,0.1660531566277929,0.7152777777777779,0.1019786910197868,0.2316082479679813,0.5507745266781412,0.2252747252747251,0.1536203723604554,0.0826283526961066,0.1423743175229265,0.1982365170975837,0.2599933054727492,0.0778146069165953,0.0842995661173152,0.1606617311363997,0.1965014928715414,0.3506860398094348,0.4557311333903295,0.4416769926719581,0.4953934687310378,0.3645156208790769,0.4263094043891329,0.4103654917542524,0.4659004298282364,0.5249940406099953,0.6768447837150128,0.0442084857344123,0.7897897897897899,0.6247606892150608,0.6725217473347951,0.676558941940983,0.828809926283113,0.300040661997526,0.8123751674758424,0.2513140316616573,0.3643368105066533,0.3654013217418517,0.4447925912573047,0.7465022177649983,0.4816819436587036,0.7272066505135819,0.9403767809944324,0.1250772310309512,0.1450695025338606,0.0135113355188195,0.2771787955965923,0.0065405353541037,0.2658894410871093,0.0077523667397318,0.2738001725819561
2,9,11,0.0,0.4583637644963417,0.1242824049396037,0.75,0.417950471444009,0.0058764370432861,0.0007966494602323,0.0016928741979222,0.0004695739951757,0.7238204766048699,0.998638841200168,0.0020501571393776,0.9996668521335944,0.448818897637795,0.0698856416772553,0.2402339164645034,0.6840277777777779,0.0547945205479452,0.354776776483562,0.6006884681583476,0.1684981684981684,0.2279319331595892,0.2782679289108482,0.2324778435528226,0.2876741693586626,0.3759758913982017,0.268119919243049,0.1659950268264663,0.2499564391573857,0.3414195223248,0.4691952305956106,0.4940058600041161,0.474083560405442,0.5476613014964343,0.4902124827244702,0.4768814107156713,0.4573080934106308,0.5510749387541153,0.6411212405901257,0.6844783715012724,0.042022665242671,0.8228228228228228,0.517549457562221,0.6922959920426921,0.5934673966766262,0.7044311709533413,0.3219776163247445,0.6843834059542308,0.2572645969014432,0.4189536805319258,0.5108171012932048,0.319621382768151,0.5410927383248881,0.4154258227602021,0.5669870329125944,0.9152104233758276,0.1725592650726672,0.2047834090692252,0.0151605286666577,0.329817111756891,0.0192012127775111,0.4011972907583166,0.0235846730988598,0.4325791695945714
2,9,12,0.0,0.4594181564267899,0.1327257144879082,0.75,0.2519094475646316,0.0039709940349195,0.0001787456777856,0.0014991967202044,0.0019471032533254,0.5764910168561839,0.9975048282665372,0.0051413426163975,0.9992587219067648,0.448818897637795,0.062261753494282,0.2624281931777712,0.6458333333333335,0.0867579908675798,0.2432477255496588,0.4061962134251289,0.2106227106227104,0.116191196733135,0.1437850620040168,0.1866473661098223,0.1749384175363794,0.244142126382474,0.1369335426469654,0.1295278123342208,0.1463645793107309,0.1725263902583341,0.3653803446608293,0.453367210165586,0.3852677057350383,0.4460633815740228,0.3839084228709125,0.436655241645664,0.3673344503651792,0.4124968764565542,0.6046935942778018,0.6743002544529265,0.0501996072452719,0.8228228228228228,0.6515634971282704,0.7188343197729976,0.6376886636626216,0.8441414926189692,0.2976992898339993,0.6055197814389082,0.1672057291960284,0.3443450877359155,0.423335408128501,0.0628942976765167,0.4892394377677446,0.0445126011602567,0.5189958996414604,0.9332776556358726,0.1920976198556788,0.2387899000849404,0.0023432476999391,0.2013790407812727,0.0050955005560334,0.2574920734916789,0.0060699028180262,0.2947050988852649
2,9,13,0.0,0.5680081666714656,0.2633343883398553,0.5,0.5082660756043649,0.005038986819872,0.0005218280793405,0.0028489250240325,0.0012563176699981,0.8575149233302087,0.9981328338037958,0.0005317527810712,0.9995710956379754,0.5196850393700786,0.036848792884371,0.4136103068058846,0.7986111111111114,0.0547945205479452,0.4004221517678682,0.4664371772805506,0.2271062271062269,0.1255400244753446,0.0996117365441893,0.1570345189469115,0.2199186816356157,0.3066084561822412,0.1013928512027788,0.1273321752894153,0.2002407136458663,0.2783643112261381,0.3945199135423469,0.5084934093447453,0.4945003301715687,0.5616772215830791,0.4260927652093278,0.5184360401479873,0.4879174709981064,0.5723064129352037,0.3883912123823623,0.6997455470737917,0.0995080567336467,0.8408408408408408,0.3031269942565411,0.6917164289741122,0.5968623894355645,0.8883595524219663,0.3410503723562153,0.7445828330156324,0.1491914629098422,0.2041950764526132,0.2443193457777726,0.3429957297375977,0.6525923292721272,0.3500501312898298,0.652860640544544,0.9596149015253888,0.139771961581224,0.1610084425947081,0.0030342753258923,0.1898847062477725,0.0029981802656162,0.162981520995809,0.0080638791085186,0.1773213114452273
2,9,14,0.0,0.5776367404945999,0.2640372058319385,0.25,0.3573273156323864,0.0052340281649379,0.0023704011903293,0.0030487316989971,0.0002716619400329,0.7437950773983426,0.9976062292833872,0.000601677001188,0.9998601300116302,0.448818897637795,0.0711562897077509,0.236880114650054,0.7048611111111109,0.1248097412480973,0.1936142273249311,0.5972461273666093,0.1556776556776556,0.2444728194601389,0.0723254660416385,0.1172955820865906,0.2897482814745862,0.3712296938743867,0.0699916852519,0.0795809110630934,0.2616906906386678,0.3247173226205882,0.3280171915785296,0.4157531020924941,0.4912417593530404,0.5582608254668874,0.3512081907371534,0.4123659580828586,0.4804368486418222,0.5519925665183665,0.5856027068099596,0.6895674300254454,0.042022665242671,0.8108108108108106,0.5979578813018509,0.507931422148896,0.5125327384380407,0.652917563952307,0.3492388313240218,0.8027719449109588,0.2250743715920179,0.2677922554655603,0.3344719419849205,0.2070592469471942,0.6000216766495401,0.1727097607237554,0.583366811063124,0.9224230067687008,0.1956705268320911,0.2116627794041284,0.0083341371250775,0.3125762743269321,0.0062223752199612,0.2721394254283879,0.0191793823350214,0.3029241805443031
2,9,15,0.0,0.3754989662371211,0.0601758646035106,0.25,0.1602631681079133,0.0032659194505645,0.000826480752177,0.0005336262028002,0.0001205414004157,0.4515798722548949,0.9934665696416732,0.0647960905798797,0.9967682774347008,0.448818897637795,0.0597204574332909,0.2707230238685885,0.6423611111111109,0.167427701674277,0.1390200836315978,0.7469879518072288,0.1373626373626373,0.3472773758363705,0.1774227196253469,0.2907888205633876,0.4047827081637144,0.5919188390876235,0.1665453208145233,0.1628614153690467,0.3354152411858996,0.5343984184901897,0.3413529403934578,0.4898433785817042,0.5242260830516181,0.6953209822082477,0.3574037707290359,0.4040493479236638,0.4868675105579857,0.6876145536446958,0.673719083811863,0.6615776081424938,0.0734050672586685,0.8408408408408408,0.6247606892150608,0.5628634834923276,0.4532576495664679,0.4892563155310214,0.3915255828878688,0.6187452529982801,0.444973931422511,0.5929679565143473,0.6414450332049557,0.4578910173821539,0.5092385728183453,0.5925347761527029,0.5154280527224475,0.8706610123101297,0.2195543997385876,0.25731476550925,0.0487244599709543,0.4910833449125569,0.0320432796817075,0.7101113472325049,0.0199915135481382,0.6841661060102413
2,9,16,0.0,0.4395588483718161,0.1052718717344885,0.5,0.5436104738219573,0.0059373024314319,0.0035058256871568,0.0020607470008429,0.0001068912028183,0.7091551603392787,0.997678202576896,0.0016799656810594,0.99963375674569,0.52755905511811,0.0470139771283354,0.3564446784241465,0.6770833333333333,0.0700152207001521,0.2964698635329795,0.4698795180722891,0.1886446886446885,0.1551325143334895,0.1656915136762902,0.1658007976512695,0.2065266538183205,0.2961870984690328,0.1590793115206879,0.1422446318949178,0.1884601787219663,0.2644925272642611,0.4030880836692675,0.4671799843933175,0.440920213767935,0.5141217625478347,0.4222890757713133,0.4780943362595836,0.4306836721582337,0.5143185894898357,0.3872568904829738,0.6895674300254454,0.0266247242172448,0.8468468468468466,0.1691129546904914,0.7739519962597652,0.6974238703859408,0.8459941541563119,0.2884532878830525,0.7139369157839903,0.2712944622789241,0.2794543038277928,0.3555885851833396,0.24446587482258,0.4319194465401002,0.2065212464758838,0.4700778890887029,0.9279825258880852,0.1494286918680514,0.1756025409547282,0.0021270102414074,0.2714002770604239,0.0058232236648969,0.3060864250790812,0.0112445360201582,0.2967738205098231
2,9,17,0.0,0.5924693530541056,0.3145466538036068,0.5,0.4729968180515272,0.0059179256376699,0.0040626932050283,0.0021883848362395,9.529413406023072e-05,0.8242039761350112,0.996728468956366,0.0195728241567303,0.9997490583464014,0.448818897637795,0.0266836086404065,0.4540387821356497,0.8159722222222221,0.1324200913242008,0.2070230359620638,0.4096385542168673,0.2417582417582416,0.0997955653061335,0.0417529510052216,0.1304232334478048,0.1865607340533651,0.2381337757439743,0.0398480472616905,0.0738669643886221,0.1648651393800626,0.174991901071027,0.2976467234972548,0.4168853387539664,0.406210554024211,0.453245047583333,0.3172801663765689,0.3933332561904582,0.3936493087035925,0.4271066952676009,0.562128430781855,0.6615776081424938,0.0569660165328369,0.8168168168168167,0.5979578813018509,0.655315973771573,0.5901979593256499,0.838294241846552,0.2836576195026362,0.7451204754652747,0.1435744014408298,0.3825015597941354,0.3798431723739934,0.1211795910519004,0.5329834247982304,0.1301592152071007,0.5394028858480505,0.9524990322876632,0.1617241576589817,0.1822513329387175,0.008069823694188,0.2023752490830066,0.0034946372532469,0.2224398500462906,0.0079469200535144,0.2162225676528741
2,9,18,0.0,0.4511815284844677,0.1206303169962276,0.75,0.232266631571248,0.0051816968474266,0.0003298111106073,0.0008907593940498,0.0006054337616451,0.4122941912709753,0.9973591940239772,0.0034033584939984,0.9993470208403824,0.448818897637795,0.0228716645489199,0.4917690525482049,0.5833333333333335,0.1293759512937594,0.1621671247156937,0.629948364888124,0.271062271062271,0.1462920724631363,0.0753150046194239,0.161689504839659,0.1843654535638552,0.2914048544846134,0.0756893613691966,0.1575692627104009,0.15934842643046,0.248821067266797,0.3271872422705454,0.4487800993217963,0.4099866720657473,0.4975114221132514,0.3621678632373402,0.4917861460159207,0.4084575369173833,0.5027611665157676,0.6011532313261898,0.6844783715012724,0.1101291554321119,0.8558558558558559,0.410338225909381,0.5206629782316261,0.571461510240578,0.7247533360945768,0.2867273196431504,0.6203610161472799,0.2302612524050604,0.2661898856722802,0.3056694939457296,0.2578186368120121,0.5985221341178198,0.281277161595714,0.6450046724525927,0.9296882537353888,0.1908317874759015,0.2167187773153044,0.0158470726393857,0.2881743356100859,0.007238532575525,0.2615929406095189,0.0107571190922351,0.330351427406422
2,9,19,0.0,0.4808963304207778,0.1604470899131556,0.5,0.2860275004132371,0.0047505460770696,0.0014380618240664,0.0013293757883808,0.0001863120613009,0.552831717440445,0.99729474065137,0.0017546490804017,0.9994614924566578,0.448818897637795,0.1118170266836085,0.1626576595414927,0.5833333333333335,0.2009132420091323,0.1088889962795415,0.6626506024096386,0.1868131868131867,0.2290470811026156,0.1068438459399569,0.3037843610182762,0.2554822174592369,0.3510586337548371,0.1026540766968132,0.1909154222414349,0.1794744678524772,0.2979756839425219,0.3442686239390953,0.5621408287943745,0.4564214421313447,0.5352340227507417,0.3655529928774971,0.5069949255702528,0.4054046298233007,0.5223079711204494,0.4429925663775398,0.6819338422391859,0.0309992574455686,0.8228228228228228,0.517549457562221,0.7443258636059107,0.6213192533180578,0.6891334603185459,0.3364271156698488,0.6486799280297373,0.2212773647075626,0.3260504998820339,0.3693673984998478,0.141322653955264,0.5228283258439057,0.131869232997726,0.516961296229379,0.9212522490535064,0.1946600724418395,0.2132923315512594,0.0127708667881205,0.3092381750133901,0.0065846947223532,0.2696216621954802,0.0213229505015996,0.3534870454308525
3,8,0,0.0,0.4501699562696408,0.12406051011685,0.5,0.411346188895647,4.6783687025802496e-05,6.449485934529156e-09,2.187618972002429e-08,0.0007833504650136,0.794277334187086,0.9468564951785178,0.0001544022396986,0.959734838149077,0.5196850393700786,0.207115628970775,0.1007633587786259,0.6388888888888891,0.2222222222222221,0.1062630666023388,0.4388984509466436,0.2600732600732599,0.0994404787242751,0.0803647936822823,0.1503254412165384,0.2181270817630327,0.2174965291570143,0.0791559870328154,0.1151286509466221,0.1884449454622973,0.2110848924831527,0.3459024102771056,0.4579103616106948,0.4519077126848724,0.46238073664898,0.3732361935685284,0.4631875809819855,0.4393305206284642,0.4856529652343291,0.8499366005730562,0.1552162849872773,1.881755945299061e-06,0.2132132132132131,0.5443522654754309,0.7412401706403573,0.6808122218973054,0.859345736780047,0.3013271043993713,0.5595631688883486,0.212786791047071,0.4074960512912804,0.4447410585102171,0.3835686588685956,0.2765344760373009,0.359262386446792,0.3099932551578777,0.9349559310289596,0.1616614481391963,0.1938107353483355,9.208084129860342e-07,0.2532513260013832,4.387597470098051e-07,0.2812813179318185,2.511172693791188e-07,0.2490221374286552
3,8,1,0.0,0.3620231261410686,0.0628751104710614,0.5,0.2806008309698468,4.6789584766359984e-05,3.0446157040171584e-08,2.031712395365464e-08,0.0001288098219267,0.679106183875271,0.9397045317713764,5.410573833106231e-05,0.9486737509536364,0.448818897637795,0.0609911054637864,0.2665137068016065,0.5798611111111112,0.2343987823439878,0.0934572028643174,0.6471600688468158,0.2564102564102563,0.1605059726550445,0.2114750358412427,0.1636418625308115,0.2303010310610043,0.2749746761558528,0.2079124433312043,0.1352269357559655,0.179079073211037,0.2620488088780849,0.4333018619787867,0.4621850195878121,0.4548659745702504,0.4963367861858033,0.4593907594321316,0.4752500877475549,0.4270550103899301,0.5159283033313273,0.6065555873390136,0.1348600508905852,2.921642855940123e-06,0.216216216216216,0.517549457562221,0.6837119097125544,0.6675336843137645,0.7073047458904527,0.3344973792141369,0.4618205756242814,0.252485097057355,0.282537729299597,0.3346511488373123,0.235172229156749,0.5369165442833829,0.3149395967110437,0.5825756160948093,0.932927990659526,0.1435953397910747,0.1660072602324596,7.374415483756479e-07,0.2618107662182808,4.2075506458128473e-07,0.3684359586200839,4.290798882040609e-07,0.386036589495117
3,8,2,0.0,0.3703659658407202,0.0606937282250926,0.25,0.7161279367258603,4.684735532564633e-05,1.2898898477988551e-08,4.460568760113511e-08,0.0007915345403924,0.8574284798268987,0.9804165730617962,3.688490219856113e-05,0.9834646014481332,0.448818897637795,0.2096569250317661,0.0898596503275079,0.5243055555555556,0.2343987823439878,0.0864213068667365,0.2478485370051634,0.2435897435897436,0.0506572261371631,0.099393445543601,0.2200414648694398,0.2865432609271,0.2871958192009099,0.0937281558988245,0.1721452295330175,0.2407780029524535,0.2640004836857407,0.2879390852457905,0.4358017518515009,0.4303120488505172,0.4304757441796144,0.3058141573338078,0.4365044495881848,0.4068113403135245,0.4389220915339313,0.7765211904437268,0.1475826972010178,2.198560618729097e-06,0.2282282282282282,0.5711550733886408,0.8747633053795858,0.6673622505404362,0.7582918979590323,0.300998548483753,0.6636572640773578,0.3827858830989212,0.4077222610984037,0.4890511292712833,0.3576351457314888,0.6202377205305397,0.3845113526507059,0.6440716272158551,0.9038661871987425,0.1728399745703414,0.208764719832047,8.052170102271453e-07,0.4639892454906381,5.897589417260833e-07,0.4413389217411415,4.678889467406607e-07,0.4830994668661185
3,8,3,0.0,0.3370998372461666,0.0335753352117826,0.25,0.6784367015270051,4.684021046777176e-05,2.7063713839914043e-08,5.475462959306983e-08,0.0004490988869985,0.8517563388167924,0.976974484653773,0.0001194745124225,0.981542876145641,0.448818897637795,0.1232528589580686,0.1491608499514391,0.7569444444444446,0.2328767123287671,0.1166102094610081,0.3734939759036144,0.2472527472527471,0.0864681088576275,0.1956917281135363,0.2365108029456328,0.2731289093703181,0.3483415246871514,0.1870859628888735,0.1845128193536735,0.2335126004788224,0.3169614981242668,0.367869503349958,0.444231641130165,0.4099759932581036,0.4771106423281047,0.3904534255067294,0.4478870157314173,0.3965287220610536,0.4855349545081764,0.7021709859781802,0.1501272264631042,1.6957988782190064e-06,0.2222222222222221,0.410338225909381,0.7633663541997642,0.5936219222657675,0.5947943316802884,0.3204928680837539,0.5913435202365848,0.3717714860269031,0.4261064906355964,0.5163006451794541,0.2592203707939007,0.6193938071938756,0.2399887983142914,0.6294256697639091,0.9037387451426464,0.1726920132241791,0.2088171760120831,1.0710995301244255e-06,0.4385100735939552,4.98443226778195e-07,0.4411733573442709,5.371678347057224e-07,0.571201923772423
3,8,4,0.0,0.4133472369038852,0.0953886663030863,0.25,0.6825245413835795,4.684228411921298e-05,2.0652246797780973e-08,4.770487958641393e-08,0.0005178509403312,0.8322479436539029,0.9803121995754588,9.94331497257195e-05,0.9905265413305884,0.448818897637795,0.1473951715374841,0.1265772994192753,0.7256944444444446,0.1933028919330289,0.1342900975728811,0.2340791738382099,0.172161172161172,0.0758525843579626,0.1988071852167352,0.2324319722955085,0.2722846897611976,0.2511404531144157,0.1893345776173557,0.1947477358241195,0.2176049862831973,0.2303628236019315,0.4107780229530478,0.4978447013899226,0.4658386613789236,0.4565486735111637,0.4285038423642999,0.5059128004487882,0.4309975361937369,0.4636081484921793,0.7115089183890095,0.1272264631043257,2.7033763943546937e-06,0.2252252252252253,0.410338225909381,0.8460610491552187,0.5790734524304151,0.7145881828891909,0.3935962807431684,0.6895662664481912,0.2512426452016857,0.226921712285496,0.2839994062606812,0.1722165522473283,0.5570609442446053,0.1563286342935879,0.5654698525331916,0.9270200341701657,0.1722941043484272,0.2166358869958168,3.517784167413603e-07,0.2688875355923418,2.600307824923173e-07,0.2622909198395819,4.687145950881917e-07,0.4072942181891771
3,8,5,0.0,0.3626374783378855,0.0547118800972915,0.25,0.6027520669026183,4.681943759840672e-05,4.735014547361121e-09,3.3506683326936114e-08,0.0016579238956559,0.8084180151764896,0.960321472953998,0.0004773760050578,0.9788137349028372,0.590551181102362,0.1486658195679796,0.1517716220470815,0.5451388888888891,0.2009132420091323,0.1033470632980032,0.4199655765920825,0.1904761904761904,0.1351369994087206,0.1882038085566333,0.2134150794216021,0.2818743078093704,0.3012217213921515,0.1882905614314193,0.1719974536392439,0.2687128523740618,0.3089890990110268,0.4070392014262063,0.4877494170788479,0.4789335923377479,0.5006229138827141,0.4400208323506549,0.5005417049967438,0.4875376992580528,0.5421811630015929,0.8038187672839929,0.1348600508905852,3.155175881636423e-06,0.2222222222222221,0.410338225909381,0.8876780673721893,0.5889126998712024,0.7148384623411004,0.3945284810490935,0.6330978707915799,0.3588721625171477,0.3111351831554529,0.3988342106574691,0.6457501797890369,0.3863389642837685,0.5829624867104856,0.436940045194353,0.916944211242207,0.1411780401315657,0.1791194422590595,9.17586021667845e-07,0.3579911064314488,5.727492405960761e-07,0.381417348367448,3.63812028860066e-07,0.4024305805107336
3,8,6,0.0,0.5309440652786366,0.2443207418034387,0.75,0.7361005556938605,4.684742544457179e-05,6.840976746075162e-08,5.806950808520576e-08,0.0001698871555817,0.8735786371874268,0.970952013154094,5.2609259820988045e-05,0.9798493304079426,0.448818897637795,0.1486658195679796,0.1255634867792865,0.6493055555555556,0.3561643835616437,0.0670725928733889,0.42512908777969,0.2600732600732599,0.0955668069221827,0.1066662511260497,0.2267823803180245,0.2527126770123355,0.2338213276773272,0.107834794038766,0.179011022560769,0.2075797034693047,0.2384116005399139,0.3680792681598894,0.5224363209038788,0.4806387297244657,0.4787975106152122,0.4021054832587443,0.5281633826205251,0.4628495121828635,0.5156034071915145,0.708065792769299,0.1653944020356235,1.9820502229390077e-06,0.2312312312312311,0.6515634971282704,0.8523988422913025,0.7129161222349669,0.8827346459314422,0.3241099757385837,0.6835618980760388,0.1437404868548807,0.312356688920516,0.3227740360190259,0.186743633337909,0.606994997172823,0.2162226799941561,0.6229167213283755,0.9280594502650624,0.234053888201022,0.2789986184269447,1.0731738998805943e-06,0.1462412518683426,4.368280892773771e-07,0.2022506255789043,3.446137554456445e-07,0.2572396129946186
3,8,7,0.0,0.4618863484814051,0.1345895888196215,0.5,0.6572343500539741,4.68199510512913e-05,7.406225748090249e-08,4.9092212115175664e-08,0.0001258960502516,0.7970563948992572,0.962714827488372,4.613333945000859e-05,0.9763519725817108,0.448818897637795,0.1702668360864039,0.1103562971794549,0.6111111111111112,0.2343987823439878,0.0974148943629567,0.4199655765920826,0.2454212454212454,0.1010460137475107,0.2552990261621633,0.1878675793624471,0.2251217456235417,0.2678552430718264,0.2508242537720531,0.1443162901598016,0.1968921576027818,0.2463659661301829,0.4650594467776432,0.4833471731520601,0.4528009858039019,0.4930161079354795,0.4904015775244213,0.4846413951091286,0.4415401035366402,0.5060380993274145,0.7021626020099241,0.1424936386768447,2.5027988822849317e-06,0.2342342342342342,0.5979578813018509,0.8952521417510431,0.6036813975216742,0.8145029648819753,0.4011488628058476,0.6353605219323325,0.2201372637288576,0.2273243875184978,0.2991499207575225,0.2313241791186669,0.533637148707415,0.2093042473894229,0.5645825247534668,0.938310687957604,0.1513656494261719,0.1867080600326135,8.728433906122147e-07,0.2734868102803142,3.875262672945524e-07,0.2699059628062898,3.126676855213301e-07,0.3260191479389867
3,8,8,0.0,0.453429635919548,0.138053298952823,0.5,0.7012875410769618,4.686558153198268e-05,4.70827523022046e-08,5.326868805686151e-08,0.0002371845569414,0.8746720241119342,0.9821395917976758,3.947625337620849e-05,0.9872685013893344,0.448818897637795,0.0711562897077509,0.236880114650054,0.5972222222222219,0.2191780821917807,0.1020767150239305,0.4457831325301204,0.3516483516483516,0.0682897013157822,0.0582613301313803,0.2533567015150075,0.2755961648848087,0.3774786636433952,0.0556967047434387,0.1770631675971181,0.2284526138326337,0.3561847351550632,0.2327063047294741,0.4532792390086607,0.4035074613178431,0.4960698736697538,0.2575159181961985,0.4311550345760447,0.3837897096140381,0.5163156398132487,0.7243575625687586,0.1323155216284987,3.155175881636423e-06,0.2072072072072071,0.5711550733886408,0.769844103474477,0.6628275248897602,0.7036974970289269,0.247168653719848,0.6868625484064674,0.5014249653867711,0.3428451244342128,0.4302997724614674,0.3392554691670577,0.3007871954386708,0.39967347331796,0.2946488892456906,0.8983943184834332,0.1412412072271272,0.1590333229931114,8.556110186751632e-07,0.5743356583496574,5.705954855535883e-07,0.6403063101934229,3.626827005381604e-07,0.6188916983210222
3,8,9,0.0,0.4516204535622757,0.1257519314386449,0.75,0.5690208095760906,4.685007047212481e-05,3.5739082281084707e-09,4.3696511744230534e-08,0.0028793885043578,0.7868308333991662,0.962407833638846,6.982190535757226e-05,0.9737364282122372,0.448818897637795,0.3456162642947902,0.052663041790403,0.8020833333333335,0.4261796042617959,0.0665637258133632,0.3924268502581756,0.2106227106227104,0.111531140429866,0.1457031984888,0.2649890495687518,0.3372928331214926,0.3656875873547799,0.1403967015380412,0.2045125851338128,0.2778920152230692,0.3137347922878414,0.3572498456031375,0.5116457184353012,0.5032933391566818,0.5293625928127046,0.3804873400483836,0.505990279960358,0.4720055931242374,0.5192653240084982,0.6908961732223391,0.1526717557251909,2.7033763943546937e-06,0.2342342342342342,0.5443522654754309,0.8392779214210324,0.6118681799398358,0.8162650427454015,0.392418775863454,0.6615519163135225,0.2118314534191444,0.3145788109605691,0.383325323828922,0.260694822048619,0.6510504490055089,0.3020626751244735,0.6877865288222478,0.9155653653484284,0.2178263073404406,0.2510606717554219,6.882426565763449e-07,0.2824155931527423,4.2063430933212404e-07,0.2769930304264217,2.906626421950556e-07,0.3248951772792786
3,8,10,0.0,0.4404940199519921,0.1234458294385814,0.75,0.426598778647248,4.679150481170984e-05,1.0586500601504869e-08,3.473540424239558e-08,0.0007513987213635,0.6544708590800382,0.9497688740432352,9.345758914722864e-05,0.974861548798852,0.448818897637795,0.1613722998729352,0.1161891918204862,0.7395833333333335,0.1780821917808219,0.1470638755407394,0.7246127366609294,0.2948717948717947,0.1567421475676568,0.0751979300052884,0.1426059040756065,0.1954609224221586,0.2241881105206494,0.0726761839688953,0.1135527823148287,0.1705606498922813,0.2041190894306019,0.3250108869370709,0.430280782062384,0.4158262853291841,0.445917458719313,0.3481585051306065,0.4383030657167286,0.4042660446313324,0.4563393773321076,0.8033227843829018,0.1399491094147583,1.9319030841190342e-06,0.2102102102102103,0.6783663050414808,0.6462946375530456,0.5998513274454318,0.7750735032950491,0.3262428561629295,0.5951385189952537,0.2260813077938347,0.3167243242797519,0.4016773170449035,0.0685733752996953,0.5144110327811678,0.1186549959600981,0.5652075883202743,0.9368745026032084,0.1381724045920899,0.1676838259344466,5.070794621366688e-07,0.2453777748380694,3.5331551894010825e-07,0.279822522288947,3.41481319250637e-07,0.340978897983512
3,8,11,0.0,0.3766626234910663,0.0588059998935816,0.25,0.6274425414077555,4.682883969343661e-05,3.9540537086716e-08,3.7542030998909015e-08,0.000194650824486,0.7487564990602615,0.9724762343697122,5.8694819447998366e-05,0.979392448093222,0.5196850393700786,0.0978398983481575,0.2011545435933432,0.6909722222222221,0.1887366818873667,0.1319762733475773,0.3115318416523235,0.2600732600732599,0.0636090145549206,0.1655038291101755,0.196841911765649,0.2143842967944476,0.2707037340263314,0.1638633115178849,0.1538240357483996,0.1891257808728354,0.2608264925606411,0.4035872708008111,0.4927564831196691,0.4474259471177265,0.4972766084555418,0.431819739445726,0.496830577649945,0.4395711435158194,0.5201314085188233,0.7227837311448511,0.1552162849872773,2.635396843441176e-06,0.2372372372372371,0.410338225909381,0.8251823365842772,0.6102368387828347,0.7947491009580041,0.3746903626632932,0.623008575217477,0.1919329052731648,0.2695070362878273,0.3179565223132474,0.1088786553216247,0.4853598707005264,0.0932202618057837,0.506709143250323,0.9390198128217148,0.1809702858185053,0.2170948966052673,6.272602316995744e-07,0.2245088307648652,4.856588569300799e-07,0.2685025641711395,3.3796505484396135e-07,0.3494660999562248
3,8,12,0.0,0.3663219653397273,0.0690355961570963,0.25,0.6920923119608529,4.68464507420597e-05,1.7311099183723376e-08,4.3852809240112e-08,0.0005714329334669,0.7928861723695018,0.9673589440951872,5.345764310615688e-05,0.9777290201240326,0.448818897637795,0.0724269377382464,0.2336145707780902,0.6736111111111114,0.1659056316590563,0.1455255816432904,0.3648881239242685,0.086080586080586,0.2484651025720788,0.1082321379871353,0.1627984300473565,0.1760412771684014,0.1730926621818602,0.1047063821857169,0.1209057252141341,0.1557809551711834,0.1702054488362394,0.3126516624325723,0.3996105338830722,0.3524813169143625,0.3540592229881364,0.3388683954389644,0.4042283275851765,0.3515095982080948,0.3832454663732769,0.7008206817462668,0.1450381679389314,2.921642855940123e-06,0.2072072072072071,0.5711550733886408,0.8310622389166689,0.7451166103462272,0.9007691324760718,0.2511036560376015,0.5590643021014102,0.2679599469566392,0.1840557652098753,0.2202060479679604,0.2341386183361934,0.566438872490062,0.2080455085343224,0.5717500268061121,0.9296777775516252,0.1714407719588587,0.2076532054057517,1.02282194394431e-06,0.2842650278458623,5.51622276506274e-07,0.316882732975259,3.935225755763637e-07,0.3327036318639992
3,8,13,0.0,0.3937232854845211,0.0724263707962253,0.25,0.5523185233368745,4.681909266037597e-05,5.356761774381572e-08,2.8613398021810044e-08,9.602895900949838e-05,0.6570864038294139,0.9549619347432984,0.0001878609172594,0.966679781823676,0.448818897637795,0.1499364675984752,0.1245644743238232,0.7048611111111109,0.2648401826484017,0.0970298339926227,0.521514629948365,0.2234432234432233,0.1455786767956253,0.1103879537277647,0.1636939541105412,0.2533836602756726,0.2967727260652235,0.1083465341753578,0.1227043130408169,0.2214236915862876,0.2734605304334635,0.3479140648489829,0.4440013952775557,0.4559192071974042,0.4958166743386164,0.37586595419657,0.4480417230750584,0.4454074344390425,0.5098366698400144,0.6442823570321852,0.1272264631043257,2.4381804720422044e-06,0.2102102102102103,0.3299298021697512,0.8920960394989472,0.693955601313629,0.8583298194445841,0.31596499921026,0.5639362892372756,0.2436177216124282,0.4012374622451788,0.4878055141385138,0.4007389235005493,0.7645337989120357,0.4251959167464496,0.7949546783414797,0.9245937673709382,0.1622750182881673,0.1950181828292853,5.56932776306561e-07,0.3348751350732774,4.0510857171475844e-07,0.3237291835126424,3.584873777711754e-07,0.3624574831539661
3,8,14,0.0,0.3740285120856947,0.0588196022375633,0.5,0.7319761850138989,4.68481345751455e-05,3.749662967050404e-08,5.260039679955172e-08,0.0003017439967328,0.8660170341732443,0.978530572822206,3.394078850816573e-05,0.9851398471799758,0.52755905511811,0.1130876747141041,0.1793818386254992,0.7881944444444444,0.1887366818873667,0.1468722000137845,0.3287435456110154,0.2600732600732599,0.0684511043075361,0.1743716509574887,0.1853940298673652,0.2442543110080766,0.2434175791637142,0.165274063941147,0.1684524887731807,0.2064905037753029,0.2304347297798693,0.3557275285155271,0.4021742840765815,0.39334703074684,0.3931644419131097,0.3746464723009211,0.4348870740261856,0.3759802743047873,0.4106415704175419,0.7884640537444807,0.1323155216284987,2.7748919164024218e-06,0.2132132132132131,0.5443522654754309,0.5828246337183911,0.6203512227726478,0.6787891259383585,0.2516265170221762,0.7050259501656728,0.3350164802680224,0.2836687281170542,0.3514883167552209,0.2284993846390229,0.4390599042657794,0.2295958133927372,0.4743666579212061,0.9200393237572186,0.1488586858930938,0.175021802559473,9.66689111284342e-07,0.4520142370948545,5.721722279307202e-07,0.4271070576944528,5.032415114298786e-07,0.4859251961802374
3,8,15,0.0,0.369850138355456,0.0533257443208588,0.25,0.502308119975606,4.6789467083214176e-05,3.551015043548732e-09,3.031522745395308e-08,0.0020092118946309,0.7026171968327668,0.959503612190324,3.15964226251681e-05,0.9709844279546074,0.448818897637795,0.1321473951715374,0.1400288622522971,0.7465277777777777,0.3059360730593606,0.0881662890275001,0.5387263339070568,0.3186813186813186,0.1000053891954135,0.1679376736151467,0.2189216847579221,0.3049081118810793,0.3480638396788573,0.1648089835422413,0.1808822870727583,0.2304385330619743,0.3286664774771803,0.3887758660947346,0.488086075209537,0.4926502727272403,0.5314947841403352,0.416371287519128,0.5008827844605279,0.4502540988444918,0.5494360816291841,0.8497916754643198,0.1399491094147583,2.996878273430096e-06,0.216216216216216,0.7051691129546904,0.6509818675537002,0.6195732820407969,0.8038489688138801,0.3026973099995902,0.6416104236356098,0.2888543221413153,0.2332883444606348,0.2562459427073,0.1487362264271491,0.6022939678867661,0.1101579962598774,0.5959110103882819,0.91309741461833,0.2126540090311226,0.2629286281639643,7.705092067178929e-07,0.2953416608565876,4.316405009254385e-07,0.4430251889849098,2.85730715947032e-07,0.4347846734333843
3,8,16,0.0,0.4022992460367938,0.0779020953965786,0.25,0.4780261013419228,4.681793281792287e-05,6.169708913006607e-09,3.2966100600630075e-08,0.001244366158845,0.8071969941233152,0.961479519039035,3.622900021295332e-05,0.9663181985819403,0.5196850393700786,0.121982210927573,0.1660531566277929,0.6736111111111109,0.293759512937595,0.084297262791995,0.5335628227194492,0.3333333333333333,0.0933394456359796,0.1484735084047963,0.1814048319599479,0.2484011109295724,0.2525747139833543,0.1478930443636512,0.1565340336770789,0.2322277913390856,0.2588507024884336,0.3780830481440023,0.4614711604268298,0.4543292548500408,0.4653965734937746,0.4100326505187806,0.4857436721976737,0.4589894339308705,0.504692240561736,0.874040353591282,0.1374045801526717,1.881755945299061e-06,0.2252252252252253,0.6247606892150608,0.8237333322552507,0.6450159111664062,0.8091131094535378,0.3926636877974169,0.5951600776878259,0.2989317536532061,0.3716355295278672,0.4385764835200478,0.3018247100651481,0.5467563364494684,0.3310136220391484,0.5378799011839656,0.9211603588977568,0.1510157856440766,0.1769440794534256,8.025718755189618e-07,0.3285500800846738,4.451640969076377e-07,0.3440168169347194,2.60374064544681e-07,0.360887903980423
3,8,17,0.0,0.4616197077937657,0.1609404050074048,0.25,0.5079294252249179,4.684088360578325e-05,9.900625460156072e-09,3.2133100768798634e-08,0.0007436408521385,0.7391830781688027,0.9553754730980412,7.916934651935486e-05,0.9835392732074036,0.448818897637795,0.110546378653113,0.1642987810430086,0.6909722222222221,0.263318112633181,0.09599717964209,0.5025817555938037,0.3315018315018314,0.0869897383905397,0.1496930256631167,0.2407869686588214,0.2616657846275398,0.2968200168479877,0.1392900772344865,0.2009022480748015,0.2370906074499672,0.2685388378969429,0.2997774515446189,0.4178215067483964,0.3674078862273083,0.3969107359349746,0.3130841003321865,0.4344566722539715,0.3653637047403607,0.3995530202770618,0.653342922160904,0.1221374045801527,2.198560618729097e-06,0.1981981981981981,0.6247606892150608,0.7713473099849266,0.6647714564543579,0.6715215736780933,0.2918292963808545,0.5240385950579627,0.4966036173276719,0.3851420437083939,0.4959634618661455,0.2699429878704199,0.4204835734166391,0.2326126296636641,0.4533733134636865,0.8999396120560644,0.1294333446829396,0.1621115072774814,1.126652401511477e-06,0.6269226803898278,5.324091928271407e-07,0.643786296301388,4.372189912332364e-07,0.559480394813122
3,8,18,0.0,0.4004531510694964,0.0766196136769619,0.25,0.6631834267115871,4.680523683124223e-05,2.6843066577389715e-08,3.613181332794346e-08,0.000289368528589,0.8218691895889921,0.9546119844687838,4.771168407885328e-05,0.9578873452072098,0.448818897637795,0.135959339263024,0.1364257650648806,0.6805555555555556,0.3257229832572296,0.0765412329538244,0.4819277108433735,0.3296703296703296,0.0829235725681312,0.2835991544599436,0.2863623855518927,0.296442819292937,0.3203164502567953,0.2802221659697335,0.249136126409134,0.2530006629212665,0.3137560700178606,0.4844435819951745,0.5611553372205077,0.5028092518096043,0.5286909065829486,0.5113054932388899,0.5782561427912278,0.4834978397815186,0.5542485007014865,0.658075575893954,0.1424936386768447,2.7033763943546937e-06,0.2192192192192192,0.6247606892150608,0.6925962003300921,0.5608510436619039,0.7729369290469581,0.3757365989950789,0.5621015035399297,0.2868400757711827,0.3538795890006394,0.3990441411578489,0.372087004663107,0.632035492696417,0.3489297744147391,0.6593838470149108,0.9225186302899254,0.1633435564109377,0.1942205235239937,7.552072145084531e-07,0.3777095166264006,3.6142179011155593e-07,0.3151379916837818,2.5203416613898025e-07,0.3078581434225426
3,8,19,0.0,0.3851422523007884,0.0725046029604044,0.25,0.6508949052248347,4.680753607624961e-05,2.7199562549479185e-08,2.9716053383772003e-08,0.0002295076944849,0.7997131171936058,0.9635485840371428,3.964307761930453e-05,0.978547890972641,0.448818897637795,0.1613722998729352,0.1161891918204862,0.6111111111111112,0.263318112633181,0.0868839536738691,0.3270223752151462,0.1923076923076922,0.0997199814660927,0.1163739467370205,0.1709551138715908,0.1829205089229799,0.267341016831682,0.1132702207225039,0.1291456799677272,0.155238337654957,0.222064326749749,0.3554752301570845,0.454189220065821,0.4065317094821017,0.4777520945852946,0.3804408442358785,0.4552265895319261,0.3942842662989361,0.4721377222623305,0.7196297428447584,0.1475826972010178,2.4381804720422044e-06,0.2222222222222221,0.517549457562221,0.6074539080784338,0.6107520223561549,0.7831517767461253,0.2992001410117393,0.644951456263273,0.2223688552410817,0.2328028494383514,0.2771729434899477,0.2038593656985191,0.4680617754189155,0.2111759514623111,0.5161510050773092,0.941764409150674,0.1511420328527735,0.1770154393627393,9.019234113465246e-07,0.3037384540442416,4.219841555775724e-07,0.2432225985823659,2.984306331939065e-07,0.2816420809767945
3,9,0,0.0,0.6479974788280942,0.3533532208866148,0.75,0.4987160839007893,4.613371706208576e-05,1.620019458256036e-07,1.2648518300512594e-07,0.0001530110672556,0.7368459867073205,0.9486683344046326,0.0001720332563174,0.995608155228928,0.448818897637795,0.1728081321473951,0.1087865227691497,0.6875,0.3257229832572296,0.0771942426145441,0.4578313253012047,0.2307692307692305,0.1205842706440293,0.1930739327973021,0.1797230980964021,0.249736964412884,0.2842596228636935,0.1896227997888577,0.1555851637293634,0.2113892626360309,0.250899508313668,0.4127021765615853,0.4626378257996801,0.4576537558602932,0.491207641009984,0.4396433381910513,0.4833410991581936,0.4414488726898047,0.4971969796071622,0.7531745091044897,0.1832061068702291,2.996878273430096e-06,0.2342342342342342,0.5979578813018509,0.8794217331818093,0.6126620365962197,0.8424958195119276,0.3808088871040425,0.8090267089772681,0.2206241725348092,0.2266969439015553,0.2988278418449139,0.1890795700438376,0.5184120867401495,0.1789948819458124,0.5399360507930179,0.9375105664596012,0.1523608084073087,0.1886836619335434,9.154930504823456e-07,0.2468628145938056,4.218294266878737e-07,0.2733197637177247,2.950041301498823e-07,0.3006117214422582
3,9,1,0.0,0.5152251256761927,0.2164906626512328,0.5,0.5839422601761814,4.605257586661555e-05,3.7693643171189384e-08,5.3442217886367876e-08,0.0003052699188829,0.7859279861428297,0.9324230476906162,0.0001030308207862,0.9778441386317336,0.448818897637795,0.1969504447268106,0.0956734934278933,0.6111111111111112,0.3850837138508371,0.0586818988873032,0.3442340791738381,0.2967032967032965,0.0605423577115975,0.1368010453818637,0.1747371327372034,0.2894148015729089,0.335248167030339,0.1371964374616858,0.1422413778391463,0.2312199918031259,0.3217679960312934,0.3943202089375912,0.4899321172459333,0.5122888078107177,0.5539692772827709,0.4250554089627433,0.5016646189981123,0.483107136392693,0.5749549527957409,0.7687571311317907,0.1475826972010178,2.996878273430096e-06,0.2342342342342342,0.5443522654754309,0.6269732038673199,0.586473022971064,0.7939776237207972,0.3079201538995594,0.7177339503445017,0.1737265399816046,0.2415445059628314,0.2927325708983002,0.1965787940214978,0.5226880754402697,0.1625766089833801,0.5199046601968058,0.948626334221362,0.1487179765971187,0.1831184934530862,1.0916692617409485e-06,0.1887300819954384,5.85089121290215e-07,0.2515795263201059,3.0306199095824645e-07,0.245079568933279
3,9,2,0.0,0.3047873979104752,0.0251209797494587,0.0,0.5561818600720397,4.603395733898701e-05,5.0229139848890266e-08,2.581857482736736e-08,9.13968490534483e-05,0.6525886919741214,0.9409118502716476,0.0001476220323951,0.9752922177331288,0.7637795275590553,0.1867852604828462,0.1485438463514495,0.3645833333333334,0.1750380517503804,0.0880785491609428,0.3390705679862306,0.2106227106227104,0.0934734222546986,0.1284531878007541,0.2268322308410056,0.3148786331633234,0.3141592016668995,0.1220435893526606,0.1756862741749285,0.2514324104283593,0.2935734145649977,0.3105447060790405,0.438891732802094,0.4527829108668442,0.450664076168789,0.3312095519168536,0.4395989882607543,0.4162901490347022,0.4655883349094424,0.7362755645129999,0.1450381679389314,2.315333560399322e-06,0.2222222222222221,0.3835354179961712,0.827084952506933,0.606831802631338,0.5233641722852038,0.3113719350726392,0.4700493309486268,0.4999205589155677,0.5754985703110733,0.6819720505677687,0.3977860119558156,0.6716923577006222,0.3867208946110989,0.6376253774428392,0.8918756408079573,0.1384163918433124,0.1605283510276083,9.274459234717952e-07,0.6555453206362213,4.798700455310291e-07,0.5780127112312186,6.74999386421804e-07,0.634890672526631
3,9,3,0.0,0.4751605538697923,0.1870361363530087,0.25,0.4126109125869371,4.602694473276838e-05,2.147716751180832e-08,2.8348078084293263e-08,0.0002841000233378,0.5404207526543485,0.8783606363026942,0.0002231400817721,0.9784311466790316,0.448818897637795,0.0749682337992375,0.2273346787166213,0.71875,0.2313546423135464,0.1124510361384887,0.5352839931153183,0.3095238095238093,0.1028558350791947,0.1634140570929238,0.1980028575575906,0.2689719767535136,0.3620177469620952,0.1561748723519499,0.1577416319826805,0.2236075283420925,0.3414642344944111,0.3770460574472763,0.45847119465349,0.45464084584982,0.5326919016780999,0.3968214701181477,0.4619262866445611,0.4292352918069544,0.5456862726684827,0.7191940451112049,0.1704834605597965,1.6527283604113546e-06,0.2222222222222221,0.517549457562221,0.7028034488331185,0.6523171023165517,0.6579502315440822,0.2918409446388841,0.6105066464840967,0.3697672105003499,0.3141998071641885,0.4018294544468901,0.410444314371091,0.7462617057680652,0.376794755671572,0.6961551972735891,0.9089569932510448,0.1648607281608766,0.1955414527922246,1.3351194599943814e-06,0.3969965506876541,5.196951931303629e-07,0.4135582698368507,2.8537332038578665e-07,0.4366683958482859
3,9,4,0.0,0.8510716150963076,0.739747287938493,0.25,0.3486481896701863,4.6124881041180856e-05,4.2099502951329715e-08,6.180444090990959e-08,0.0003168593110773,0.865727517115962,0.8858440177834543,0.0001105056544264,0.9909281753680332,0.5196850393700786,0.1334180432020329,0.1531806615776081,0.7881944444444444,0.2222222222222221,0.1260888356652192,0.4629948364888122,0.3498168498168497,0.072503168889988,0.2146788162271578,0.3275677608391253,0.3739150397740367,0.3519309122962076,0.2049189869428615,0.236665517472051,0.30447191274188,0.3187369340439462,0.422498033647942,0.579601953143062,0.5439513106445485,0.5323001517868309,0.4408485579151487,0.5476207198278427,0.5029014882310859,0.5336660564406746,0.7954619280175819,0.1348600508905852,2.996878273430096e-06,0.2192192192192192,0.6783663050414808,0.7210972595867453,0.4299900148370454,0.6479407931805397,0.4320264914889553,0.8276885399824543,0.4664968522484916,0.4858483634123247,0.5769273217397135,0.3338555250436139,0.4924776376420103,0.2798757902237079,0.4992552570195552,0.902395308498516,0.129230534208435,0.1540842530721651,1.2094336474425838e-06,0.5830425560847415,5.790520355478658e-07,0.5089869453150024,3.9892290854409753e-07,0.4692816809943564
3,9,5,0.0,0.4891469980920713,0.192833074645321,0.5,0.5467871271630919,4.603967933856365e-05,4.298992546338263e-08,4.860633114934464e-08,0.0002372044527261,0.8032342829039104,0.9170492416744408,9.510169479792346e-05,0.9802043976191376,0.52755905511811,0.110546378653113,0.1829796321772859,0.3576388888888888,0.2191780821917808,0.0698729226454322,0.2943201376936316,0.3168498168498168,0.0431277354390147,0.1875792401289699,0.1715534612273072,0.2398820861791194,0.2966069186678673,0.1903440620535472,0.1439001107474714,0.2079679452784494,0.2936229693825253,0.4390828442902453,0.5057036574827082,0.4952189372358817,0.5445668864636247,0.4705937623144808,0.5199801566662402,0.4828608764566242,0.5717060952292732,0.7932811261097648,0.1450381679389314,3.321707374381705e-06,0.216216216216216,0.6515634971282704,0.8025310936208192,0.4950781679022578,0.7728074657544606,0.4707334707578314,0.6227268363074725,0.2659632440350369,0.2454031125581173,0.3186471070974686,0.4482433285369168,0.5362147630755044,0.4171736198787584,0.5540129473101956,0.9365027531365068,0.1205713848860253,0.1497219362362638,6.79838265899945e-07,0.2644526868241525,4.76938225385952e-07,0.2703661114990836,4.711887034843658e-07,0.3175132639009609
3,9,6,0.0,0.5670451373831482,0.2628633558711828,0.75,0.4376588312495547,4.604419608281943e-05,7.646614779134722e-08,5.3768961237804415e-08,0.0001353688742749,0.7199287148200783,0.922309703123382,0.0001886366602019,0.9855123095912084,0.448818897637795,0.1829733163913594,0.1028926458421143,0.7083333333333335,0.3074581430745813,0.0839400392454176,0.4681583476764199,0.3315018315018314,0.0792034634114596,0.259247711937162,0.2697200238503295,0.284160051317342,0.2797433979957016,0.2504164445675794,0.1980543726466766,0.2435211702202949,0.2632274149302229,0.461895517798467,0.5388218099011354,0.4844003111651075,0.4890616032784792,0.482941983647964,0.5202006631177725,0.4636157230434511,0.5030260138008309,0.6946307293819323,0.1603053435114504,2.4381804720422044e-06,0.2192192192192192,0.5443522654754309,0.916403165280416,0.6984459476475786,0.8372712191399221,0.3217048151577205,0.6881372198109197,0.2793327475644453,0.2940615390552277,0.3706571883048872,0.1884862739667964,0.5864865341565835,0.1478819928598764,0.5936956678136551,0.9186678064961218,0.1757137545460512,0.2184330085095951,1.3989553129362335e-06,0.3058083483763369,5.589397145060983e-07,0.3746398649972198,3.009940480515675e-07,0.3666510436910389
3,9,7,0.0,0.3315370936203394,0.0492039719644965,0.25,0.4530492975004421,4.597648261628742e-05,1.5515402701045434e-09,1.9100814877616e-08,0.0029337604527835,0.5819926725840381,0.9172180297503754,7.708100800078763e-05,0.9418948518545928,1.0078740157480317,0.1372299872935196,0.2459649900961642,0.2951388888888887,0.2024353120243531,0.0665720953373767,0.3287435456110154,0.3113553113553112,0.0526576498591116,0.1743244450017718,0.2256166827106225,0.3083127897058517,0.38550543098648,0.163808257083354,0.1700300687413818,0.2540839639445365,0.3431047134036508,0.3600785156288175,0.4486997024446149,0.4563055320355176,0.5235530705068325,0.3753971570948641,0.4394021141651462,0.4245534569286944,0.5176732187654373,0.8336712270175997,0.1399491094147583,3.155175881636423e-06,0.2222222222222221,0.6247606892150608,1.0077340799539427,0.6119241201683039,0.7255927281464176,0.399122663499228,0.4184223004678638,0.6487843544223937,0.6393020728478254,0.6796410961069834,0.5672850697976002,0.6879717660337503,0.558662702254895,0.7237430941525516,0.8919055385194735,0.0970137436470546,0.1164061657068154,9.042018684888396e-07,0.6728165405568556,6.395614806710405e-07,0.6000277476486283,4.23156262022297e-07,0.6542674593061764
3,9,8,0.0,0.5729676984723808,0.2456711098766539,0.75,0.4514434162159561,4.611532860447509e-05,9.016148412418765e-08,6.222878859856775e-08,0.0001321151098605,0.6130920253490392,0.9351233800040468,0.0002423882253573,0.992161736654115,0.6062992125984249,0.0711562897077509,0.2896846538562778,0.8229166666666667,0.3470319634703195,0.0843205079605762,0.521514629948365,0.4175824175824175,0.066652051448231,0.2473940495219991,0.2217265549322495,0.3156513303756166,0.3718195523504919,0.2509829940415566,0.1807432671440995,0.2625430328504773,0.3625302971420585,0.4359853302293919,0.4672218541725926,0.4814835751703474,0.5301330624839318,0.4760101057078547,0.490242642176014,0.4665827156630566,0.5667540249598336,0.6928349133033733,0.1806615776081425,2.1430609739925736e-06,0.2102102102102103,0.6783663050414808,0.7793983628949626,0.5468881294518102,0.6437734872353107,0.3915685621431541,0.7828258452715324,0.5146358163086504,0.4406832162249787,0.5014104064907716,0.4948167857513496,0.6621170018562342,0.4573832230142384,0.6565625520597266,0.903718935045896,0.1097323939700118,0.1315685348505593,1.740833687384827e-06,0.5731884623979525,8.613804280311241e-07,0.5837318917865547,4.264130359058823e-07,0.5257556503660421
3,9,9,0.0,0.485707406006909,0.1715067996999234,0.5,0.3704014972689072,4.603629859831466e-05,2.782001478816937e-08,5.8433923123411646e-08,0.0004672289464372,0.6269237345674714,0.9148677528003358,8.401710723792793e-05,0.9850616949601192,0.5196850393700786,0.1473951715374841,0.1397784342208313,0.75,0.2343987823439878,0.115004634356909,0.4561101549053354,0.3443223443223441,0.0726021385323511,0.188922012930827,0.2547742580548022,0.3053698478416362,0.3383147130291378,0.1802900399892967,0.2207745569216059,0.2805897610355459,0.3126210719278642,0.3896272981960119,0.499429543077976,0.4744967838810841,0.5045744727396405,0.4092607934080136,0.5185237916236375,0.4701103765409874,0.5133372987573536,0.8115208691315128,0.1755725190839694,2.5674172925276577e-06,0.2342342342342342,0.4907466496490109,0.6815332229880666,0.5860853564366142,0.6576469092356976,0.3558922928427258,0.5446654846964717,0.3712769572259297,0.4450457931575675,0.5685648312412677,0.5118409802702747,0.588481575127862,0.6432373419001808,0.6318716616884879,0.9110834802046374,0.1262239660868302,0.1566711058271209,1.4624028986289716e-06,0.538691699675616,6.758952584113864e-07,0.4827176475026487,3.831386069921038e-07,0.4917707695238189
3,9,10,0.0,0.553774417532169,0.2582948252659461,0.75,0.4260563796739332,4.605099695031551e-05,4.885082837521018e-08,3.4308559254293685e-08,0.0001358770064378,0.69347975568879,0.9022992858353648,0.000253835300872,0.9827185765607064,0.448818897637795,0.0952986022871664,0.1867158024041414,0.6805555555555556,0.2237442922374428,0.1110681353160938,0.4612736660929431,0.3003663003663003,0.088410091848262,0.1004981291445208,0.16050170341479,0.2606876303574512,0.2301665821972889,0.0973248868669752,0.1279732722422395,0.2089203444220341,0.2186229978177061,0.339431529492486,0.4398870980968937,0.460304103582373,0.4448513801678745,0.3633269023173752,0.4480306203238827,0.4311609437950139,0.4631436303943771,0.7802104972753643,0.1628498727735368,2.4381804720422044e-06,0.2222222222222221,0.7051691129546904,0.6794554147436291,0.6556695257921579,0.8463689503558034,0.1927426992251468,0.6427859335925996,0.255768169340054,0.1818368016220888,0.2376963583524318,0.1974339040464647,0.5462577964265989,0.1725930512676122,0.548692272465545,0.930586463556975,0.1715755471077213,0.1902066835082292,4.206215644944001e-07,0.2526648270319359,2.83826098309523e-07,0.2782845186459742,4.228238569702818e-07,0.3285688125275919
3,9,11,0.0,0.4468182182260924,0.121882580815491,0.5,0.5503174812896762,4.602861756074482e-05,5.025320997101911e-09,3.5826997442328145e-08,0.0016692485988405,0.6191893220552928,0.9535617390322284,0.0010290265073302,0.9773800782938156,0.448818897637795,0.1842439644218551,0.1021963417844233,0.8576388888888891,0.3515981735159817,0.0862436504927975,0.325301204819277,0.346153846153846,0.0436254528367593,0.2850985789863532,0.3211883621606293,0.315855374138123,0.3011706407459981,0.2738936628711272,0.2529413072168746,0.2652979405790661,0.2829384212865852,0.4786393464051323,0.5782406805846025,0.5039487604467139,0.4997798409025619,0.4980335320845857,0.5682949001067844,0.4761300116718336,0.5122106532363769,0.7209697043614334,0.1577608142493639,2.7033763943546937e-06,0.2252252252252253,0.6247606892150608,0.7985793561644452,0.4531706069412902,0.7071526663577878,0.4377898662493901,0.6051525716927145,0.2288022913699772,0.3246929505299381,0.3771729650357742,0.0939543892831968,0.5621387022826901,0.0684903985248925,0.5651290294685383,0.9202288375457234,0.2000109111880195,0.2486740334690796,8.060578999008128e-07,0.2901751909210118,3.488217638187276e-07,0.330589383248237,2.4589196070856657e-07,0.3773564848985853
3,9,12,0.0,0.8521663347487225,0.7408459437865056,0.25,0.4000419966880089,4.612450793039764e-05,8.090805155241203e-08,1.0687123313189017e-07,0.0002810441334042,0.8618678528364593,0.9125434822245104,0.000161321178776,0.9968190827468498,0.5196850393700786,0.0952986022871664,0.2056748789808441,0.8090277777777779,0.2815829528158294,0.1024999674813064,0.4285714285714284,0.368131868131868,0.060400853718827,0.201670458342915,0.1822190461624413,0.2116266315217564,0.2549891525837532,0.1975778850147554,0.1392423427331947,0.1725015712812259,0.2523958608571097,0.4073436250806548,0.4450714501432313,0.4096433481513746,0.4499330566907641,0.4349615602267163,0.4507870774901905,0.3936777933292823,0.4810055059780818,0.5708316668889979,0.2213740458015268,2.315333560399322e-06,0.216216216216216,0.5979578813018509,0.9367133607501734,0.6942733441249391,0.8346876765977429,0.3715799121809347,0.8162946894470909,0.3279286383882984,0.2599891949246444,0.3193976306515771,0.501825691175861,0.7013950293796769,0.4652229556190552,0.7201349301766193,0.9157434941381432,0.1718370817094629,0.1994064678825368,6.6964801542649e-07,0.3695778392732664,3.797705540835353e-07,0.3613810653669993,4.203514770190288e-07,0.3603101777493179
3,9,13,0.0,0.4530353894965586,0.1352938648948685,0.25,0.3400632711350583,4.600800857165256e-05,7.318250135847455e-08,1.927780011389786e-08,3.167124148005645e-05,0.6807302859019507,0.8965666522623225,0.0001724143774623,0.9649034524288388,0.448818897637795,0.1499364675984752,0.1245644743238232,0.5798611111111112,0.2800608828006087,0.0783152961453855,0.5972461273666091,0.2783882783882784,0.1333066241116856,0.2266979758312821,0.2408883071047868,0.256895059190605,0.2179977926033046,0.2262409642850392,0.2163242499363828,0.2288663185838187,0.2222081483748298,0.4600769895912042,0.5495111644906496,0.5004570556368465,0.4889702448972036,0.4876060929646001,0.5688214109726937,0.4885948256785266,0.5185746862647511,0.8417181602161579,0.1577608142493639,1.9820502229390077e-06,0.2222222222222221,0.7051691129546904,0.9362086706224207,0.8007611280296016,0.9243480670292934,0.2850630814313458,0.4811198098121068,0.1975888326211103,0.2972214881470207,0.3577039909979591,0.2914023199140278,0.5838015882137676,0.2435756247678443,0.5984606384259178,0.936835768505914,0.1697352615986936,0.2095716694466889,8.709783759379287e-07,0.2741664187079583,3.759199191421299e-07,0.2409162637010521,2.49477823543826e-07,0.2116184470054939
3,9,14,0.0,0.375629984883237,0.072390697007019,0.5,0.2904628762166971,4.5997172946658e-05,4.524880833687e-08,2.9752781802647056e-08,0.0001254696320098,0.7666731981340351,0.9391425924795987,0.0011391565171921,0.9746222029557972,0.448818897637795,0.1003811944091485,0.1786334749746173,0.854166666666667,0.3820395738203955,0.0789065790582091,0.308089500860585,0.2417582417582416,0.0693226804630069,0.1564640203658093,0.1795006377333178,0.2271117961323702,0.3061054548482712,0.1491149021684502,0.1520714915681323,0.1886511396684172,0.2903648850137628,0.3755967832417373,0.4477535309913952,0.4267802311850038,0.4942011887401933,0.3942025826630413,0.4601073542135974,0.4035689227829627,0.5078590202823241,0.7904771015640151,0.1450381679389314,1.7411097183832636e-06,0.201201201201201,0.6515634971282704,0.7716244268586077,0.6204456841870511,0.6950481709156442,0.3540419198335336,0.5422548882648134,0.2947552292458945,0.3058223726937279,0.386695822712054,0.3158104961187444,0.5865121313367267,0.3018947318949316,0.5629675401851397,0.9307298817142756,0.1231159926524844,0.1469378552903766,8.89126695912486e-07,0.4044796677782047,5.532358720771552e-07,0.333142198146672,3.2042197337333937e-07,0.3626830384161189
3,9,15,0.0,0.7458277631451355,0.5593089090753655,0.5,0.4332977265233584,4.606810622495589e-05,3.8223625922928e-08,6.81502661145767e-08,0.0003913820412652,0.7998000267843921,0.9285486600381394,0.0002891667237985,0.9924516341328562,0.5196850393700786,0.1613722998729352,0.1283957205753496,0.6701388888888891,0.3105022831050228,0.0793538597660274,0.3734939759036144,0.1831501831501831,0.1232652016935,0.0486010771142852,0.2100877439754908,0.2124272705565732,0.2909397045326162,0.0512009753152635,0.1913782030477608,0.2042522507657879,0.3082468154756321,0.3578426838445483,0.5381112864803453,0.4833114069225399,0.5461757289348486,0.3989753016969267,0.566438572769411,0.4919716522048406,0.5911133241721245,0.6690027668335867,0.1475826972010178,1.4888592095510174e-06,0.2102102102102103,0.5443522654754309,0.8009478509434369,0.705210324682759,0.9099392145010304,0.3073380794603293,0.7876952740485386,0.2196522472417388,0.174952137484899,0.2167379738620696,0.4537590638559134,0.7964807246574529,0.385382837483883,0.772218305575428,0.9348077069309108,0.1760120598190074,0.2168710584042211,1.0820640942971906e-06,0.2061459990503476,5.101338188173238e-07,0.2745444814217314,2.651565151814331e-07,0.2276297232146506
3,9,16,0.0,0.9033719198941034,0.8351956679016462,0.25,0.5337178923018148,4.614153214782922e-05,1.474098943801712e-07,1.4564079425593796e-07,0.0002019646367255,0.8970218295409715,0.9177548592504298,0.0001507766214544,0.996164194507213,0.448818897637795,0.1435832274459974,0.1297109021246952,0.7986111111111114,0.2663622526636224,0.1070711176070594,0.2512908777969018,0.2087912087912087,0.0645334135076926,0.0765267789428103,0.2499920606339987,0.3135619549898608,0.2853930369929988,0.0754864780426988,0.1454358830689317,0.2872474759953626,0.2814483935442671,0.3205213428671654,0.5153265712416142,0.4998354250499109,0.4851043236115987,0.3505755179423186,0.4689352028397536,0.49690573729565,0.5152636385928215,0.694167006830428,0.1450381679389314,2.7033763943546937e-06,0.2042042042042042,0.5711550733886408,0.8207173837287609,0.5490734960274324,0.8173011839561823,0.353640182975505,0.8838114368535613,0.2566907773506614,0.235893359882545,0.29227544834841,0.2296761869540684,0.5502718557717265,0.2288403186863347,0.5745390899907676,0.916528647649496,0.205196506813956,0.2324103096000409,8.317957001651607e-07,0.2513462938140649,3.574447665560069e-07,0.2680853485336111,4.021535364510716e-07,0.3605750364917496
3,9,17,0.0,0.350385295118563,0.0368222891854823,0.25,0.4963580356063094,4.604987909202349e-05,1.648522237639097e-08,3.0350597133199933e-08,0.0004084133355596,0.5736991891009329,0.9500643827449802,5.801926309808396e-05,0.9775184761476324,0.448818897637795,0.1613722998729352,0.1161891918204862,0.6145833333333335,0.2389649923896498,0.0960332002980908,0.3321858864027537,0.1263736263736262,0.1592096762568469,0.2040717894219262,0.1911651194834359,0.2371519591473117,0.2315912230958668,0.1992938354508038,0.1625639304621079,0.2007457009783898,0.2389227655718644,0.4100576001243169,0.4544083366417374,0.4312479042623675,0.43325120875205,0.4364934471043618,0.4742142301652347,0.4173091665996271,0.470656353973561,0.8244315124506638,0.1450381679389314,2.7033763943546937e-06,0.2252252252252253,0.3835354179961712,0.8530948559444944,0.6001568144837632,0.7742440213770849,0.4129321601820734,0.575251457896409,0.3139853386610594,0.3337481523973558,0.4189630661998027,0.4966956052645372,0.5672110473552128,0.4780962033684202,0.590705546174747,0.9184227411612168,0.1498441768408941,0.1879043025062825,9.54133014573518e-07,0.3795091456395014,5.247856306022571e-07,0.357526303927391,3.3107337721559125e-07,0.3229852499221829
3,9,18,0.0,0.8255252314772805,0.6948906567398215,0.25,0.3366679885728083,4.601182042231904e-05,1.476105918659455e-07,1.224628157902087e-07,0.000164599498309,0.6799274038297429,0.8622168045462764,6.712033886090186e-05,0.9972411791389988,0.448818897637795,0.1003811944091485,0.1786334749746173,0.7465277777777777,0.1780821917808219,0.1481826347388842,0.5008605851979345,0.291208791208791,0.1020366048119768,0.0843328569552811,0.1965887546239591,0.1931275886711223,0.1972850413829082,0.0843070541386793,0.1618118389436937,0.1738453207756937,0.1990896484871374,0.3383866125960104,0.4829570159855171,0.4220140783362227,0.4348948117869047,0.3711579564466277,0.4984296787132393,0.4224816893105335,0.4702430476885721,0.7170772740629392,0.2213740458015268,2.087561329256051e-06,0.216216216216216,0.517549457562221,0.7603190607052253,0.6451065544095025,0.841437428421477,0.3057424521599135,0.773326785169431,0.2052137159812603,0.2550315570965316,0.2981096729928443,0.2232948591688399,0.5365715132618744,0.2035716092145108,0.5341507250312804,0.9404578793308052,0.1596562623210103,0.195676694707886,9.597703388849365e-07,0.2519072242059298,4.080487578750353e-07,0.2270758932636771,3.23471531485378e-07,0.3038136033028543
3,9,19,0.0,0.2935056501265224,0.0206188987227057,0.0,0.5968101742413325,4.599926778695379e-05,1.9828138778763483e-08,3.8890805133800284e-08,0.0004358175005981,0.7402647657550807,0.8931233842159184,6.548430017363206e-05,0.9295651757392968,0.52755905511811,0.0851334180432019,0.2281612256183287,0.6458333333333333,0.3074581430745813,0.0777438344556928,0.3098106712564543,0.2252747252747251,0.0766963933118125,0.0310224099104678,0.1364609580927676,0.2058692354605723,0.3134400005750539,0.0294048365310233,0.1037425864244448,0.1807520343760737,0.2821473760977515,0.3384026834265912,0.4771782387302425,0.4703745801887656,0.5521366224878053,0.3534730877674766,0.4686594742921443,0.4473409550555695,0.5478802925809252,0.7733674649098612,0.1679389312977098,1.881755945299061e-06,0.2222222222222221,0.5979578813018509,0.653228060985199,0.5600131532578034,0.7369039195654694,0.3414911697734561,0.4985130330212435,0.2707790957125092,0.3000761196823902,0.3659976774305891,0.4193389331005668,0.4916830464706627,0.4224030599029538,0.50720455475969,0.9344239964351876,0.1228684273967014,0.1331201809081991,9.500536374699432e-07,0.3944209090394583,5.140154142636923e-07,0.2900416852046875,3.24989322837161e-07,0.2952704206960125
4,8,0,0.0,0.4867463138285327,0.1586236807759904,0.75,0.4005853065750001,4.678705019546063e-05,5.288104256664601e-07,3.684610595690305e-07,0.000132782697534,0.6161354578862664,0.7930958147885097,0.0002170164598733,0.99413262001365,0.448818897637795,0.087674714104193,0.2002169629966418,0.6736111111111114,0.2237442922374428,0.1101515615152041,0.4836488812392426,0.0512820512820512,0.4828287243107109,0.0306620575996315,0.0692233379464696,0.1578377009726037,0.1607993344570061,0.0308421432829857,0.0611231770108872,0.1109461700234872,0.1323284425680244,0.3511515243816043,0.4459920468222983,0.454245680603935,0.4723821854613199,0.380646957672465,0.4645684820477694,0.4284722008482269,0.4816562714251198,0.6379606159546789,0.2900763358778627,4.756910865063223e-06,0.2852852852852853,0.3835354179961712,0.6861336626932761,0.7116628612898035,0.914042210496886,0.3020839978257425,0.6246990715033272,0.0772551229448111,0.2100673148395409,0.1808870054659912,0.2449320341116968,0.4864408094443676,0.3549227374461272,0.5419473570115653,0.956966843551746,0.2146610600841851,0.2332704394564169,9.109251539624202e-07,0.0766912782116811,4.5532894162443757e-07,0.0976737075467638,1.1097512821159212e-06,0.1161161961649894
4,8,1,0.0,0.5068965807889543,0.1618953375659667,0.5,0.3214076756110541,4.6597321434211375e-05,8.608112645424265e-07,3.532091095952341e-07,6.512722220740318e-05,0.635541681449603,0.8345789788462266,0.0022025223524027,0.9986544126313815,0.448818897637795,0.2325285895806861,0.0808453153817619,0.7395833333333335,0.2694063926940638,0.099288291415884,0.4922547332185886,0.2069597069597068,0.1481090251156399,0.0653895920142701,0.180537116690074,0.2339886589815798,0.2002302669936245,0.064444049613286,0.162889283893962,0.233693559930034,0.2010876707004983,0.375699241946314,0.5260332415018973,0.5045570484661932,0.5005927376209272,0.3994827439170184,0.5392741259585294,0.5035985355568613,0.5212817581679501,0.6905915061537988,0.2798982188295166,5.546112499443374e-06,0.2642642642642642,0.6247606892150608,0.7412418884627434,0.7194851338285231,0.898445108810912,0.2291056715060882,0.71983769640679,0.1222003092925802,0.0866441175011631,0.1152691017376037,0.3119006735901328,0.4468894064230697,0.2754309007526275,0.4713820815405046,0.9362097392644668,0.2503060107951362,0.2946073491709033,2.303326723238788e-06,0.1134796327045826,1.2302915511067476e-06,0.1547320682870604,2.2000610408874792e-06,0.1647368370946211
4,8,2,0.0,0.4989733112774085,0.1504044931814775,0.25,0.1698416245597572,4.699027755445184e-05,8.502846704049196e-08,1.8663607742348026e-07,0.0004872164313276,0.3846410143261382,0.5197157758447906,0.0004615590416866,0.9830742572140636,0.448818897637795,0.1601016518424396,0.1170684360373116,0.7777777777777781,0.2557077625570775,0.1089752101129927,0.3786574870912219,0.1575091575091574,0.1471536862096628,0.1078924280453254,0.1690820398808944,0.1908545291257477,0.2075917018551118,0.1074100249995017,0.1378827654840408,0.1512783626332661,0.210656168644848,0.3533671617490033,0.4579035545422631,0.4178072493660044,0.4395591524460627,0.3849053460574158,0.4738307644765882,0.4022664033705324,0.4750457015043517,0.7109714549540347,0.262086513994911,5.837009080670348e-06,0.2582582582582582,0.7319719208679003,0.8235184531310469,0.7279813426151112,0.8971239721332029,0.3198529892631939,0.7475494085928496,0.1944985541396969,0.2548940078286705,0.3180407079348328,0.2847877374139986,0.5971484206659707,0.2564431221226996,0.6215267649055548,0.9378138552113529,0.1738352730277497,0.2100505298546716,1.6093039805889713e-06,0.221286852035888,8.196428668721866e-07,0.2085613759596056,1.3988158621798556e-06,0.2610695289067163
4,8,3,0.0,0.766392272570296,0.5972660820841137,0.25,0.3644690596969226,4.703505934215397e-05,7.174837561656154e-08,1.3852610565210974e-07,0.0004250760292238,0.5796616063783444,0.7450059484167324,0.0001780525021654,0.99323626015645,0.52755905511811,0.1118170266836085,0.1811639232819916,0.2256944444444443,0.1308980213089801,0.0859103668002455,0.2099827882960411,0.1208791208791208,0.1007547602285564,0.1605766131189925,0.1958626878944993,0.2163953843124206,0.2012971946702519,0.1535900597817948,0.1629316139496598,0.1886520066452355,0.1970674652416116,0.385790697027054,0.4718967393986735,0.4284064919941753,0.4254675290203062,0.405000142198086,0.4801050763530176,0.4131525382361385,0.4445110870927004,0.6616518693423594,0.2264631043256996,4.406542826140132e-06,0.2402402402402402,0.3299298021697512,0.8834211225757489,0.6920596003377453,0.8796794095310831,0.2904540229282381,0.7908563450276208,0.2566972414202065,0.3622475974684915,0.4131063419205949,0.2416570888507606,0.6392016570669419,0.2007353413808635,0.6247658000310975,0.9307968808070292,0.1508545634910246,0.1896436200982135,7.220943407503324e-07,0.2801002391445547,4.681562680884009e-07,0.2892844578680104,4.7356974305186726e-07,0.3242758930030573
4,8,4,0.0,0.4060812121113479,0.06788320587155,0.25,0.1980028587440374,4.727903821894879e-05,8.029229127263851e-07,1.5623157904383808e-07,1.4233140594078396e-05,0.4245361961523888,0.6930854133766274,0.0001948026767536,0.9452411331923792,0.448818897637795,0.1346886912325286,0.1376075809423532,0.8506944444444444,0.1491628614916285,0.193215082975318,0.4888123924268502,0.313186813186813,0.0903019950483072,0.1015031029439019,0.1067318147850687,0.17041878152542,0.1631625219184195,0.0959351644388006,0.0878490488943377,0.1256917787425693,0.1668476058401492,0.3392701579195265,0.3927068101264825,0.3902409461611444,0.3934482522156027,0.3553281060872945,0.400144711544012,0.3553429181936007,0.4136940895868904,0.4487669224463868,0.2849872773536896,9.722591534037728e-06,0.2972972972972971,0.2227185705169114,0.7645088057227909,0.7748595017209432,0.9125456232207648,0.2120862284141855,0.642448523236529,0.2244121495810321,0.1853711154322497,0.2407144954573798,0.326958381521627,0.4213881249480573,0.299152169962913,0.4508155826471245,0.9432089428305408,0.140324420176441,0.1620596799387345,5.972914620821203e-06,0.2398719943963792,7.4328154107132754e-06,0.2080353166471984,6.17066604605811e-06,0.3522107787572719
4,8,5,0.0,0.6865052964947027,0.4188595972590335,0.75,0.4158646738837117,4.7364768654439614e-05,1.529164986770137e-07,5.287210157834191e-07,0.0007846102695123,0.71124685422679,0.8889694752337015,0.0002239028769867,0.9987713835672272,0.448818897637795,0.1499364675984752,0.1245644743238232,0.71875,0.2359208523592084,0.1103570004705759,0.289156626506024,0.2564102564102563,0.0585156264733719,0.0788613893965594,0.1243632859485966,0.2318477319374143,0.2331493485792717,0.0772147808073743,0.0994208731245766,0.206353881351065,0.2213212903904545,0.362916524910072,0.4611352563266727,0.4809849583127923,0.4949524383171208,0.3868756857421251,0.4675531971916676,0.4669882085354752,0.5100801666203514,0.7654304150047491,0.2748091603053434,5.837009080670348e-06,0.2672672672672671,0.7051691129546904,0.7928751073285727,0.6941375027275845,0.8880534379994702,0.3170986987646958,0.8800318906700495,0.1688761676705288,0.1520207981768484,0.1887353835903829,0.1844505728776417,0.5320813813365473,0.1768267414028269,0.5180519081239122,0.948291623735623,0.17644800471189,0.1983830452925356,7.782384189019399e-07,0.1464725329282843,4.429013823466217e-07,0.1865704508659876,1.498074165083487e-06,0.2859197465711167
4,8,6,0.0,0.5396665081832175,0.2060859142075858,0.5,0.1931214644540194,4.675196871167109e-05,3.353500214483326e-07,3.571179579347378e-07,0.0002197456541269,0.5461629945251328,0.7206919213968742,3.792511862420266e-05,0.9968604325296708,0.448818897637795,0.1613722998729352,0.1161891918204862,0.6736111111111109,0.2648401826484017,0.093482265965345,0.6626506024096384,0.2435897435897436,0.174306882336403,0.1409959518882232,0.2265271449524323,0.2312685765298858,0.2373201658637989,0.1421126082482954,0.1996296621051637,0.2238791852110741,0.2260821619341526,0.41565411757359,0.5513092809869283,0.496925276969009,0.5157458605272973,0.4450226246822313,0.5663165626347846,0.4970995156305686,0.5356506206753551,0.5815932391547629,0.2900763358778627,4.881833908299043e-06,0.2732732732732732,0.5979578813018509,0.8151870791052622,0.7046244767735512,0.8924522055373818,0.337847541801578,0.7729592734249427,0.1157944984279242,0.1370767343076326,0.1834015978358605,0.0450591928244473,0.541562781213362,0.0257670285304174,0.5461333804807916,0.9385603445877216,0.2438645208091961,0.3055703987814578,9.478859609214244e-07,0.113657421929412,5.015489353431406e-07,0.1544972123736437,1.297563618086106e-06,0.194332573060284
4,8,7,0.0,0.5400365162009757,0.2323638243726483,0.5,0.1493641951170602,4.694242468396204e-05,3.771108022799391e-08,1.181604532060987e-07,0.0007100173160484,0.1672372505565646,0.6218328898684577,5.6979919390667125e-05,0.9812614137222712,0.5196850393700786,0.2083862770012706,0.1001509840332826,0.6493055555555556,0.3257229832572298,0.0736026894805858,0.3734939759036144,0.2289377289377288,0.0951435473284226,0.1421959409240848,0.1787719541638391,0.2309177703918911,0.2160375845326439,0.1463023869741825,0.1562090629044852,0.2060304324031971,0.2198218151280881,0.4012942282610038,0.4976573229651954,0.4771930125910325,0.4802634587649576,0.438301002305312,0.5223241741696796,0.4747404293141831,0.5185664729864168,0.816845964851475,0.2468193384223919,3.5890542395463386e-06,0.2582582582582582,0.5711550733886408,0.7366242249593453,0.6567870440383707,0.8547555382036203,0.3029839320160293,0.7155838077125933,0.185069358866432,0.1756357535155477,0.2465862114306569,0.3584345099661899,0.5862934688209067,0.3258288519123554,0.578763505466511,0.9398618222574546,0.178861023109541,0.2034794150767428,8.934958706196025e-07,0.2085697273405017,4.8278909880276e-07,0.1965170011843021,2.014570881979484e-06,0.2488927194779482
4,8,8,0.0,0.61167679077869,0.3196438220866867,0.75,0.3689122219704803,4.7373748913969416e-05,5.010780132307261e-07,4.147418569864724e-07,0.0001636832622903,0.7394690078448286,0.8223235350567144,0.000372812303714,0.9880478773782304,0.448818897637795,0.1080050825921219,0.1676757041326664,0.6145833333333335,0.3500761035007609,0.0652394452716095,0.6265060240963853,0.282051282051282,0.1389767045880724,0.1155720507650679,0.166575713264519,0.2917900205369012,0.3533609461358761,0.1142006704230666,0.1293668713917348,0.2734278941499928,0.3399570035220877,0.2926896224326432,0.368933546672641,0.4252893201860415,0.4797024416909497,0.3292824185997444,0.3915435071197708,0.4425895945629784,0.5141537745248279,0.6115928554034724,0.2646310432569975,5.138177894049876e-06,0.2792792792792792,0.3567326100829611,0.8169666153079089,0.594904965369178,0.7815398418027955,0.3651651417259394,0.7367339893526563,0.230317398418876,0.6832656594112703,0.6039263277957434,0.0746896565133452,0.545370241397029,0.1229827996899866,0.5597670558062035,0.8846065471265457,0.2907643489307913,0.3550247917517897,2.3029012133361582e-06,0.3174621745343781,1.3197560682129391e-06,0.3877423213399248,5.146030327607465e-06,0.4505207315800991
4,8,9,0.0,0.5873432626148032,0.2871650840801372,0.5,0.1857440705887523,4.680456432729616e-05,1.8542617091030885e-08,1.8811895395435677e-07,0.0023669783667543,0.26802840961145,0.5572759907557836,7.692540223588593e-05,0.967308313055618,0.5984251968503935,0.1257941550190597,0.1783252506234914,0.729166666666667,0.1796042617960426,0.1442588114198436,0.3459552495697073,0.2399267399267398,0.0814792504942713,0.0897638754164095,0.1453204451387934,0.1932329601442077,0.2174362345429549,0.0856844409210258,0.1196364199012889,0.1638329377158511,0.1941222472378567,0.3489319476812163,0.4494959269215857,0.430144081980813,0.4578723436908168,0.3671528059529855,0.454787845555733,0.4093536846980092,0.4603871784672576,0.6275357959602781,0.2926208651399491,2.5674172925276577e-06,0.2792792792792792,0.5979578813018509,0.8185055659878433,0.8519424588337232,0.942630032371857,0.1043390956790062,0.7336578764590037,0.2423465298452086,0.1215586838906779,0.1582179921739084,0.2003486928903411,0.5938484520793886,0.1663829747099121,0.5904097212566229,0.9444219737407265,0.1257612676107982,0.1420442458665842,8.400399829705676e-07,0.2872406067826674,4.41315484241139e-07,0.2569774716456711,6.737125599496325e-06,0.2801940035634734
4,8,10,0.0,0.534627691108357,0.2075022335571391,0.75,0.205321407103113,4.685872126501954e-05,1.526594323074139e-07,2.586837687660424e-07,0.0003686366497776,0.4073022517892366,0.6774096294891097,0.0008626962473416,0.9820745027314044,0.5196850393700786,0.121982210927573,0.1660531566277929,0.7881944444444444,0.1917808219178082,0.1447221968053123,0.4061962134251289,0.2252747252747251,0.1074659849312696,0.0634998662194122,0.145339750042938,0.2458190303861449,0.2469619471695116,0.0603370254371746,0.1127798576726124,0.2028873712892258,0.2116004103787532,0.3359228088245815,0.4560202288301945,0.4731143059162838,0.4846220371859039,0.3526860739794064,0.4528469757076288,0.4428370720610845,0.4775754661091114,0.5600948410928188,0.2926208651399491,3.5890542395463386e-06,0.2672672672672671,0.4907466496490109,0.8015154734652876,0.7042404068228718,0.8813789083205297,0.2607019876193227,0.6817794388484023,0.2189815269002181,0.3905296240423692,0.4887665445518085,0.06847121854228,0.5298727881435643,0.0852693586564272,0.5241589796286055,0.9195725754346245,0.179354627617692,0.2186049806246062,1.1599922615467114e-06,0.2609256244764174,1.3006652966004116e-05,0.295134890886662,6.680723705384706e-06,0.3966030190663462
4,8,11,0.0,0.4867297627422808,0.1325228401886131,0.5,0.1752414072252331,4.696760815620317e-05,3.957896987735215e-07,3.3666478003187017e-07,0.0001691411387922,0.6167850172798239,0.7113664348093321,9.232267521032e-05,0.9871488610931218,0.448818897637795,0.135959339263024,0.1364257650648806,0.8472222222222221,0.2191780821917807,0.1356806722884505,0.5989672977624785,0.4157509157509157,0.0813073466915212,0.2173385746223624,0.1682632959630426,0.2548421278794728,0.2873373666242133,0.2115007539363249,0.1354790277749864,0.2159292987648362,0.2558677263207166,0.4408801961529494,0.4722881391736233,0.4779914046328317,0.510797157844612,0.463426882194444,0.4781227661700188,0.4568445051617162,0.514103670317998,0.5699518064755273,0.2900763358778627,4.079079111402739e-06,0.3033033033033032,0.6247606892150608,0.7507105813486805,0.5248503206965109,0.6920899069107023,0.4179976061798184,0.7310422178411169,0.2010411274584626,0.2390981783062165,0.2661402322865958,0.1387982794051627,0.6070990269815092,0.1212508367296479,0.6108912022574043,0.9404960593042004,0.1725523556777177,0.2088960164693432,1.2254008273743395e-06,0.23626243239106,2.284355005701652e-06,0.2715287191384904,3.0192635200127557e-06,0.3162462102054403
4,8,12,0.0,0.5896671108149986,0.2604063903660722,0.25,0.1527749584080917,4.672835864499367e-05,1.901084842986186e-07,2.751775243637732e-07,0.0003102266114567,0.2916415289700953,0.6933622375145333,0.0001429971136967,0.983484027058402,0.52755905511811,0.1728081321473951,0.121561814512591,0.8472222222222225,0.1339421613394215,0.2114029851275038,0.4440619621342511,0.172161172161172,0.160243291474975,0.0897042604387551,0.1898988081170672,0.1959311967348933,0.1903989385771997,0.0839200055324784,0.1507494410767195,0.1718851490552875,0.1822408593845587,0.3270416840548735,0.4600228319008636,0.4057234177256589,0.40931134076149,0.3399687009020015,0.4563515717548724,0.3869642413638325,0.4182004676470893,0.7135168579248004,0.2748091603053434,3.681207440130584e-06,0.2552552552552553,0.5979578813018509,0.8141827492362994,0.7336247931982296,0.8627150710997595,0.2536794220441025,0.7743946743177448,0.2302307738389212,0.2275382297268,0.2909431527974302,0.1694030078304558,0.4751412465688286,0.2310315302714981,0.4486685842796081,0.9265113710355224,0.1931888875675548,0.2323552935231999,8.318595719164638e-07,0.25065722493189,5.088643634789773e-07,0.2848955174352297,1.0926589210087952e-05,0.3236839048106831
4,8,13,0.0,0.5340728876830502,0.1916890523307513,0.75,0.3636347877180438,4.7058707776495496e-05,1.24807161151591e-06,6.012240024189986e-07,8.19388663531181e-05,0.5540958100732765,0.7819131623350225,0.0002218838771082,0.9939213584821204,0.448818897637795,0.1715374841168996,0.109566313304139,0.5486111111111109,0.2161339421613394,0.096841315884893,0.6609294320137692,0.3333333333333333,0.1220046169714631,0.2115967188106926,0.2530589791532938,0.2904461807170685,0.2932431437511182,0.2100472513877198,0.1867085067525792,0.2550298931303429,0.277017924330204,0.4400969628481079,0.5435751464509667,0.5075646983999227,0.5200125499658832,0.4679750939716428,0.5315854146888939,0.4932004061188384,0.5380523783197513,0.4659757815670464,0.2875318066157761,5.9900228957719816e-06,0.3303303303303304,0.6247606892150608,0.90550154199106,0.758010782419869,0.8879582364433367,0.2539275846901879,0.745519075439448,0.2202540804364087,0.3047121964852797,0.3692408213856692,0.1770056271161387,0.6032417816246305,0.1854243975871387,0.6246193199056502,0.9192031777785684,0.203280805902754,0.2334270737756474,8.624641283653319e-06,0.2566135879245624,5.322012168662773e-06,0.2877797290508933,2.616190220477636e-06,0.3329743092328903
4,8,14,0.0,0.5216365463607,0.196159750529109,0.5,0.1542956582068716,4.706481057640332e-05,5.841821227416495e-08,1.7664768466482698e-07,0.0006832900243368,0.3304494230255651,0.6227606169707373,0.0008627173192352,0.9766700983636212,0.5196850393700786,0.2096569250317661,0.0995452655351713,0.6180555555555556,0.2085235920852359,0.1099870482688905,0.42512908777969,0.3626373626373626,0.0610445003526095,0.1691760829815324,0.2245491021314184,0.2748153156229657,0.2156442237829965,0.1605141454754251,0.180890892738535,0.2458580805383817,0.2071014640302089,0.3828010542494034,0.4837455937117597,0.4608647388504339,0.4206762791569685,0.3999714486939079,0.4851016493650265,0.4477288873915847,0.4359153054704665,0.8129274267652833,0.2900763358778627,4.638164442821448e-06,0.2822822822822822,0.7051691129546904,0.6097199015746981,0.5658672699442535,0.7012278796024063,0.3812864305316273,0.7698747010831297,0.2521275499636881,0.2679468447810325,0.344156890152822,0.5587394314818485,0.6610258333028307,0.5706110151933834,0.6427976125000757,0.9192201659118016,0.1922895775095145,0.2195472967200918,8.295334075379823e-06,0.350671902386819,3.146497966056704e-06,0.2559085497737343,6.816052216669044e-06,0.3030135069923065
4,8,15,0.0,0.4532290606286935,0.1102906077914711,0.25,0.1798391991970599,4.69051960062238e-05,1.7529437430961186e-07,2.6079911759645215e-07,0.0003197780620556,0.4660738639033339,0.7369946124927742,0.000204565567332,0.9857946784820656,0.6614173228346455,0.036848792884371,0.4878666900646367,0.7777777777777779,0.2343987823439878,0.1185225823556995,0.4853700516351117,0.3351648351648351,0.081895732620644,0.0823304294394363,0.162570234644963,0.2313798613719316,0.2307462402814528,0.0818776792421766,0.141726792349094,0.201917952034415,0.2370272501513098,0.3556922371336575,0.477736058159642,0.4704015516434072,0.4818345987662891,0.3848694654784851,0.4968890272945737,0.4589147479145803,0.5147034640308854,0.4214215621366262,0.2798982188295166,3.5890542395463386e-06,0.2912912912912913,0.3567326100829611,0.6104886614243163,0.6303737657846389,0.85177747055987,0.2640675898367975,0.6232984597443001,0.2562507254660449,0.184352425587519,0.2317653292975139,0.4907674037222082,0.4153691621310964,0.4897575269597092,0.3909946825449646,0.9288481379842126,0.1727776040019789,0.2110190555660477,5.87130291053093e-07,0.2366733257592956,1.1383817543804955e-06,0.3308299150322384,3.6348913050434496e-06,0.2944486311752022
4,8,16,0.0,0.5768721011868514,0.2709707666048011,0.25,0.3723071937708795,4.708818186005664e-05,1.0855022786964674e-06,3.3193042212425145e-07,4.043991318178683e-05,0.6689253549596782,0.8877227776691743,0.0001959394995724,0.997171248687232,0.5196850393700786,0.1473951715374841,0.1397784342208313,0.7395833333333335,0.2496194824961947,0.1069811177121266,0.4320137693631669,0.2087912087912087,0.1261600103591623,0.0869462569693969,0.1114826189463029,0.2059205215085808,0.2285253208113291,0.085582305174565,0.085548005990961,0.1676718634475451,0.2272258570812751,0.3760865820613431,0.4626631382863962,0.473278556672228,0.5018836630466388,0.4006215020691542,0.4669068903174085,0.4498615411100707,0.5236136176934185,0.5525512162606803,0.2798982188295166,6.803674235736998e-06,0.2732732732732732,0.4907466496490109,0.867971121692594,0.8516889480816081,0.9735409172519032,0.1892122641376897,0.6862800374741727,0.1717189462378542,0.2016110527615153,0.2306880134824092,0.3061343879753329,0.4566602571371297,0.2538148565855377,0.4863888399019912,0.9490466131085444,0.1503448647575489,0.1847795925509813,1.4286123298058162e-06,0.1706034510397177,5.609382421540433e-07,0.1693124409497045,1.1881178951541017e-06,0.2285340836040376
4,8,17,0.0,0.6386713350676769,0.3525457170331955,0.75,0.4584567850981617,4.7011332644991895e-05,8.490410340704682e-08,5.990957396973213e-07,0.0016341496095679,0.7892536171538107,0.8692521471092082,0.0001350984178997,0.994108138377769,0.448818897637795,0.1753494282083862,0.1072567426113364,0.75,0.1933028919330289,0.1379375590682024,0.3769363166953526,0.2472527472527471,0.0874808335117693,0.1079720381366058,0.1852796874661127,0.270258356295131,0.254037877547883,0.1088871461150567,0.1445681185611008,0.2411424283543934,0.2526345902054934,0.3638212257576794,0.4839826840948782,0.4873821497588628,0.4861036282876142,0.3978378908048319,0.493541216591677,0.4815704479867959,0.519315466710693,0.6002002968479374,0.2977099236641222,7.159983164343012e-06,0.2792792792792792,0.4371410338225909,0.7092362870624211,0.6631816365679519,0.8747325510280257,0.267478106699394,0.7814281856623557,0.2400720958387066,0.1989819729053845,0.2612529855302656,0.1463119365615753,0.5527393325448765,0.1086002991312905,0.55083803732919,0.9315326544867244,0.1640391866450616,0.2048596925257666,1.7959540579227593e-05,0.2916840947265764,6.886645516810233e-06,0.309459038405699,5.908983238525679e-06,0.2951469590590637
4,8,18,0.0,0.5808389354017626,0.2707282153323683,0.5,0.5055861973800441,4.69437428528402e-05,3.452267911380405e-07,4.84740834068953e-07,0.0002997707219783,0.7534146219315337,0.8679586079641957,0.0009318900243459,0.9935079742203156,0.448818897637795,0.1982210927573061,0.0950622093533385,0.5486111111111109,0.2222222222222221,0.0942753922852482,0.4234079173838209,0.2930402930402929,0.0816662009469776,0.1061442251296481,0.137846394809016,0.2670570546586663,0.2089621390292034,0.111655449801639,0.1217489581549993,0.2386323003383096,0.2037399598809681,0.4008169540459572,0.4988390214185323,0.5255443488822633,0.5071904933886124,0.4397034211864378,0.5240286317622685,0.5186513887426865,0.5393728587285135,0.6205624551387157,0.2697201017811704,5.006756951534863e-06,0.2852852852852853,0.4907466496490109,0.7607217281017662,0.7530871563030122,0.932592144808992,0.2234196097593848,0.8059821744353184,0.1110926055037575,0.1565227791013366,0.1676422231147303,0.0849528991503869,0.5200756452080638,0.0673231610103589,0.5341821261865096,0.965464854965163,0.1776637820002209,0.2124738379812424,9.979777840968492e-07,0.1414774115622674,3.9606209901611597e-07,0.1209860269515317,3.847879643694781e-06,0.1688518112650262
4,8,19,0.0,0.519276605780149,0.1927217858178984,0.5,0.3669793724032202,4.678878053747455e-05,6.838723341037629e-07,3.0387114616211094e-07,7.318227991524791e-05,0.6019076811069446,0.7524695188276257,0.0002366004438535,0.9735942012178008,0.52755905511811,0.1473951715374841,0.1412452269765597,0.6527777777777779,0.2191780821917808,0.1095442610827127,0.4698795180722889,0.3296703296703296,0.0801846127080659,0.1253886753449619,0.2608867690026362,0.3391926152532348,0.3180660263246662,0.1212418822239461,0.2241794164639148,0.2807819514446844,0.2889833709455516,0.3480238173938597,0.5151488465036345,0.5111615274449075,0.4992389507738653,0.3720527879262715,0.5326141438058873,0.4807217913828365,0.5067950671845649,0.6339031820216872,0.2748091603053434,5.837009080670348e-06,0.2642642642642642,0.5979578813018509,0.8299269659509227,0.483849899041946,0.575575333634077,0.506249634070415,0.7195849578113989,0.307611667386813,0.4420000822798091,0.5407073029386602,0.3120964136391177,0.4734049500194455,0.2607146347089528,0.5044281874828855,0.9133768021229376,0.1530669369405322,0.1891458201722487,1.24484435793908e-06,0.4413217191910994,6.187188517726159e-07,0.3722646683807914,6.727856227100979e-06,0.4179848402444795
4,9,0,0.0,0.5500114788339361,0.2164329797111553,0.5,0.5746852640817067,4.59506805495324e-05,5.548334914161242e-07,1.903801144077244e-06,0.0007779563224336,0.7136286035418489,0.9594487235679792,0.0003790309567529,0.999745830474094,0.5196850393700786,0.1740787801778907,0.1194407885115966,0.6319444444444444,0.2359208523592084,0.0994265945116903,0.3425129087779689,0.3992673992673992,0.036928279324831,0.1594296229832133,0.1847066527734112,0.2130620044066295,0.1702811665005306,0.1525122144752164,0.1420316512768195,0.1797643722378207,0.1724213614146296,0.4160282894678538,0.5070697488309756,0.4703201530132503,0.4565799247589058,0.4328119276319059,0.4984677164439716,0.4447549376708836,0.4730989359405069,0.3464989665625868,0.3053435114503817,6.63432833529773e-06,0.3333333333333332,0.5979578813018509,0.7778618676589115,0.7246043941136353,0.931534804891406,0.2577845535464535,0.751684426368613,0.1787678870267733,0.1201281788918542,0.1247349816833887,0.0823711375296557,0.5620023787542862,0.0640879625312981,0.5625310518142025,0.9452043340956572,0.1889094100181978,0.228521863559535,2.065462222250728e-06,0.1780215744825554,1.1914476615982932e-06,0.2144783275836319,1.8295864253679132e-06,0.2151016553189819
4,9,1,0.0,0.414177380263842,0.0729239343343791,0.5,0.1881225679156679,4.6326781164847424e-05,3.4708304211945333e-07,2.3795950446812578e-07,0.0001302412726523,0.4130766293062028,0.6853822323670277,0.0002007402772146,0.9909671316577314,0.448818897637795,0.0864040660736975,0.2026482064749848,0.7777777777777779,0.1613394216133942,0.1674924184988627,0.4216867469879516,0.2728937728937728,0.0890575305780978,0.1875995270202316,0.2155871668185685,0.2035189831376999,0.2159187402259728,0.1814355993917275,0.1711448754284585,0.1710232746212422,0.2026336711299275,0.392054964469238,0.4684350519864948,0.396251833112093,0.4119876209641052,0.4159887827759301,0.473917850167993,0.3826686371245814,0.4307028562802771,0.5254204588038247,0.262086513994911,4.293667631700587e-06,0.2642642642642642,0.4907466496490109,0.7581741751008151,0.619457703031002,0.7334472561834828,0.3920866897190881,0.5510014314092163,0.2461517267738752,0.2513491150501492,0.3325004237804636,0.1743024688694656,0.6115629389118038,0.1526539400884398,0.6168944169691907,0.9172803397439429,0.2053063602680356,0.2457885157532398,6.199258157425408e-07,0.2542940535767972,1.4882330411204448e-06,0.3263999981579685,6.86580257237995e-06,0.3924597341443132
4,9,2,0.0,0.6132405686150071,0.2871202848399111,0.5,0.3861025753050442,4.620824072790661e-05,5.146922967247158e-07,6.927859205644161e-07,0.0002859702309419,0.6389640169311507,0.814522564285776,0.0004165799873239,0.9951738500535724,0.8425196850393704,0.0978398983481575,0.2857243134158111,0.6215277777777779,0.1461187214611871,0.1530711260177341,0.550774526678141,0.3296703296703296,0.0985747717685044,0.2010160840503308,0.2354326248306024,0.2448697983652031,0.2733548952187373,0.1965049827528433,0.2058331046987359,0.2170483468591655,0.2576194708938727,0.4002785659803703,0.4828641768990813,0.4259883360113882,0.453578184200739,0.4280090781066565,0.50922550742669,0.42167127712554,0.475318753982875,0.603511808011564,0.3053435114503817,3.875100578863906e-06,0.2612612612612611,0.410338225909381,0.6140929420777903,0.5337513218304881,0.6602981824332166,0.381605872532403,0.7782640104806626,0.3247390939000502,0.4572195062511621,0.5628077680244772,0.0963557924339821,0.5694155725733593,0.0916587320750842,0.5447403757502456,0.9181852459177732,0.1341899859320391,0.1681917561463287,1.0447409708308587e-06,0.390011539950879,1.2207071688679523e-06,0.4144499472402979,3.4364515562427483e-06,0.5320220821707886
4,9,3,0.0,0.559299466989474,0.2305247516944634,0.5,0.2940170549037417,4.630967748943925e-05,1.4780483411177518e-07,1.738934164508564e-07,0.0002464392166525,0.5530271939622405,0.7308746552572262,0.000222646727785,0.9937972956458306,0.448818897637795,0.1092757306226174,0.1659711620016963,0.7430555555555556,0.2648401826484018,0.1013657504704066,0.4561101549053354,0.3150183150183148,0.0818815322003169,0.0982735397141797,0.1440067368939515,0.2244791172268447,0.2837875377644605,0.0994934764194632,0.1112416163319011,0.1851197795880856,0.2882846837352061,0.3559503014697744,0.4498270619322104,0.4536690189750454,0.5054653064715869,0.3913154336580175,0.4647326219796495,0.4413171567325109,0.5436227747581386,0.6682700338419996,0.2493638676844783,4.519418020579677e-06,0.246246246246246,0.5979578813018509,0.8067213570692457,0.7195123124388543,0.837471103528451,0.2234731746445585,0.7684875169811894,0.2565240703011166,0.2439160575914216,0.3016583078021471,0.3721350739351975,0.6368731206948156,0.3482392947284856,0.6079916748948092,0.9305801326080988,0.1578024287195754,0.1925182770515237,7.686685966297042e-06,0.2699036180065527,2.995969290690246e-06,0.2719771132094577,1.1612786419686062e-06,0.3162871240307676
4,9,4,0.0,0.6239831754802722,0.2994051744218099,0.5,0.3092995184088759,4.690708029122206e-05,1.610793748964563e-06,7.26861370155245e-07,7.473051365860972e-05,0.6667310347729287,0.778155324271096,0.0001563175389613,0.9884706815578784,0.448818897637795,0.1842439644218551,0.1021963417844233,0.6805555555555556,0.1598173515981734,0.1517374018684732,0.5180722891566264,0.3443223443223441,0.0861411856076254,0.1155394792605591,0.1860486331520966,0.2943514380208992,0.2546019959746798,0.1084704263869216,0.150760729096651,0.2347613979655299,0.2351671005938677,0.3352242851822632,0.4423690920771911,0.4704341311693288,0.4434034359131842,0.3496172503618927,0.4450650682465744,0.4302357417494259,0.4486580079680355,0.6293664833759363,0.2900763358778627,2.4381804720422044e-06,0.2552552552552553,0.6515634971282704,0.7981293807848142,0.6547024884038697,0.8024511767353224,0.3414560748702454,0.8735221863343785,0.2561844070526115,0.2990881675633545,0.3792707401904334,0.2357136332874251,0.5599216522465312,0.2261956376195947,0.5727755515911661,0.9293302355311668,0.1500186938827516,0.1707610185476042,1.1712328333435497e-05,0.2929224576035701,5.193739839783133e-06,0.2722479686219936,9.131625819951516e-06,0.3769708170703787
4,9,5,0.0,0.6039456536323823,0.2825008313655359,0.5,0.3680816408545285,4.636359214440496e-05,1.055172102891131e-06,4.514603042007725e-07,6.924345975251288e-05,0.6877255224468564,0.7642158177517901,8.907684734502802e-05,0.99418420735912,0.5984251968503935,0.147395171537484,0.1544463617781157,0.8298611111111114,0.1796042617960426,0.1603624109727011,0.2409638554216865,0.282051282051282,0.0380810669521782,0.1586546740472066,0.1925206988744114,0.2785791724251048,0.2374483380178491,0.1519013014223507,0.1421573102202114,0.2255862460261936,0.2331049078583383,0.3920453626910311,0.4798402593790513,0.4848028453826051,0.4639417858561497,0.4109697482903318,0.4697221831671431,0.4515163491819509,0.4828003782149666,0.5740396043420373,0.2977099236641222,4.638164442821448e-06,0.246246246246246,0.5443522654754309,0.6568555272695269,0.4936354524998316,0.6801345374741326,0.4169799206887125,0.7816490221273422,0.3251546687901704,0.3686567711208075,0.4207666507609562,0.4681854185313975,0.638442844881432,0.4669914312379148,0.6857261092292917,0.920881881830242,0.1411205753598538,0.1721839702815324,7.89222348990745e-07,0.3329293970387383,5.538304572205936e-07,0.3366937490884934,2.5791996834063056e-06,0.4312242902848878
4,9,6,0.0,0.4236122659446338,0.0843856629440994,0.5,0.2030288601400087,4.626693920144176e-05,7.123041391545996e-08,2.260594098481783e-07,0.0007183358655567,0.3807378028008767,0.6257647839814857,0.0010681732494125,0.9888442283264124,0.6614173228346455,0.110546378653113,0.2147370791055573,0.6076388888888891,0.248097412480974,0.0917344714610635,0.4939759036144577,0.2252747252747251,0.1354882915847038,0.1602112049629593,0.1905156528973912,0.2199429179489306,0.2346962425147438,0.1678279025246506,0.1609536351958555,0.2026785626383717,0.2503578538121034,0.4107375348485893,0.5030986830452431,0.4666442363579737,0.4888583848869685,0.4527353883098492,0.5273574282198503,0.4738222006452425,0.5392014186409808,0.6217837736936755,0.2773536895674301,2.7033763943546937e-06,0.2702702702702703,0.4907466496490109,0.693226225806876,0.6483479406388195,0.8637281214623398,0.2831325513194427,0.6301852141456054,0.2335220280014208,0.2009071003200417,0.2440025982636922,0.4026027392085463,0.7222539912256414,0.3686764922452148,0.7196859699392357,0.9371718076007506,0.1573480411294386,0.1866033752613825,8.09997194793693e-07,0.2316154294578332,4.24557421736418e-07,0.2482043456315211,3.4739006575760168e-06,0.256185602840256
4,9,7,0.0,0.710025766989232,0.478363623814569,0.5,0.2669548740775097,4.612580910449247e-05,2.206702149476778e-07,6.867619706644737e-07,0.0007029209668182,0.4130256511434487,0.7863853284982337,0.0243664500463883,0.9987087276948468,0.448818897637795,0.1346886912325286,0.1376075809423532,0.6805555555555556,0.3044140030441399,0.0820098161399427,0.5077452667814114,0.194139194139194,0.1642151438987794,0.1677394792677301,0.3115893807190908,0.3241584527400792,0.3381008652035955,0.1654356742614464,0.2579681128209957,0.2906718042041728,0.3091195536692513,0.4277767642601879,0.6058704807723736,0.5497176648160031,0.5715654398724108,0.4520020313189403,0.6041907755627761,0.5321098597259715,0.5769083213473509,0.6352595952064806,0.3002544529262086,2.7033763943546937e-06,0.2552552552552553,0.7587747287811104,0.9258768191547656,0.6148593711854824,0.8217324480797457,0.4012529922386055,0.8332893608478125,0.2270963055986309,0.3991367724675527,0.4628265715475579,0.2498946421106106,0.4347376602651029,0.2598334313647881,0.4548842305816704,0.9309334836606296,0.1501679223938635,0.1761061171126697,1.3086095206016222e-06,0.298554751580612,5.353624215783373e-07,0.2915335967838791,3.233530490160621e-06,0.3202402076353441
4,9,8,0.0,0.5403934317996703,0.2103352004022911,0.75,0.3132716521021236,4.6344683948786274e-05,5.333254621691054e-07,3.753050810069859e-07,0.0001344171524927,0.7212219477504982,0.8052356569814313,0.0002339361226784,0.9860918371402384,0.5196850393700786,0.1486658195679796,0.138667554413184,0.6840277777777779,0.2343987823439878,0.1066495078597817,0.4612736660929431,0.3699633699633698,0.0666463253997431,0.0945856921493413,0.1742455255541782,0.2489603701678656,0.2576196023060667,0.0912065658556219,0.1304583642090716,0.2219801413251237,0.2562372176289643,0.3494617264196092,0.4691338215517727,0.466884445037894,0.4825801919339884,0.3709214890856228,0.4644302825219009,0.453491308514423,0.5054965170405685,0.3455380133568986,0.3104325699745548,1.9319030841190342e-06,0.2972972972972971,0.3567326100829611,0.8720401401279747,0.6097937083973228,0.8887034441638932,0.3919359445632698,0.6976224037585012,0.2671226016201818,0.1962458467236911,0.2510804674093485,0.37976606000556,0.7117483262891222,0.3522022496578493,0.716774388912516,0.9319802077067132,0.1522803235539228,0.1831145436983429,2.435344494388129e-06,0.2955593573142188,5.242189765602481e-06,0.3033185059598298,7.055616739020111e-06,0.3257810713928736
4,9,9,0.0,0.6531879750194479,0.3906801791758098,0.25,0.2605803825415712,4.603772475644838e-05,4.762453535385511e-08,4.565422025546658e-07,0.0022319795047061,0.5982935806350247,0.6852289378191143,7.10359055584082e-05,0.9957428724705788,0.7401574803149604,0.1372299872935196,0.1929525590033017,0.6180555555555556,0.1339421613394215,0.1644778329660675,0.3717728055077453,0.2271062271062269,0.0955327076985728,0.2031709593683474,0.1995421641208128,0.2400341073792416,0.224535747223714,0.2004475774040514,0.165078490584225,0.2022803488250623,0.2211708212691563,0.4642981035268655,0.5505830381510507,0.5196238417198313,0.5282274156645546,0.4862400022152235,0.5505793464132696,0.4939500219354316,0.5447672668461214,0.4604767984992097,0.2977099236641222,2.7033763943546937e-06,0.2822822822822822,0.463943841735801,0.6926110978747868,0.6014472736316536,0.855408110833495,0.3444396164928519,0.7835268372702353,0.2243634227359798,0.2572442800249908,0.3315310891538336,0.5603045777101353,0.723391242565701,0.539082035519813,0.7326722470295075,0.93811743042042,0.1423393642661427,0.1775538670462862,3.4115704056952554e-06,0.2965407265864255,1.5692013926095574e-06,0.2394366918962118,2.544369648768729e-06,0.2440077546123943
4,9,10,0.0,0.8771332843042166,0.7778694561597513,0.5,0.3183193458278327,4.634702315936144e-05,1.1175672300343004e-08,6.271836051979222e-07,0.0132171392296508,0.5118505722501895,0.7678423528980396,0.0011513820606397,0.9972962856000332,0.448818897637795,0.2109275730622616,0.0893128348142825,0.8993055555555554,0.2404870624048705,0.1306838503317442,0.3838209982788294,0.2967032967032965,0.0704417412058335,0.1880020713549921,0.2261147957858609,0.262816602836394,0.2930590108303535,0.1791860137039438,0.1760299622672678,0.2105554188407143,0.2458595403156643,0.4231434997073811,0.5214431345827777,0.4871732562918046,0.5185121612654824,0.4395745351855437,0.5124892988520198,0.4512655589985387,0.5052197626761867,0.5905645516421982,0.2926208651399491,3.496901038962091e-06,0.2492492492492492,0.6515634971282704,0.7699562589990854,0.6810804530331671,0.8336310868267911,0.2291694770398456,0.9325237568849788,0.2933226607858691,0.2641040175955507,0.3506680493299092,0.2613165400255133,0.5527358262329432,0.2003032646260577,0.567622848101287,0.928308627231351,0.128981086128916,0.1609387019445994,7.198139502661264e-06,0.2990588318676751,4.436000979129234e-06,0.3225231840134462,2.409805431779768e-06,0.3057963308855768
4,9,11,0.0,0.5136214277912878,0.1722085728348283,0.75,0.389778436919603,4.633167140116567e-05,1.5549957780413852e-07,2.9382969630073925e-07,0.00041464960168,0.5631045665168393,0.6798871225016788,0.0002887775075724,0.9930531808159448,0.448818897637795,0.0978398983481575,0.1825904477786552,0.7847222222222223,0.2648401826484018,0.1060958411734435,0.4216867469879516,0.2124542124542124,0.12024701066126,0.0604875713120264,0.1511673905765748,0.2090860858290283,0.2091209624774059,0.0594256331602588,0.102737672179259,0.1709735656900508,0.2007841014539726,0.3672171483724268,0.4997548495425361,0.4835465927140037,0.4990559211130199,0.3907714056805909,0.4878626445700383,0.4587171034488432,0.5144736655867282,0.6204749245541761,0.2569974554707378,7.159983164343012e-06,0.2852852852852853,0.517549457562221,0.753978451650636,0.7533203121067364,0.8674059496757973,0.2369926752830192,0.6328305097410494,0.1684320560669009,0.1794690028559848,0.2168279205256886,0.3046298995571843,0.7036085191877935,0.2878769658605257,0.7139506680975102,0.9494898914439076,0.1604598387977679,0.1912337059466253,1.0306437175351342e-06,0.1861847451334865,3.3874844503008787e-06,0.1989296546554465,1.3394654191105383e-06,0.2070959763712722
4,9,12,0.0,0.8892041876551559,0.8008735537408157,0.25,0.4293315413009428,4.633957650254813e-05,3.782242493404865e-07,1.0891778969980131e-06,0.000647896049962,0.7975566532853196,0.8627612837973121,0.0004391932397444,0.9996646700858828,0.52755905511811,0.1118170266836085,0.1811639232819917,0.7222222222222221,0.0776255707762556,0.2887787013971624,0.4216867469879516,0.2106227106227104,0.1214337600743127,0.1507295780531612,0.1538903914113948,0.1814842846114042,0.1434417725372551,0.1485890995199427,0.1442659870821019,0.1653376852689757,0.1534519987720193,0.4032976600170438,0.4738046611544062,0.4390392254839783,0.4267084781587276,0.4292049843207152,0.4989962074504112,0.4333163233525953,0.4587415820387298,0.5574186249889594,0.3206106870229007,3.155175881636423e-06,0.2432432432432432,0.7051691129546904,0.8707736205268333,0.8385405599491058,0.9629653297675596,0.1996652238658213,0.9458791743432696,0.1830918804409616,0.2205508584370494,0.2780729113768965,0.1813467303242561,0.5930560825870531,0.1425992377255002,0.5566321092340983,0.9472413444495458,0.1494124671861335,0.1871518158260836,7.042012283514983e-07,0.2056991440995599,2.377733860327725e-06,0.2210123643801357,1.442599984078978e-06,0.2029634004321132
4,9,13,0.0,0.6391279264715903,0.3727917330551725,0.5,0.3556502477666142,4.641969161305694e-05,2.0611389757645e-07,6.648775600958972e-07,0.0007297573742684,0.4450005441000946,0.8176980479347927,0.0013257128289053,0.9948768642948592,0.448818897637795,0.0851334180432019,0.2051359904993357,0.6493055555555556,0.2800608828006087,0.0858104316600499,0.4526678141135972,0.173992673992674,0.1619205766737318,0.0877717245007224,0.221651430018377,0.2557792392861825,0.3170291098161751,0.0866969061207357,0.1804082797588575,0.2130138406252723,0.3048929935522188,0.3673481992763538,0.531130993604833,0.4953285205666629,0.5475257211879552,0.3937466314041927,0.5346679198810754,0.4722340006793569,0.5654109060608178,0.812044231194903,0.3027989821882952,3.681207440130584e-06,0.2522522522522521,0.6515634971282704,0.8005520439456717,0.7403591967221823,0.9045189351841438,0.196168130174755,0.871529351218041,0.2294402943636004,0.2013437546719663,0.2621253623477675,0.2935236252768704,0.497470568918697,0.2716946192753356,0.4803194379807805,0.9318526985349208,0.174656117517735,0.2033219587266348,6.230057716195905e-07,0.2682551148869152,4.67993579101496e-07,0.2570323933785207,6.485936471412403e-06,0.296866880677696
4,9,14,0.0,0.4969720132634648,0.1459583763478355,0.5,0.3949009045102407,4.609048844619376e-05,3.3342068457520066e-08,4.3103172104608686e-07,0.0030211596363622,0.5670474823560642,0.8400724062012789,0.00025187966794,0.9951673843390744,0.52755905511811,0.1346886912325286,0.1534489427042203,0.8159722222222221,0.1811263318112632,0.1569300345562624,0.3752151462994835,0.2106227106227104,0.1057060700507797,0.1445665658733577,0.1419727223294513,0.1905714228033704,0.2217038431207374,0.1391942811404166,0.1132882524153963,0.1572223798413884,0.2083901994534858,0.376960378950776,0.4309327425347152,0.4132706943106349,0.445253225939893,0.3981833482592291,0.4379353062957936,0.3935884276043353,0.4594583482927694,0.5585210096689108,0.2697201017811704,3.321707374381705e-06,0.2552552552552553,0.517549457562221,0.7123060469827496,0.6957964044894487,0.7867880165182446,0.2853192626435389,0.7754632790805983,0.2913834372312552,0.3009827300459851,0.3658314757279965,0.4218117470520794,0.4997050619632698,0.4186673535082361,0.4998794427225425,0.9329734266913527,0.1150543338230337,0.1427926106919848,9.0734332249894e-07,0.393909522454238,1.6567140451079058e-06,0.3384725879192098,1.6136791880881867e-06,0.3139958723559049
4,9,15,0.0,0.6596271317846683,0.351347215227539,0.25,0.4187959320485828,4.652251806650396e-05,9.025376757306704e-07,9.793467754354866e-07,0.0002243296443625,0.7268307114398915,0.8556103817667212,6.730329818662245e-05,0.9993532882502152,0.448818897637795,0.1613722998729352,0.1161891918204862,0.6145833333333335,0.2222222222222221,0.1030356158246605,0.4905335628227193,0.2326007326007325,0.1296451006638661,0.1486998683400826,0.1712263760618001,0.2363870592628732,0.2442927165089587,0.1505727464073698,0.1465551362919959,0.2006405428420271,0.2499595737768979,0.4144595949463963,0.5048586988061818,0.4924486119046716,0.5115055189383146,0.4458169144598724,0.5210796128315932,0.477307527439293,0.5441457505932799,0.7005996103407797,0.3027989821882952,4.881833908299043e-06,0.2612612612612611,0.6247606892150608,0.8809684529447885,0.719295219177928,0.9134578323816438,0.3678828244126257,0.8802087401626254,0.1437652842682883,0.282092880855924,0.292823443364111,0.3048625891772714,0.6710444164926737,0.4009345043099663,0.737171802842709,0.920080193491048,0.2547111567499193,0.3045675148801854,1.1102793479966087e-06,0.1513364660977615,5.921012834738157e-07,0.2510410318290278,5.917027637142297e-07,0.2188377197544106
4,9,16,0.0,0.9140444246604792,0.8505369511470657,0.25,0.5253668067907066,4.681835999081021e-05,1.1650342437716325e-07,1.2738222181064404e-06,0.0025487257575744,0.8600688215514547,0.8543245359572805,0.0046508556120078,0.9982203288276784,0.448818897637795,0.1080050825921219,0.1676757041326664,0.8611111111111114,0.2572298325722982,0.1180594482441566,0.6006884681583476,0.2948717948717949,0.1255796481541763,0.137388822641029,0.3584400630790634,0.3055405741541823,0.3258648705267754,0.1320842611170804,0.2977682834474565,0.2637213845830027,0.3166895730187812,0.3410076643510323,0.5899137510985389,0.4674700971371296,0.4866715612692928,0.3643338489805782,0.5972907756820207,0.4509168678077553,0.5120099497767936,0.5624067009088485,0.2824427480916029,2.8464074384501494e-06,0.2612612612612611,0.5443522654754309,0.776085643889314,0.5466362941648972,0.7307001112096554,0.3594530772337173,0.9305597216300664,0.3650558482281101,0.3333052783373365,0.3862581318240496,0.2826856140260173,0.3873170152962406,0.3006934091575327,0.3975003142463942,0.9030246999736568,0.183852958670951,0.2092606668131185,1.3678230579969796e-05,0.3828946527882445,5.991476431837198e-06,0.4144880515604381,7.776363085069463e-06,0.4929863151534499
4,9,17,0.0,0.7199423507771489,0.4640930871435909,0.5,0.3162791984273382,4.616446854896302e-05,5.091185058069492e-08,5.869673242434176e-07,0.0026902304868443,0.7403837614597184,0.6911194998237669,0.0010403611160712,0.9961715462970122,0.448818897637795,0.1728081321473951,0.1087865227691497,0.8159722222222221,0.1187214611872145,0.2270666918080708,0.5370051635111874,0.2802197802197802,0.1164500887499834,0.0968578272057791,0.2000938141534314,0.2208141694880475,0.2026401668480703,0.094114031731293,0.1897726523905255,0.1846494473267146,0.1933743669411697,0.3248314221496585,0.4601394575943953,0.4161214910585844,0.4082614227301216,0.350860391034901,0.4984072223197808,0.4007040729614775,0.4307159738336895,0.6173806641204105,0.2748091603053434,4.293667631700587e-06,0.3153153153153153,0.5443522654754309,0.7822618192453268,0.7545537084551377,0.8558709808616327,0.2389424555864917,0.8860362617516568,0.2678530211361762,0.2634933453320653,0.3164216870849552,0.2615289790375347,0.6831141759269022,0.2617481797017348,0.6820108171073388,0.9289883511592985,0.1533767806368468,0.1881308558153752,1.2168302976753757e-05,0.3379487256441411,4.924036996018476e-06,0.3673939623812782,4.021931916146177e-06,0.3637640400997174
4,9,18,0.0,0.7072522047942033,0.4773001540772876,0.5,0.4931533141981098,4.615647982260205e-05,5.84348038538891e-07,7.131281017501244e-07,0.0002563052572587,0.7966879863267027,0.866654797373928,0.0003951932766832,0.9960090605374102,0.5196850393700786,0.1715374841168996,0.1211387366691394,0.7534722222222223,0.2024353120243531,0.132637770090978,0.4251290877796901,0.2985347985347985,0.0801175979048599,0.0920354626750638,0.179841936286143,0.2601554865817452,0.2761561974414432,0.0931332360517404,0.1510774333871703,0.2094178051375157,0.2888261233022283,0.3297653676002396,0.452438693408951,0.4564592237650602,0.4754434058488801,0.3679308413506434,0.4786501566823894,0.4394557761311051,0.5249313846754033,0.4809811271540911,0.2798982188295166,9.23957851429058e-06,0.3183183183183182,0.5979578813018509,0.7305997909665876,0.6474440003601263,0.798682527106223,0.2822916854014499,0.7736420985391949,0.3036253041460323,0.2764012515950393,0.3377038620603514,0.3311926419196169,0.561425026792899,0.3514658732577218,0.5258979559562899,0.9195526557199896,0.1643732857780494,0.185070596762635,1.0786827432354182e-05,0.3440121068363645,4.963992459697012e-06,0.3223693532567588,4.91595194187397e-06,0.393356175187355
4,9,19,0.0,0.4988725669813316,0.1486190166620274,0.5,0.2752713670233446,4.624736871837606e-05,4.804361928750238e-07,3.181911635358936e-07,0.0001246665358306,0.3382866439083382,0.7384615241601566,0.0010114967249019,0.9724761849606792,0.448818897637795,0.1092757306226174,0.1659711620016963,0.7534722222222223,0.3683409436834094,0.0734850977026018,0.4079173838209981,0.3479853479853479,0.0611134759901111,0.1406323680255272,0.1956375044684139,0.2203230204539527,0.3076620745276694,0.1355059088695839,0.1434633426684425,0.1693114056087981,0.3027722524273491,0.4040692565973581,0.5151549693463415,0.4751719486392167,0.5444291590089957,0.4229957022524763,0.5014649380681641,0.4393610107520316,0.5614214129281474,0.6746558688068336,0.272264631043257,2.7033763943546937e-06,0.2432432432432432,0.4371410338225909,0.8199574221283092,0.6238204216238152,0.8144116983625285,0.3720468525104279,0.8120102266656177,0.2928512874851395,0.2791672791810726,0.3704393199020437,0.5408819007404848,0.8278366437236053,0.4857717047448505,0.7806168225794219,0.9285151980817604,0.1317700436236984,0.1526745165272388,4.911925041388008e-05,0.400117333794395,1.8627172496479506e-05,0.304185738100715,7.881707822764656e-06,0.3087049198010951
5,8,0,0.0,0.318656247804356,0.0342504320864923,0.25,0.999999999999996,4.616337336079817e-05,1.3195416734111314e-08,1.3769326454116218e-08,0.0002216922725211,0.9999999999999968,0.9999999999999966,0.0001713839891962,0.9999999999999972,0.52755905511811,0.0241423125794154,0.5306401038130991,0.4305555555555556,0.0563165905631658,0.2491106966858009,0.1876075731497418,0.1410256410256409,0.0741341885961321,0.0706238093938013,0.2035774326511288,0.2414627929566509,0.2352733610469611,0.0672680989401989,0.1519883917309128,0.2097483036792617,0.2482474104453245,0.2018145521368362,0.355553561897263,0.3273232979525722,0.3133173640337013,0.2275161936772085,0.3598840038832143,0.3261937833019146,0.3681942941015705,0.5872552156948916,0.0432569974554706,6.183722641881204e-07,0.1351351351351351,0.1691129546904914,0.7455496645551207,0.5994943745358521,0.791733142874099,0.4466348390340847,0.6408377686235662,0.7248924437091473,0.4838994304299613,0.5906329903179777,0.5085070382321148,0.4629264941870682,0.5214753172063995,0.478135235044867,0.8782719632323245,0.1310347528100503,0.1546128050508278,4.307245910998459e-07,0.6455412626588385,3.3463988988061696e-07,0.6262843352470726,2.2100776786484697e-07,0.653474388963831
5,8,1,0.0,0.2599288316335633,0.0106986992090383,0.0,0.9999999999999968,4.616337336152103e-05,1.3195420372827716e-08,1.3769326251794621e-08,0.000221692199006,0.9999999999999968,0.9999999999999968,7.189330527784988e-06,0.9999999999999972,0.1653543307086612,1.0,0.0029481442484864,0.2048611111111112,0.0441400304414002,0.1891105754043467,0.0688468158347675,0.086080586080586,0.0434584718151901,0.0976531733454179,0.1555269114364274,0.2570564230971083,0.4037771066125409,0.0913386082589778,0.0929976289705765,0.2042041448326465,0.3451259468760023,0.1842735389674867,0.2395641140014155,0.2953523151348752,0.4526460101555071,0.2031552009191486,0.2141434734664372,0.2682467342435971,0.4325047073147701,0.5814654841742617,0.0432569974554706,4.694931786635584e-07,0.12012012012012,0.0350989151244417,0.4766081859171285,0.4590370671460135,0.5230679742313971,0.4492221601295058,0.8160078081580524,0.9793933336310994,0.7884708873362809,0.889939112586799,0.5049040804458074,0.8010489838484831,0.5693780766778687,0.8332273578789908,0.8642219559730757,0.0968094891693089,0.11309050639128,1.0503228201870845e-06,0.8632320872803385,7.181151715525385e-07,1.0648358298248746,3.893984919487314e-07,0.9988838872299568
5,8,2,0.0,0.2983585486411597,0.0210356336731756,0.25,0.9999999999999966,4.616337335989335e-05,1.3195419651758949e-08,1.3769325856653251e-08,0.0002216922057923,0.9999999999999964,0.9999999999999968,0.0006487384063111,0.9999999999999952,0.448818897637795,0.1257941550190597,0.1464411538570215,0.2465277777777778,0.0867579908675798,0.1281332922668688,0.1359724612736659,0.0659340659340659,0.1159215175489181,0.0,0.0822034835693946,0.1544242714999286,0.1604681845519476,0.0,0.0673690714613075,0.1041950085727138,0.1544587249864409,0.1021635327395047,0.1803700584445965,0.2072828659808295,0.2055410083075348,0.128088747125795,0.2153331542484642,0.1779892867615377,0.2366518261650942,0.5980384262573075,0.0381679389312978,8.547721188576765e-07,0.1381381381381381,0.2080202564999895,0.6453241132545626,0.4158400127436863,0.7327305461771836,0.5352626487868877,0.6956182051621158,0.659601905864858,0.370233384289873,0.4220369799429551,0.1676255814693604,0.5621697277384526,0.1447873863482116,0.5777711332067553,0.901475256822792,0.0534720922547411,0.0652843211981995,2.887394883147564e-07,0.5083749989463684,1.628418411966283e-07,0.4591571213752696,2.5172658775443377e-07,0.7023472694454251
5,8,3,0.0,0.2847809370118518,0.0142575602585581,0.0,0.9999999999999972,4.616337335985335e-05,1.3195416853941896e-08,1.3769326200404512e-08,0.0002216922656829,0.9999999999999978,0.9999999999999976,6.143959541468566e-05,0.9999999999999986,0.448818897637795,1.0,0.0117925769939457,0.1145833333333334,0.0289193302891932,0.1891939916603487,0.1686746987951805,0.1007326007326007,0.0961306118933777,0.0051299850111375,0.0492476850827239,0.07519466736717,0.1174143797158768,0.0047967006053099,0.0405874390642673,0.0649464039706063,0.1170148423254115,0.1232194453580705,0.1588115693611664,0.1376017914972147,0.1776660756909618,0.1416907341447547,0.1860406643752199,0.1400165514108453,0.2031313648089876,0.618921702211916,0.0432569974554706,4.439848760716925e-07,0.144144144144144,0.2227185705169114,0.6950210031539004,0.5480163030491658,0.7471698723222091,0.4929735815489499,0.7507037368580237,0.7252303995011468,0.5124188693484741,0.5687851482938413,0.2523128898174027,0.6132836660596215,0.2145320257365437,0.5959684272388904,0.8929035474454915,0.0621441630600446,0.0663259353593079,3.647808728508619e-07,0.3679286798301385,2.1066407831681126e-07,0.4049988067127906,2.1989872418425246e-07,0.6095427278771905
5,8,4,0.0,0.2916060352693311,0.016946739415203,0.0,0.9999999999999962,4.616337336180492e-05,1.319542213985203e-08,1.37693262125139e-08,0.0002216921643602,0.9999999999999968,0.999999999999996,3.543015736835812e-05,0.9999999999999976,0.0787401574803148,0.9110546378653116,0.0013438891241402,0.1354166666666665,0.0273972602739725,0.2068872559063992,0.1549053356282271,0.1227106227106226,0.0699606969951162,0.0675152001816034,0.1802455844213009,0.2534223655679005,0.2613601964692701,0.0641225144279439,0.1738014144677651,0.2330411373671875,0.2421702034382821,0.2075841438741798,0.3377778714784892,0.348979925195858,0.3504563428081678,0.2315146368648081,0.3964337552364178,0.3591315275674541,0.369348102290142,0.648402495071521,0.0381679389312978,1.0028401321443216e-06,0.1411411411411411,0.2763241863433314,0.6142505238614855,0.4811521864277717,0.6145396660053937,0.4914529697120744,0.6789707891495183,0.7572164214961974,0.5870600795413037,0.687816512821315,0.5905311981101935,0.7470333156171014,0.5836636362394134,0.7465878649230885,0.8806799789195257,0.0983977125967176,0.0988712091790807,4.948456519336946e-07,0.6470276687131961,2.0331982741930829e-07,0.5104012577139236,1.681094588385151e-07,0.6151383749488916
5,8,5,0.0,0.2901129253184735,0.0140933954080405,0.0,0.999999999999997,4.6163373360681325e-05,1.3195420115364382e-08,1.3769325967124056e-08,0.0002216921988619,0.9999999999999968,0.9999999999999972,9.349022618637596e-05,0.999999999999998,0.448818897637795,0.1130876747141041,0.1610469291788937,0.3055555555555556,0.0730593607305935,0.1658573602797234,0.1893287435456109,0.0677655677655677,0.1567972327938928,0.0207554702544566,0.0355383289535352,0.1184568072376927,0.1401279542919938,0.0199801944930722,0.0269563670294804,0.0895357673015111,0.1514118130500159,0.1595581438137732,0.1689934978035621,0.2081583927285271,0.2265569469384946,0.1900941789120209,0.2061792390992236,0.2049056723196998,0.278599989419506,0.4618018042373748,0.0381679389312978,2.974562454326772e-07,0.147147147147147,0.0619017230376516,0.4604364833769256,0.4552784584114882,0.746293820193765,0.471128334478181,0.7594607088821359,0.467422283047084,0.3296640514687299,0.3684086986638819,0.0698524749891001,0.5109086855790784,0.0566510488746879,0.5192457943286006,0.914645923603198,0.1093141562371576,0.0955549821246505,3.1113651177315295e-07,0.3139908264940315,1.4993745914106166e-07,0.3540652996147666,2.0886835279015479e-07,0.5951284921029403
5,8,6,0.0,0.313913918621411,0.0236509489867827,0.25,0.999999999999998,4.616337336092897e-05,1.3195421335447264e-08,1.376932578206972e-08,0.0002216921721162,0.999999999999998,0.999999999999998,1.0411516982478388e-05,0.9999999999999984,0.448818897637795,1.0,0.0117925769939457,0.3159722222222221,0.0426179604261795,0.2451219290887681,0.235800344234079,0.1703296703296702,0.0775725544631387,0.0,0.0,0.0305250249815742,0.0639130383008481,0.0,0.0,0.0469042390052775,0.0912296756958237,0.136564300784369,0.1251605724687788,0.1141758887860285,0.1463853091912255,0.17137131315789,0.1733452711399654,0.1605298046575927,0.2178152785131067,0.4627695922235046,0.0432569974554706,6.183722641881204e-07,0.1261261261261261,0.2864907686552385,0.6567005016778,0.6384792754380522,0.8611279522988169,0.4366307984927588,0.7503685072516544,0.5120226088375757,0.5776916611788991,0.6401843076692066,0.1461708920076976,0.5214203634412664,0.1245887849243725,0.5260501707075328,0.9121111378449116,0.0100036159167957,0.0003845263332343,4.052801543974666e-07,0.2802174524951681,2.49267135866522e-07,0.2765350376113309,2.0794939953727599e-07,0.4836395485519916
5,8,7,0.0,0.3055094678166889,0.0255784241583659,0.0,0.9999999999999978,4.616337336075556e-05,1.3195418074216614e-08,1.3769325832215108e-08,0.0002216922356591,0.9999999999999972,0.999999999999998,0.0005858868393751,0.9999999999999992,0.448818897637795,1.0,0.0117925769939457,0.1076388888888887,0.0700152207001521,0.1045252084912812,0.1342512908777968,0.1007326007326007,0.074905012977803,0.0,0.0,0.1469778493297552,0.2603340752827565,0.0,0.0,0.121595360856699,0.2257600995709223,0.1137463347433937,0.0933400551554431,0.2114137266644106,0.3262195476047927,0.1506396355335299,0.1466809162780067,0.2217056418992397,0.3400188147475448,0.6123244472745379,0.0432569974554706,4.694931786635584e-07,0.111111111111111,0.4699000212720698,0.6301938057414103,0.5776084796830796,0.7362371959368965,0.3382902132663025,0.8023982650779793,0.9723617749637794,0.8282268117826816,0.9295893227119278,0.3483907492621789,0.5736444907454713,0.3422644855550739,0.5089729468709674,0.8646604341818893,0.090847769777101,0.0691338479665644,6.300387047104639e-07,0.6616212176471826,2.7162516421933625e-07,0.5982763847489999,2.0829286020601347e-07,0.6578947937699372
5,8,8,0.0,0.2713428466976305,0.0166525573149199,0.0,0.9999999999999936,4.61633733611412e-05,1.3195417956554938e-08,1.3769326003172832e-08,0.0002216922409759,0.9999999999999938,0.999999999999994,0.0002818004763367,0.9999999999999944,0.1574803149606298,0.1283354510800508,0.0827568658418881,0.1701388888888887,0.0989345509893454,0.0951481213220693,0.0877796901893286,0.2435897435897436,0.0029417986411908,0.0862350110224635,0.1847070859575938,0.2384054210457291,0.2978422178216571,0.0813571692964842,0.1449599822047069,0.1948317076762676,0.269280984656656,0.2099741242377674,0.3236345592541044,0.3152356204163436,0.3699644716866477,0.2315165738205274,0.338362515277031,0.2976455674897925,0.3796082504070945,0.8068813580393721,0.0407124681933842,3.966895642374214e-07,0.1081081081081081,0.7051691129546904,0.7809849002023763,0.4249601830817218,0.6775686661154436,0.5533652366006914,0.6711649063243754,0.8385603344102338,0.8431024176083664,0.9451063699027996,0.6241379333988137,0.366530335980333,0.6361873553564034,0.3935192351265588,0.8721569241804049,0.0934652455173338,0.1068311469458331,7.618607284224746e-07,0.7249685064587779,4.667126732954211e-07,0.7540955946586934,2.869113156590129e-07,0.7209646175431306
5,8,9,0.0,0.315001239000482,0.0233732932774162,0.0,0.9999999999999992,4.616337336124453e-05,1.3195419018518021e-08,1.3769326064052328e-08,0.0002216922216647,0.9999999999999992,0.9999999999999992,6.063516115371981e-05,1.0000000000000004,0.52755905511811,0.1956797966963151,0.1077379150075493,0.21875,0.1187214611872145,0.0921697064317704,0.1067125645438898,0.0659340659340659,0.0915317321283364,0.0628237720430523,0.054753395453922,0.100191955359782,0.1028245635034331,0.0577898878676994,0.0580787849564416,0.0749489557533547,0.0894121614521799,0.2174155289033895,0.212922109233549,0.2093525603004237,0.2104095495829162,0.2266507186880221,0.2433827863097022,0.1846895379504745,0.2084663348388371,0.5447964457288728,0.0432569974554706,5.69880763628689e-07,0.12012012012012,0.1959157626037013,0.4283625650446034,0.4288036550563223,0.7703833113590832,0.4710955176508341,0.8237405300909673,0.4571615050517552,0.5240738790686197,0.5594110758454383,0.4130359548688916,0.364924806644006,0.3844031460292146,0.3918076861605314,0.9154531658508356,0.0737314906511378,0.080843532118869,9.05006910417415e-08,0.243615796435253,1.2385821554220393e-07,0.2548350582499681,2.3069158081050642e-07,0.4421166053942342
5,8,10,0.0,0.2865952408372821,0.0128834374089434,0.0,1.0,4.616337336157376e-05,1.3195425850645442e-08,1.3769326108753826e-08,0.0002216920912229,1.0000000000000002,1.0,1.4758682104967086e-05,0.9999999999999996,0.448818897637795,1.0,0.0117925769939457,0.2083333333333331,0.121765601217656,0.0878204907298917,0.1204819277108432,0.0879120879120878,0.0774456528480006,0.0,0.0,0.0120361184992275,0.0566562496813978,0.0,0.0,0.0070675671922155,0.0590605958751594,0.0904813907911751,0.0608962102265848,0.0313084518188246,0.0752507707940911,0.1040600058450545,0.0867718342511503,0.0296210100325633,0.0944323545968347,0.4680509986226546,0.0407124681933842,4.197377908920046e-07,0.111111111111111,0.1581481696350875,0.5954226919568564,0.6945129256952498,0.908027335488359,0.2405742530082744,0.8969268098903396,0.6059663489978266,0.7205838041958368,0.7195581842288141,0.0827545365863034,0.5202432247255115,0.0504873912516934,0.5389017118244329,0.9034551559306312,0.0147689222567943,0.0069321527001662,4.378259884776228e-07,0.3477991761553972,2.500955717484895e-07,0.3735555406592032,3.713512658249518e-07,0.6788046654882686
5,8,11,0.0,0.2866282176894306,0.014206211014562,0.25,0.9999999999999978,4.616337336141116e-05,1.3195415737110216e-08,1.3769326851668622e-08,0.000221692298781,0.9999999999999978,0.999999999999998,7.95960128800393e-05,0.999999999999998,0.448818897637795,1.0,0.0117925769939457,0.2083333333333334,0.0852359208523591,0.1188040181956027,0.1686746987951805,0.0842490842490842,0.1149351659326445,0.0,0.0268685533816874,0.1410525296049797,0.1983166743168823,0.0,0.0183550814754075,0.1269478273535315,0.1670732779403057,0.119222157063171,0.1335629269262424,0.2108910166615893,0.2654749151281047,0.126245535947205,0.1420151390622854,0.2036267121126014,0.2492567691763397,0.4465124021135307,0.0407124681933842,7.890369541260113e-07,0.1501501501501501,0.153838236202318,0.527949850999097,0.2954533415304805,0.5605236285898423,0.665240401119845,0.7971484433102346,0.6234740866693734,0.5189475846844924,0.5944236830960219,0.3316788942257965,0.6048938080457016,0.380385231310287,0.6413683435027213,0.8976169766582686,0.0703670640860061,0.0807130859577074,2.839376097653172e-07,0.3885760316992206,1.501709125905908e-07,0.3565209621073936,2.598910750148341e-07,0.6474469658219364
5,8,12,0.0,0.287168959045518,0.0174818776856857,0.0,0.9999999999999988,4.616337336018469e-05,1.3195415205854636e-08,1.3769325697899506e-08,0.0002216922883572,0.9999999999999992,0.999999999999999,8.18359986467891e-05,0.9999999999999982,0.448818897637795,1.0,0.0117925769939457,0.1111111111111109,0.1628614916286148,0.0501668983236458,0.1049913941480205,0.1520146520146519,0.0306780100888655,0.0078265608995494,0.077562482394913,0.1334677605121871,0.1787032226742845,0.007130274193543,0.0601013813238509,0.0905392091838953,0.1718551125822194,0.0534207541834411,0.1043895962235832,0.1190439656826571,0.1604089663888007,0.0600791523354415,0.1191480808837429,0.0773956083101444,0.1746474607749754,0.2826278260286377,0.0356234096692111,3.341597879552815e-07,0.0960960960960959,0.0887045309508614,0.8172373721866517,0.614042199207252,0.7141398581558289,0.4974270839051466,0.6706133060655067,0.726901294316033,0.5720076426151401,0.6504943661335578,0.1596318384146513,0.5176317823229002,0.1361873480434429,0.526822598364207,0.8866122961632534,0.0985884066530521,0.098817149837391,6.180990319610683e-07,0.7314398618420195,2.845285749144537e-07,0.636862645032152,2.040026548223949e-07,0.7069172346031889
5,8,13,0.0,0.2950917256590509,0.0159453264543045,0.25,0.9999999999999984,4.616337336159491e-05,1.319541863170466e-08,1.3769326334472018e-08,0.0002216922339302,0.999999999999998,0.999999999999999,0.0005005280702095,0.9999999999999992,0.7322834645669289,0.9542566709021604,0.0221302256574696,0.2604166666666665,0.1095890410958903,0.1088723870897866,0.2030981067125645,0.1043956043956043,0.1132242942200537,0.0,0.0,0.0,0.0046455594063393,0.0,0.0,0.0,0.0253094423156593,0.149373910748818,0.1430240584130941,0.1002370933020554,0.1048151272227646,0.1688158139547256,0.1700584779128432,0.1056484502507845,0.144884045015681,0.657383984865175,0.0381679389312978,5.542586550278745e-07,0.1351351351351351,0.2832730624689781,0.6295117352620707,0.5929116950567836,0.8396186790945541,0.3285637248799138,0.8114885371160302,0.4057100908330317,0.6475284205304728,0.6656618967410179,0.0514333263113815,0.4963265332819918,0.0354835308795573,0.5208945539323808,0.9236386728620714,0.0207895483224482,0.0129164289110794,5.583102110153216e-07,0.3197247640504908,2.427105521635127e-07,0.3211483876031889,1.995441155176e-07,0.4380878890596682
5,8,14,0.0,0.3028618000022877,0.0194913619192241,0.0,0.9999999999999992,4.616337336093105e-05,1.3195420019028938e-08,1.3769326382951421e-08,0.0002216922081473,0.9999999999999996,0.9999999999999992,2.133584701891638e-05,0.9999999999999994,0.448818897637795,1.0,0.0117925769939457,0.2777777777777778,0.1400304414003043,0.0910604027074838,0.1549053356282271,0.0366300366300365,0.2029847453815205,0.0,0.0,0.0389467077246421,0.1102121312802047,0.0,0.0,0.0327556524037556,0.0192284532036721,0.0753141338920235,0.0397448963939417,0.0422223880410524,0.116301054634458,0.0689586833600587,0.0416257473872383,0.0190038559282734,-0.0039636650297791,0.5871997700350855,0.0407124681933842,4.439848760716925e-07,0.1381381381381381,0.3579238459902147,0.6442466877673141,0.5700509848113962,0.8207365649199851,0.4978172423425613,0.7847749237939723,0.6365479628168538,0.7802129888257323,0.8847441405117604,0.0931407000541103,0.480906162768891,0.0679124789534453,0.5076107059697543,0.8921524996370436,0.0571410929323424,0.0382163993550005,7.161792152500184e-07,0.596449727808515,4.394882393323393e-07,0.6432027361206626,2.820787854064456e-07,0.7078233028637299
5,8,15,0.0,0.296739726001377,0.0201942079136279,0.25,0.9999999999999948,4.616337336037145e-05,1.31954162522296e-08,1.3769326180289102e-08,0.0002216922768818,0.999999999999996,0.9999999999999954,1.2695694468286667e-05,0.9999999999999968,0.5354330708661414,0.2172808132147395,0.0981292399200158,0.2361111111111108,0.0441400304414002,0.2033747551806924,0.2013769363166953,0.0989010989010989,0.1184322307539779,0.1042044913918517,0.1671866219764411,0.2089182977346733,0.2364712811503787,0.1010654575571244,0.1142201209244155,0.1561437759794517,0.22756461691309,0.247106158335375,0.3250360195945918,0.3049765751125927,0.3275586485971509,0.2796219375747817,0.3273090160960236,0.2837629325463166,0.3644335572047112,0.7167046412133611,0.0407124681933842,8.102143124358846e-07,0.1411411411411411,0.517549457562221,0.6625645097357751,0.4992471051050859,0.7160359645995391,0.5770107912906064,0.7228287835370999,0.7295900650045144,0.6261711521646411,0.7365110226809368,0.6920408555460764,0.5497648113871464,0.7229323833725877,0.653693895660462,0.8810013403420162,0.0972010789033085,0.1147443500725819,5.532515020669813e-07,0.6698501657168978,3.913549929825569e-07,0.6871872374627241,2.1831672227216842e-07,0.6697558054274878
5,8,16,0.0,0.3187167983758106,0.0358069058235885,0.0,0.9999999999999962,4.616337336035125e-05,1.3195415005724833e-08,1.3769326011172896e-08,0.0002216922978027,0.9999999999999968,0.9999999999999966,4.226919526585889e-05,0.9999999999999966,0.4015748031496059,0.0775095298602286,0.2065175046064753,0.298611111111111,0.0563165905631658,0.1974879508285497,0.1359724612736659,0.1373626373626373,0.0515454425583507,0.0845073616156151,0.1297883748985909,0.1957255922988284,0.2686843029944798,0.0823938738856952,0.1038241469011932,0.1791381509331854,0.2523892234787788,0.229310098529367,0.2846792752667856,0.2939980624181751,0.3628145754500308,0.2641650556243971,0.31842425070178,0.3130034290034586,0.3945279213789093,0.3697872751726949,0.0432569974554706,6.21793879861884e-07,0.147147147147147,0.1691129546904914,0.8259471742332116,0.530964173563576,0.6463958279288793,0.4829765844308656,0.6896550768450784,0.6693375407084337,0.5774764247416846,0.7005919984352524,0.5020394774532961,0.6902221379018791,0.5251993745764159,0.7264332631330022,0.8874889225980623,0.0891465940346711,0.1126472775147253,5.510468430280232e-07,0.4960391772846513,2.7600194773893445e-07,0.525674628186438,1.847470710878746e-07,0.603474598216017
5,8,17,0.0,0.3194113153613345,0.0309218576202005,0.0,0.999999999999997,4.616337336074017e-05,1.31954192884421e-08,1.3769326009028189e-08,0.0002216922154959,0.9999999999999968,0.9999999999999976,7.709307220416438e-06,0.9999999999999972,0.448818897637795,0.0965692503176619,0.1846314126986326,0.2673611111111109,0.0289193302891932,0.2772815579984837,0.1876075731497418,0.0677655677655677,0.1553886248658592,0.0,0.0373379851345695,0.1325855887254225,0.2320395931792339,0.0,0.0480496422449428,0.1240323149158226,0.1852452072244086,0.1192060679028523,0.1462394846009442,0.2016876674682509,0.3012852348840292,0.1491573261786135,0.2113731511414779,0.2230260287871054,0.2938701852175834,0.6948086654056755,0.0407124681933842,6.183722641881204e-07,0.144144144144144,0.2477733692183903,0.6240947826338119,0.4665156546921754,0.6722775938216845,0.4639025601056325,0.7459565680275773,0.7920840836044392,0.5847730417279222,0.6747771856763731,0.3569460614275643,0.5352776939533889,0.3238491489276102,0.5338277254906221,0.887676157261547,0.034795941087397,0.0276263231572728,9.84521723333041e-07,0.8375532814865718,4.3751251055614236e-07,0.8036258284131523,2.3963651809620305e-07,0.6612087979167479
5,8,18,0.0,0.3170091400957017,0.0264889720479973,0.0,0.999999999999998,4.616337336099906e-05,1.3195413787259185e-08,1.3769325847294838e-08,0.0002216923182787,0.9999999999999982,0.9999999999999984,3.795678286120139e-05,0.9999999999999986,0.448818897637795,1.0,0.0117925769939457,0.4340277777777778,0.0441400304414002,0.293714560430882,0.1703958691910498,0.0879120879120878,0.1114870111088123,0.076517039254203,0.0937920113625613,0.061775276195481,0.1013932420540784,0.0752016495647351,0.0766102553616877,0.0723585396470809,0.111543972208494,0.2456115253037527,0.2772310545423836,0.1931148575125061,0.2316505160374228,0.2816588604102037,0.3151932368509172,0.2322087864065229,0.2857382850035774,0.5211323372952656,0.0407124681933842,7.275990407305171e-07,0.1411411411411411,0.1459240085183883,0.9474825696764656,0.501594581253177,0.8324654788740458,0.8817234981146436,0.829576736179489,0.3966078858640299,0.6688762169953779,0.73074674750008,0.1332074330668755,0.5378687051068084,0.1087817456072833,0.5411511013469483,0.9184241684652754,0.0639177408869783,0.0749033340770069,1.7239925242216685e-07,0.2906599191805126,9.029656364575958e-08,0.2428407931653736,1.2321629831249013e-07,0.3424896510187173
5,8,19,0.0,0.2889515536935053,0.0184090440895116,0.0,0.999999999999997,4.616337336132004e-05,1.3195418937803108e-08,1.3769325871795132e-08,0.0002216922197778,0.9999999999999968,0.9999999999999972,6.396108191313499e-05,0.999999999999998,0.448818897637795,1.0,0.0117925769939457,0.0729166666666665,0.0136986301369863,0.2273748036932741,0.1032702237521513,0.086080586080586,0.0672964521357585,0.0600737377570169,0.1335830157532584,0.1492866162624062,0.1913180701811712,0.0566707409810509,0.1187525890624178,0.1074657061789966,0.1794682518191921,0.2175706234805179,0.3049481781091197,0.2622092383969225,0.3010489265146318,0.2377388261010619,0.3376703483515477,0.2356924542921692,0.3192287482747052,0.5293506773681451,0.0407124681933842,6.529513647223767e-07,0.132132132132132,0.2495213784301213,0.6043527240713686,0.5605794460811255,0.7116855432243545,0.3716076490050228,0.7008957948301201,0.6106602924314248,0.6267910954564138,0.737307650484039,0.4342208617691883,0.3968354028592254,0.3926359201722729,0.4154751695262622,0.8922506586291381,0.0955613134866033,0.1195515974828121,8.287818598193411e-07,0.5933655214193408,3.4360005176991145e-07,0.5373790653997766,2.0368109132894858e-07,0.6125941541985063
5,9,0,0.0,0.3350677643261862,0.0422366610237588,0.25,0.999999999999996,4.586315429463683e-05,1.3195423178589533e-08,1.3769326387984746e-08,0.000221692147544,0.999999999999997,0.999999999999996,3.7977900122222776e-05,0.9999999999999972,0.6850393700787397,0.1016518424396441,0.2367201008948836,0.3993055555555556,0.0563165905631658,0.2368842568775046,0.153184165232358,0.1410256410256409,0.0578239915346906,0.0037253511408665,0.0256176673825114,0.1050042315593636,0.2007936565325245,0.0035347822340791,0.023860201946592,0.0909304242952448,0.1801037385946221,0.1320824717629442,0.1439729593388432,0.1822847375131077,0.2776821464440031,0.1569437025245706,0.1826284179223716,0.1890846698302996,0.2922829326336352,0.5782329464755809,0.0356234096692111,3.857352423470928e-07,0.1261261261261261,0.3031269942565411,0.7415565991404356,0.5758077760627023,0.8122023390849806,0.439532034698988,0.7280312373632534,0.7892723236858624,0.5041940709770563,0.5883028827322807,0.428833919976998,0.3336095055124138,0.4155024633748307,0.3802768186385304,0.8854359107704798,0.0688708889123503,0.0710340590114687,5.513010433193952e-07,0.4006671885603176,3.536196612008756e-07,0.5498073625212256,1.9460308093595726e-07,0.5512067223103335
5,9,1,0.0,0.2767526718453023,0.0165576697988221,0.0,0.9999999999999948,4.586315429360718e-05,1.3195418030183213e-08,1.37693260492593e-08,0.0002216922403856,0.9999999999999948,0.999999999999995,6.064703545865025e-05,0.9999999999999952,0.448818897637795,1.0,0.0117925769939457,0.2430555555555556,0.0563165905631658,0.175752057836023,0.1153184165232357,0.2197802197802197,0.0157425012178335,0.0,0.0,0.0277041191643084,0.1847030170515699,0.0,0.0,0.0231893051110434,0.1717894812441989,0.1397645556127424,0.1296234489578784,0.1155242142826824,0.2736811492765145,0.1560192148501691,0.1535999420561412,0.115223135316437,0.2862705952839994,0.7026162626511083,0.0407124681933842,6.019375682088119e-07,0.12012012012012,0.4007012612664291,0.6118420841133512,0.4909676888046093,0.75100292616552,0.4867814773637752,0.8186439983260494,0.6178257775376118,0.8791516606205747,0.8738147588898584,0.1694164804340756,0.4759758973650447,0.1464278461352514,0.5164662076782803,0.8997408069051783,0.0119454770677847,0.0069119061311032,5.301642633760837e-07,0.4448244930402808,5.002115551355341e-07,0.7324676047849946,3.3614974252894335e-07,0.7246620890572681
5,9,2,0.0,0.2599360350487761,0.006658373300008,0.25,0.9999999999999994,4.586315429429103e-05,1.3195419192011964e-08,1.3769325932805416e-08,0.0002216922159854,0.9999999999999996,1.0,3.825241504768177e-05,1.0,0.9212598425196852,1.0,0.0265332982363779,0.2395833333333334,0.121765601217656,0.0947364566820593,0.1394148020654044,0.0512820512820512,0.145987698041809,0.0,0.042967199366958,0.1091652197336987,0.2174706885383842,0.0,0.0474134118602583,0.0738736916113023,0.1864419064405085,0.035007232661737,0.0446392737611973,0.0783962854085085,0.1988976078397536,0.0755079084177365,0.1262961871506123,0.0821308580587815,0.2197623353462062,0.6628111740810443,0.0407124681933842,6.893291046958936e-07,0.144144144144144,0.2751588468688439,0.4284145017045899,0.4428336080390096,0.584930102492426,0.4040144814191949,0.8035248731485378,1.105321393757632,0.7174708919165009,0.7549816751586622,0.4305130984892345,0.3174540161640743,0.3891246880589535,0.3902940800476834,0.8694111818180443,0.0392577753398924,0.0360418254934372,9.445393465015954e-07,0.5451637461271206,4.159992757350308e-07,0.547002110379086,2.5862433266494e-07,0.7387661648936771
5,9,3,0.0,0.2819878171765732,0.0134627526119608,0.0,0.9999999999999972,4.5863154294322135e-05,1.3195417538904648e-08,1.3769326392599278e-08,0.0002216922559616,0.9999999999999978,0.999999999999998,3.67233667013932e-05,0.999999999999998,0.448818897637795,0.0,0.968361941969955,0.1597222222222221,0.0852359208523591,0.1046032347738185,0.172117039586919,0.0586080586080585,0.1607413349923868,0.0419319273746654,0.1300221714066476,0.1564668951979478,0.2959501533092194,0.040909909455081,0.0948793714679111,0.1322995512223122,0.2525227116257787,0.1400819848363729,0.2305500294098066,0.1998627709375677,0.3465920889665947,0.1795226909300387,0.2601576576349615,0.2167669380961767,0.3542635754869652,0.6269068746043254,0.0381679389312978,5.855028722295035e-07,0.132132132132132,0.3031269942565411,0.6035840570095994,0.377876503170194,0.6444839432159606,0.4793228982760539,0.733654912532683,0.7426039270775687,0.5758280072717032,0.6576726120958867,0.3832229907202027,0.3245931796825314,0.3271319914688598,0.3930754155157812,0.8850829826161344,0.0935613266435719,0.1058701696121992,6.594470706075583e-07,0.6423992187551143,3.2583771862389857e-07,0.634515480631129,2.2955759808749034e-07,0.6994742912347751
5,9,4,0.0,0.3044282927033038,0.0245881918825062,0.0,0.999999999999996,4.586315429379095e-05,1.3195413057223613e-08,1.3769326118328084e-08,0.0002216923371482,0.9999999999999968,0.9999999999999964,2.8494942007406607e-05,0.9999999999999968,0.448818897637795,0.0749682337992375,0.2273346787166212,0.1388888888888887,0.0441400304414002,0.1589973069876168,0.1359724612736659,0.1336996336996336,0.0535044778074297,0.0330505828445163,0.0987395637562705,0.1749225702604485,0.1796779784326564,0.0315810924249216,0.0806089071518986,0.1509717428338587,0.1671670123253251,0.2131321511962803,0.2934048293742506,0.3119114903105188,0.316155336430774,0.2378253043336837,0.3174203256367714,0.3086279206090899,0.3364140224483873,0.7103206047038757,0.0407124681933842,5.2455925840467e-07,0.132132132132132,0.2495213784301213,0.6751150322011967,0.6659045441729994,0.8242494600271311,0.4147603777014995,0.7228696339494629,0.4838860714117746,0.4070672377760489,0.4924458858267644,0.4625545341768206,0.3744587761830987,0.4588794313351103,0.3978289412788506,0.9066050576621664,0.1095234726050727,0.1236246366721133,2.878736604457428e-07,0.4217640934208871,1.176792826143609e-07,0.3499485346253236,1.453868389615469e-07,0.4460100738504773
5,9,5,0.0,0.2736104952393327,0.0192567559869074,0.0,0.9999999999999956,4.586315429364164e-05,1.3195418566145342e-08,1.3769325954495334e-08,0.0002216922283957,0.9999999999999956,0.999999999999996,7.170650494862626e-06,0.9999999999999968,0.4803149606299215,0.0495552731893265,0.3232792658685134,0.0694444444444443,0.0441400304414002,0.1272991297068486,0.1445783132530119,0.2472527472527471,0.019121919357198,0.111273008279746,0.1813680463815023,0.3156539556313072,0.3599457030056501,0.105374332586824,0.1126856041176398,0.2662643472242052,0.3321130073741588,0.2594829216422247,0.3479244335881421,0.4204217211300836,0.4578276349124042,0.2811183986148745,0.3215460003193621,0.401214120462241,0.470824792453836,0.585812855785476,0.0432569974554706,3.966895642374214e-07,0.132132132132132,0.3299298021697512,0.8640143361561754,0.4988423227197387,0.6489760153552502,0.5194084933646392,0.682772291760066,0.9289489706913334,0.6433851817248024,0.7604264941618242,0.5876769930170195,0.6471234339533983,0.6207312615187586,0.6745129994634427,0.8714859941869374,0.0847693203344724,0.1068885800525949,2.744032752537667e-07,0.6530801354806668,3.183375085919686e-07,0.7568772760181045,2.4955902435241385e-07,0.7923545108391702
5,9,6,0.0,0.3098792124079458,0.029336175155752,0.5,0.999999999999997,4.586315429449261e-05,1.3195419742485156e-08,1.3769326283693328e-08,0.0002216922116849,0.9999999999999968,0.9999999999999968,0.0006069309360684,0.9999999999999972,0.5196850393700786,0.8106734434561624,0.0197425448684792,0.125,0.0867579908675798,0.0930984647460197,0.1996557659208261,0.0879120879120878,0.1314422900892882,0.0671169140935352,0.1220016417916724,0.2520643226343227,0.2482644464436632,0.0658663712822977,0.0957046565802914,0.1928859500201559,0.2235329520562068,0.2154490428818504,0.2805006310604153,0.3557546960108209,0.3464480051440819,0.2529787920929597,0.314727473267359,0.3334691393567296,0.3711430022952623,0.7445538402771681,0.0407124681933842,4.963283011657601e-07,0.1381381381381381,0.3434753072441692,0.8014399427513164,0.5132533485326345,0.7056371478514452,0.5885063753071935,0.756102420116489,0.6076495227671246,0.7257896960913179,0.7944045666333417,0.4219800995074125,0.4781307816421893,0.5390117582587309,0.403365311534518,0.8916065003943381,0.0899962866066359,0.1089276422160809,5.026399947426334e-07,0.5485890107109012,4.2351189425819417e-07,0.66523293018505,2.559538321179428e-07,0.6296979461066813
5,9,7,0.0,0.3162845414990511,0.0289003791413796,0.0,0.999999999999996,4.586315429375408e-05,1.3195419311107348e-08,1.3769326470013572e-08,0.0002216922233027,0.9999999999999964,0.9999999999999964,2.884719325466361e-05,0.9999999999999976,0.4566929133858265,1.0,0.0120382556813196,0.1423611111111108,0.1019786910197868,0.0856491990937461,0.1531841652323578,0.1062271062271061,0.0816776547370488,0.1386858197414139,0.2040086665377901,0.2063442659330239,0.3033623464307672,0.1329681281674076,0.1654452275587947,0.165965061780802,0.2740433914602677,0.2989485417859389,0.3889960845852482,0.3250145734683405,0.4157316475949822,0.3246677960387514,0.4081588628313383,0.3101907506000807,0.4272052073043823,0.5031455287534361,0.0407124681933842,8.547721188576765e-07,0.147147147147147,0.2763241863433314,0.674150434226608,0.4593517160946385,0.6745280297548315,0.4276979085572884,0.7052225410750593,0.7077494169227373,0.4756978083333083,0.5955801761624495,0.427009192470499,0.3815506233302095,0.4287383681209115,0.3811579210677045,0.8891906832936495,0.080606816430161,0.0951998579666718,4.599725190812014e-07,0.587394574697663,1.853633638509565e-07,0.4869413610378911,1.5701923964994318e-07,0.6132291355752721
5,9,8,0.0,0.3187732194804153,0.0299922532846099,0.25,0.9999999999999976,4.586315429468609e-05,1.3195419554586972e-08,1.3769326256971982e-08,0.0002216922148165,0.9999999999999972,0.999999999999998,1.5667725021761937e-05,0.9999999999999972,0.448818897637795,1.0,0.0117925769939457,0.263888888888889,0.0136986301369863,0.3768090680168959,0.1858864027538724,0.0897435897435896,0.1196688506907984,0.0,0.0658555505667891,0.1121666387903026,0.2260158225335357,0.0,0.0629869395549523,0.0913554873458634,0.2205062786127403,0.0354236756729448,0.0777015060730591,0.0826956531188642,0.2099644160853446,0.0614158503446635,0.1358924147752273,0.0902833226118006,0.250157802177525,0.7147132637744265,0.0381679389312978,5.542586550278745e-07,0.1381381381381381,0.3163842970953332,0.694977581156361,0.499503997780228,0.7508924507741606,0.455125612770327,0.7473282630055644,0.8565627045114752,0.4202139481286611,0.4942754584097062,0.3318289518534403,0.3869899502958761,0.3591652729212748,0.4070966456809054,0.8857158716901804,0.0517039048276123,0.0585616522054363,5.198686978381285e-07,0.4500254915954581,3.324010955768568e-07,0.5741882560473338,2.794443295178138e-07,0.7597386663104903
5,9,9,0.0,0.3545739137228411,0.0476226115098654,0.25,0.999999999999996,4.586315429252811e-05,1.3195419774847246e-08,1.3769325493771109e-08,0.0002216921969397,0.9999999999999958,0.9999999999999966,6.689726516901571e-05,0.999999999999997,0.7637795275590553,0.1867852604828462,0.1485438463514494,0.3055555555555556,0.1035007610350075,0.1256595688130157,0.2771084337349397,0.1538461538461538,0.1059630584498571,0.0237416506871793,0.133857266399537,0.1865962526113296,0.2932086106677538,0.0229223906442532,0.1173099661963757,0.1543131236478661,0.2546016483125133,0.1041620755843677,0.2181082125635668,0.2181312586664261,0.3293573598142939,0.1399302313000597,0.2734456213193849,0.2243305853375352,0.3392100794355402,0.5015752643453757,0.0381679389312978,3.74780920456764e-07,0.099099099099099,0.2227185705169114,0.6685864907308035,0.5022038301369429,0.7110156987562646,0.466236492249012,0.7496646977475361,0.8723919439756029,0.4722206572605663,0.5391171366283913,0.349913330562181,0.3806120800304883,0.3436555566853726,0.3778663114735444,0.8826216514881826,0.0673557535982808,0.075307530764196,6.369186587898133e-07,0.5934637814441366,3.8325350389078955e-07,0.7358314628864678,2.419618081423322e-07,0.7191336887580507
5,9,10,0.0,0.2813687792065417,0.0117481513256694,0.0,0.9999999999999992,4.586315429420631e-05,1.3195409842276496e-08,1.3769326457447185e-08,0.0002216924049689,0.9999999999999992,0.999999999999999,5.31795622688334e-05,0.9999999999999984,0.448818897637795,1.0,0.0117925769939457,0.2430555555555556,0.0426179604261795,0.211130692174923,0.1359724612736659,0.0695970695970695,0.1104389397337873,0.0,0.0211903497503803,0.0285109546253283,0.0505561152517497,0.0,0.0262113569843226,0.0261819334297534,0.0499950762963161,0.1414780993089953,0.1565410261635877,0.1186619281838411,0.1395569414581785,0.1722580076853091,0.2089897884360901,0.1388703544035444,0.1756505773083513,0.5149467264045957,0.0356234096692111,6.893291046958936e-07,0.117117117117117,0.1930024139174828,0.577150442983771,0.5414864276052098,0.830222521649953,0.5497006210663178,0.8162467467839734,0.5256678350980745,0.8003580690010825,0.8151093459287937,0.1767236206558848,0.4593449051294677,0.1505623997321696,0.4858821334438762,0.9055568807106774,0.0640608043968917,0.0440326515840608,4.6582026945479734e-07,0.4157647179094589,3.04120098866575e-07,0.4296302540902428,2.564836757386629e-07,0.4800099837854021
5,9,11,0.0,0.3033081809003054,0.0226230201744952,0.5,0.9999999999999966,4.586315429320602e-05,1.3195422456800224e-08,1.3769325880925938e-08,0.0002216921523431,0.999999999999997,0.9999999999999968,7.095299096008974e-05,0.9999999999999966,0.448818897637795,1.0,0.0117925769939457,0.3749999999999999,0.0426179604261795,0.2726386446856903,0.118760757314974,0.1043956043956043,0.0626083160060468,0.0234910603922692,0.0663953348035493,0.1756255205842793,0.2243668491666275,0.0221481388890537,0.0698405197433436,0.1216451261426188,0.2115275330132945,0.1564242244934061,0.197261129821572,0.2614048566156439,0.3061876341726436,0.1779463234599355,0.2466569004215368,0.2250267748295875,0.3274663458326231,0.618921702211916,0.0381679389312978,7.678595958161378e-07,0.1261261261261261,0.463943841735801,0.4565467267285417,0.3448776643923352,0.6839971351708769,0.5642119620621893,0.7465525212493029,0.6716565094771787,0.5614853094309762,0.628029072924539,0.5417905123426333,0.3231379288813879,0.5105780751024809,0.3421220052982037,0.8849436679436804,0.1232926518533075,0.1392311866041011,4.057166178554987e-07,0.4302875590659173,1.945658330554065e-07,0.4469691892156197,2.5412760170798735e-07,0.6259363486664972
5,9,12,0.0,0.3088938502978372,0.022411490470626,0.0,0.9999999999999988,4.5863154295240367e-05,1.3195420967515594e-08,1.3769326130808313e-08,0.0002216921854192,0.9999999999999992,0.9999999999999992,0.000444435729154,0.999999999999999,0.448818897637795,0.730622617534943,0.0200348074350004,0.3263888888888888,0.0426179604261795,0.2499778200764602,0.1669535283993115,0.0879120879120878,0.1091393312287564,0.0,0.0455615456610314,0.091647297798609,0.1114956825368428,0.0,0.0348893787002798,0.0562232013516962,0.1193380795913544,0.1313863493338079,0.1718201967832463,0.1719078237832632,0.188600429154307,0.1505985246561872,0.1948344886296574,0.14643800734927,0.2227486928867933,0.686599078894333,0.0407124681933842,5.2455925840467e-07,0.1381381381381381,0.2622022767976615,0.6457397461436809,0.5851556613373994,0.7305096114556973,0.4621916144831324,0.7409352955077035,0.4360765212999643,0.5466048430273951,0.5043916980051533,0.045248228650573,0.5036374252992603,0.0264406398225924,0.524555362658327,0.915070037472165,0.1179225139105807,0.1235381362423766,4.978903357045177e-07,0.3705273662977372,2.545476171986361e-07,0.4446732885014796,1.9076168574127145e-07,0.4970274840093499
5,9,13,0.0,0.2802102202125484,0.0123554503778547,0.0,0.999999999999997,4.586315429395936e-05,1.3195418055575621e-08,1.3769326148511855e-08,0.0002216922416724,0.9999999999999968,0.999999999999997,6.312966421271129e-05,0.9999999999999968,0.448818897637795,0.2401524777636594,0.0781872422567342,0.1319444444444443,0.0410958904109589,0.1629940336882355,0.118760757314974,0.086080586080586,0.0780235432800143,0.0078906364625201,0.0209615744374453,0.0864811073168645,0.2379188126078398,0.0076594248796981,0.01253212310952,0.0705609073261663,0.1951799124364447,0.1586353355282758,0.1687465151273642,0.1899509657757301,0.3387038097194491,0.1921181668149842,0.2060821109462794,0.2012553699264159,0.3401560039698951,0.359501165394227,0.0381679389312978,4.439848760716925e-07,0.1261261261261261,0.1155073388640715,0.6048534213529226,0.5883446942188773,0.8068384331772527,0.3561723818036749,0.7820759528689638,0.5070923022021945,0.5272120332630306,0.5515586632093976,0.120350430776339,0.466919895014692,0.094828657298454,0.4991563106489992,0.9117867385609052,0.0637443960672427,0.0640554226163211,7.867367002659227e-07,0.5324978232176569,3.393516081789192e-07,0.4605519615694827,2.8884870550040373e-07,0.5769055957780684
5,9,14,0.0,0.3036780865400231,0.0212529147085278,0.0,0.9999999999999988,4.586315429583702e-05,1.3195416563045217e-08,1.3769326007981461e-08,0.0002216922678304,0.9999999999999984,0.9999999999999988,6.654240126396395e-05,0.999999999999998,0.448818897637795,0.8195679796696316,0.0167313106069976,0.125,0.0974124809741247,0.0844874950902929,0.1170395869191048,0.0659340659340659,0.1001398916885417,0.1166521289912351,0.1429882535243535,0.198656865422274,0.1650243494278179,0.1122989358458798,0.1144024127368747,0.061648497245166,0.1409405384745296,0.2331544863304794,0.2598592421902167,0.2599058884650521,0.2140712314515367,0.2643739273466702,0.2929619636600922,0.1382476186760143,0.2324113430199428,0.6391208526680763,0.0407124681933842,7.275990407305171e-07,0.1381381381381381,0.3714594276176921,0.5984955515383605,0.2899160605425317,0.5658895356725462,0.7315994530448626,0.8552602515673053,0.4753643400794962,0.7002048934726057,0.6915177525483904,0.0712059933228985,0.5021932451254281,0.0473306390955149,0.5217301653737363,0.8950289561186613,0.1556823360581384,0.1336290702859359,6.393297508496354e-07,0.5194162390651329,2.88876565936598e-07,0.3961415595857046,2.2412771084634975e-07,0.5642904822493131
5,9,15,0.0,0.3181997083835811,0.026247592465868,0.25,0.999999999999996,4.5863154293385785e-05,1.3195416338366376e-08,1.3769325790358808e-08,0.0002216922682554,0.999999999999996,0.9999999999999956,3.852302706349832e-05,0.9999999999999986,0.448818897637795,0.0698856416772553,0.2402339164645033,0.2812499999999999,0.0578386605783865,0.1871920015163002,0.1669535283993115,0.1593406593406592,0.0546396197274568,0.0377558476175353,0.0385704655939772,0.12339837405531,0.2510557144322956,0.0369202170663766,0.033549493488562,0.1123122484454542,0.2167750193007827,0.2145581274600705,0.2257261332313898,0.2596347592119187,0.3790853693400466,0.2485993732551519,0.2678342384619526,0.2760642330725364,0.3901694624144003,0.7792327731666169,0.0432569974554706,5.2455925840467e-07,0.1231231231231231,0.4371410338225909,0.6160335490110618,0.6416924248800955,0.8666284884826938,0.5203061832736444,0.6364752881914238,0.566785070167727,0.440617883262937,0.488725639944001,0.3993592746133064,0.3806978589715496,0.3974348874775168,0.4024960729038713,0.90469213961722,0.0784555955442349,0.0865904165295641,5.431054602157208e-07,0.3669830689922249,4.0994994057634e-07,0.5382364655624867,2.028171115155183e-07,0.5081623974139914
5,9,16,0.0,0.348869030844614,0.046219273347349,0.25,0.9999999999999948,4.586315429331192e-05,1.3195421393265622e-08,1.3769325979919586e-08,0.000221692174543,0.9999999999999948,0.999999999999995,2.7246471067015737e-05,0.9999999999999976,0.448818897637795,1.0,0.0117925769939457,0.3472222222222222,0.0319634703196346,0.306710813115997,0.2478485370051634,0.1025641025641025,0.1424827306063082,0.0003080011354324,0.0374219989071874,0.1022570137975762,0.1729202380274191,0.0002949246830475,0.0147749715295762,0.0771956023440465,0.1322772191815546,0.1844628625738936,0.2309050978749873,0.2453132264387704,0.3118411356398583,0.2102962152231928,0.2408150219966951,0.2370317225236693,0.3055929605822014,0.5712165839047008,0.0356234096692111,3.857352423470928e-07,0.1381381381381381,0.2763241863433314,0.4636750183388076,0.4608160318742191,0.8600230073603803,0.5248351978510357,0.7889068111168227,0.4127829742352419,0.6428690348336779,0.6846532787392992,0.413225263744984,0.3601609985348312,0.4024011962652737,0.3964946446094759,0.9167549111157616,0.0758293119981242,0.088644098003912,3.408335381171151e-07,0.2662808265808316,1.9629013506524545e-07,0.3049371649658201,1.642887297976046e-07,0.3836012521740236
5,9,17,0.0,0.3260413922862472,0.0304488718228498,0.25,0.9999999999999984,4.586315429369258e-05,1.3195419357968417e-08,1.3769326227531248e-08,0.000221692218067,0.9999999999999984,0.9999999999999988,5.996139224666957e-05,0.9999999999999986,0.448818897637795,1.0,0.0117925769939457,0.3715277777777778,0.0563165905631658,0.2260163103812412,0.2547332185886402,0.1208791208791208,0.1247346332891282,0.0,0.0,0.050841082213468,0.1565443555321883,0.0,0.0,0.0506458715740905,0.0878296939706783,0.1120533533337193,0.0909791284996246,0.103760505384794,0.2127466155700199,0.1430435436148603,0.136911089920806,0.1310656630382999,0.1785110165593497,0.7541757186894347,0.0432569974554706,3.74780920456764e-07,0.147147147147147,0.4290098449051003,0.5226243780225563,0.4514855493773941,0.7820400924066102,0.4221992444743948,0.7830468890796827,0.6867601640791712,0.7523052857157342,0.8025938430106683,0.1507569968382388,0.4681480446347749,0.1142465256422672,0.496063869630513,0.8916060837812971,0.0563994167319835,0.0440785278074086,1.7352003561147153e-07,0.2156469263292005,3.382432390056455e-07,0.4589994106486609,2.32059702856478e-07,0.500259999223748
5,9,18,0.0,0.2929879823462704,0.0200503441440355,0.0,0.999999999999996,4.58631542938631e-05,1.31954187077532e-08,1.3769326200684933e-08,0.0002216922300773,0.9999999999999964,0.999999999999996,1.643268621760838e-05,0.9999999999999976,0.2440944881889761,0.062261753494282,0.1867158024041414,0.1319444444444443,0.0715372907153728,0.1108737105704505,0.2323580034423407,0.1227106227106226,0.1109760454878589,0.0999335346036536,0.0973779079905681,0.2032577099294699,0.2363158411377231,0.0957472861470575,0.0868340982630188,0.1434449032229882,0.2081571315627111,0.2124526773622653,0.1994649365535785,0.2621518680693268,0.2889774273964105,0.2418330312561596,0.2486101268963297,0.2300790113641134,0.3035130935905102,0.5462911832629098,0.0381679389312978,6.019375682088119e-07,0.1261261261261261,0.2495213784301213,0.5957197859357404,0.4782265213343306,0.6970861963573296,0.4244948475498849,0.739205414256791,0.6980606253171269,0.6501149972480216,0.7369216578034767,0.5542995734006371,0.669985971267133,0.5727999121457531,0.6860406817877354,0.8832085566605323,0.1073118515705959,0.1024254727873094,1.1056160973450242e-06,0.7809185964809341,4.54345384160082e-07,0.6653344065853719,2.887397934206691e-07,0.7005902525972519
5,9,19,0.0,0.3046778141762514,0.0211588258107343,0.0,0.999999999999997,4.586315429378663e-05,1.319541777117292e-08,1.3769325881750062e-08,0.000221692242366,0.999999999999998,0.9999999999999968,4.986937442208198e-05,0.9999999999999966,0.52755905511811,0.0127064803049555,0.6988287903955365,0.3090277777777777,0.0273972602739725,0.3096921551953773,0.1858864027538726,0.0897435897435896,0.1196688506907984,0.0192137307126344,0.1120974832186634,0.1458724893125911,0.2597931244312109,0.0181371788249646,0.0930330132309832,0.1352023942259811,0.2285274840120678,0.1599613322790033,0.2605258274345757,0.2389749914090917,0.350662711022243,0.1817288929681871,0.2870294130958833,0.2487942290548068,0.3539130181377423,0.6287281337735813,0.0407124681933842,4.439848760716925e-07,0.1531531531531531,0.2495213784301213,0.5922169398346995,0.5641584117911167,0.6288803876088802,0.3086027761342656,0.7146458884615419,0.6131651002918774,0.4304243945731125,0.5179968010418561,0.340942484263856,0.4451062885422281,0.3272056846909645,0.4576224894675843,0.8967009717292276,0.0983795540728999,0.0985839385502696,5.811427944292844e-07,0.6606285847796999,2.645848612415011e-07,0.5288069296195704,2.033429494439193e-07,0.618316529688603
6,8,0,0.25,0.5822381884908056,0.2709401768206589,0.5,0.2510291276321709,4.632475947120407e-05,1.785322639666387e-05,6.724216270080436e-06,5.707378466872401e-05,0.5723986404926663,0.5831874596479608,0.0002803998252248,0.992527956272131,0.7322834645669289,0.0864040660736975,0.284586284553608,0.7847222222222223,0.1598173515981734,0.1701427951282741,0.4561101549053354,0.2124542124542122,0.131810210070491,0.1733689234903698,0.1547789797193358,0.2316276377405605,0.2414632386660318,0.1690137423907416,0.1214110832588238,0.1870233895482478,0.2362467601494516,0.421654044621735,0.4798719917252815,0.4776888729314583,0.4968255539473541,0.4438762198355669,0.4814920615589661,0.4500189292060436,0.5158090746195608,0.5004872701420262,0.4376590330788804,9.76900735337833e-07,0.2912912912912913,0.410338225909381,0.6338536813504203,0.6558451230344637,0.7141656652454138,0.3411785905364734,0.8040988531181669,0.2794517948437327,0.208574389747941,0.2681662754345102,0.4907647255592233,0.6407621097565063,0.4837870875226495,0.6268489632815579,0.9319030645937024,0.1389766176623461,0.1669907298138755,2.507868697548888e-05,0.307106895193591,7.778983586523014e-05,0.3264472448129439,5.9837944188901214e-05,0.2740433047365174
6,8,1,0.25,0.6125759614954043,0.3128211606800282,0.75,0.214749429478387,4.973680039533725e-05,8.737680937924525e-06,7.002763275915836e-06,0.000157307721367,0.417027828673461,0.5897213978210113,0.0005045945093476,0.992482179874296,0.448818897637795,0.1118170266836085,0.1626576595414927,0.6805555555555556,0.1187214611872145,0.1964795846587934,0.7074010327022375,0.5054945054945056,0.0780924626108731,0.0607997442411424,0.1213876225828734,0.1769571469847477,0.1512699863006165,0.0615425838645184,0.094978352858529,0.1514000988665069,0.1752426637539749,0.3545560573399586,0.4630928140434708,0.4488006681128621,0.4467957900303902,0.3871610125914575,0.4761802008943576,0.4408773410401299,0.4928394199538344,0.4951141840247088,0.4249363867684478,2.198560618729097e-06,0.4144144144144144,0.5443522654754309,0.5816345786137145,0.6884536206476666,0.815418492037292,0.212136956420096,0.7929537592684971,0.1578788682428501,0.1508904610511452,0.1929138732334601,0.2307088928451044,0.4706337382139817,0.1874724267998402,0.496584768697644,0.950856639960995,0.1687139340472299,0.2013881901039509,2.055315532419753e-06,0.158712966394532,9.842532205105985e-05,0.214244553496237,4.862524979231687e-05,0.2108144604067791
6,8,2,0.25,0.5828205584301294,0.2865428879171723,0.5,0.1458603399252477,4.537211320078984e-05,1.7006015883911972e-06,2.667863922291319e-06,0.0003383971254592,0.3756742898548989,0.4346981791155477,1.805582861448753e-05,0.9753417218425244,0.448818897637795,0.0330368487928843,0.4023343374962221,0.8229166666666667,0.278538812785388,0.1051104056103108,0.3907056798623063,0.3827838827838827,0.0494389695211653,0.1664958226303425,0.1651342949372601,0.2184291635046363,0.2528653036041561,0.1651757743485493,0.1357489431135028,0.199289476639266,0.250283801796796,0.4141046337025519,0.4828194545645627,0.4644954168693906,0.4996398437248522,0.4415898531999224,0.4938097946751451,0.4588722722433254,0.5255000991189098,0.3710344483029426,0.4071246819338422,4.186373371551664e-06,0.4174174174174172,0.463943841735801,0.7173155722527946,0.7075288408997986,0.8505925482676919,0.200935669625105,0.6301815937769207,0.2331464586325001,0.2486703603622249,0.3253538170841712,0.1612772319569074,0.5359262640649526,0.1396830999314493,0.5544656366946608,0.9364745151212088,0.1456023756368234,0.1835482100714003,8.180155171065166e-05,0.2601993197689898,0.0001503245037103,0.2519931430227603,0.0001294242243192,0.2943437289122138
6,8,3,0.25,0.6682961955436281,0.4187483283662481,0.25,0.325810095269868,5.432430666080663e-05,4.787906946617877e-06,9.51289689757914e-06,0.0004370028246247,0.5102920704051346,0.4533015898201704,5.186939387678431e-05,0.9856132726872672,0.448818897637795,0.0241423125794154,0.4785303611753785,0.625,0.1248097412480973,0.1762900749893032,0.3889845094664371,0.3663003663003663,0.0526765531960338,0.1308521931770733,0.1915528199170754,0.2460561463843909,0.2925826319720303,0.1256723174338157,0.1427062773474744,0.2081039150224763,0.2532229209549523,0.3708523767615027,0.4775152342452783,0.4595602963555911,0.5020194737614292,0.3910966161468595,0.4697185278174279,0.4374074281468418,0.4972942573903627,0.5013522063086411,0.44529262086514,2.087561329256051e-06,0.4654654654654654,0.5443522654754309,0.9029639227599358,0.752359702487249,0.8495253087194703,0.2495759808075086,0.7820366118678275,0.3482305143522383,0.2969045666317944,0.3507098631906777,0.2706411084611466,0.546748412105081,0.2312735270526436,0.5558059788091514,0.9210683030883804,0.138586792268966,0.1709507605379201,0.0001202899695916,0.3283445789626911,4.863633017316179e-05,0.3514207254838851,5.651281082110186e-05,0.4235787113499595
6,8,4,0.25,0.4609366689686955,0.1117168688152351,0.25,0.4053684765842754,5.795942044078801e-05,8.33898610582812e-06,6.579694445008719e-06,0.0001543788153216,0.7307034495280127,0.5076732534494661,2.1295728804871408e-05,0.9832711238038884,0.52755905511811,0.073697585768742,0.2561503425941436,0.965277777777778,0.2176560121765601,0.1525402708748677,0.5903614457831324,0.3809523809523809,0.0895891828470512,0.066257448946337,0.1884182420177327,0.2274670718321954,0.2724651879036361,0.062613488228736,0.131621460714027,0.1926260297332382,0.2557900644125279,0.2847940502665077,0.4323155785153025,0.4044919533599262,0.4455379213082625,0.302556247882541,0.4157296934144314,0.3846960709382973,0.457182071666938,0.5440280561088291,0.4096692111959289,4.079079111402739e-06,0.4234234234234234,0.5711550733886408,0.6140730522666242,0.585087363209384,0.5589827364545843,0.3158627530172108,0.7040481872823193,0.4692431430804037,0.3312110688622565,0.4349782646676066,0.6168584458387739,0.6365079487857466,0.5241271174669523,0.6276019382429113,0.9097489788833346,0.1022431597675577,0.1235516637064642,6.506664191539831e-05,0.5465178911965777,6.11685611203812e-05,0.4533561333590959,9.608453508926325e-05,0.5034840293675892
6,8,5,0.25,0.5363017085528774,0.1998588363748414,0.5,0.3714754139538127,5.467473556164695e-05,6.486587620014163e-06,1.5966122941139558e-05,0.0005489617307631,0.6840328667395978,0.6093690533711963,8.67728732689343e-05,0.9964642124490404,0.448818897637795,0.121982210927573,0.1505561722955316,0.7430555555555556,0.1628614916286148,0.1600539128969758,0.3442340791738381,0.5256410256410257,0.0203239073073597,0.0703141795697149,0.1190221267722419,0.1639522533072947,0.270880534594758,0.0683493039054597,0.097067647391405,0.1372519007173645,0.2176443012534523,0.3128271297611358,0.3993485791400153,0.3816211320093842,0.4709575798097382,0.3385401204065373,0.4150752259593127,0.3705291182175937,0.4593811679250657,0.2987872986839051,0.4605597964376591,1.1148335419635865e-06,0.5165165165165165,0.463943841735801,0.6469925598469346,0.5628763236382026,0.6646566807854808,0.4347555122033233,0.7575138775271137,0.2048910900790446,0.3128765503355315,0.3308915896189859,0.2705949367221409,0.4957414596248986,0.2724379615666289,0.5379833611889,0.9422245866546736,0.1506815232023145,0.1818293142957792,2.937797718985069e-05,0.200406481777959,2.1927586839211653e-05,0.219178181533062,0.0001586733204708,0.3792486981755649
6,8,6,0.25,0.4226497433862831,0.0902441821611888,0.5,0.3004610387431909,5.367421463349363e-05,2.4462741740046805e-05,6.769999928007203e-06,3.350403376457894e-05,0.6387304414680083,0.7321928857336306,9.89726785838593e-06,0.9859907820808748,0.5196850393700786,0.0470139771283354,0.3529086601737299,0.75,0.1445966514459664,0.1791840409401062,0.4423407917383821,0.4029304029304029,0.0551821507921756,0.1252414784528614,0.1336969091137634,0.1830678627851728,0.2578633005954068,0.1260588002960373,0.1068141436818474,0.1567331539854946,0.2582061193730911,0.3736165247027034,0.4398975382863164,0.4225857384620803,0.4858684535357317,0.4072285112027721,0.4579065824727794,0.4181042148561757,0.5203284384794233,0.2453803737746385,0.4351145038167941,1.412949976402958e-06,0.5405405405405405,0.3031269942565411,0.7019152998956377,0.7863861859343908,0.9106624528674624,0.1397826531332602,0.5370721943011121,0.2713077482837481,0.2352808134557333,0.2957257835878284,0.3230497887787441,0.6778991537405052,0.2958251012969727,0.6826217120317712,0.929877263664722,0.1544919735029944,0.1792089051013898,0.0002399344597635,0.249310082992739,0.0001128323084294,0.3225219331187573,0.0001283693670778,0.3410286811877372
6,8,7,0.25,0.4483749621864272,0.1043841927015051,0.75,0.3610075916233237,6.092616334477037e-05,3.0710675261453953e-05,8.352567528984984e-06,3.237748158015469e-05,0.4877720757611403,0.6554278252571998,0.0014106537979857,0.9907947947128072,0.448818897637795,0.0825921219822108,0.2102892574069199,0.5798611111111112,0.1598173515981734,0.1339455217173323,0.5370051635111874,0.63003663003663,0.0351744443999207,0.073472570862549,0.1145528907428869,0.1484350238178961,0.1984380329052135,0.0738791501284374,0.0910068811330777,0.1271234190140981,0.2049290686079558,0.2842583237964736,0.3545435760404143,0.3299584348696794,0.3764974215330229,0.3243929169763246,0.3865515390595187,0.3401081066440272,0.4276024431535231,0.2758604543963772,0.4376590330788804,2.8464074384501494e-06,0.4534534534534533,0.6247606892150608,0.5618490442877735,0.7121198916570375,0.8089263100879465,0.213063216176755,0.6413211762295511,0.292876537909313,0.2908310675755463,0.3347239953711378,0.4431558474883826,0.4264279877268442,0.3658934740464968,0.4878294518436266,0.9347624696915208,0.1150060648592105,0.1309093617012015,0.0002778688918844,0.370414910411817,0.0001437946547103,0.3219660178284721,0.0002018263002093,0.3530043530166522
6,8,8,0.25,0.5655661383231921,0.2382601825172804,0.5,0.5130812892180538,6.911436573971125e-05,2.116353410265841e-06,1.6587860793428655e-05,0.0018175290627713,0.8600856954810245,0.77228774324258,0.0001095523373863,0.9975989396766664,0.448818897637795,0.062261753494282,0.2624281931777713,0.71875,0.2176560121765601,0.1191984844017634,0.4733218588640276,0.4908424908424909,0.0444878391472147,0.0850807425759702,0.174275273222121,0.1965024239903222,0.2368062045093914,0.0886000148554967,0.1541091477274832,0.1829824774211589,0.2583471315170778,0.3517493593666443,0.4798258078009318,0.4397401442600374,0.478844821346146,0.3943588684286024,0.5125132852146271,0.4511076999840971,0.534391897913211,0.3757509546660729,0.44529262086514,1.8340882519232909e-06,0.4654654654654654,0.3299298021697512,0.7606775476122825,0.7550050347687938,0.9334301484935086,0.2304044865002659,0.7913736137189701,0.285360367235288,0.1847619182867121,0.2138849538485523,0.2519593255489465,0.6110388024588516,0.2344613739519919,0.6137570767832898,0.9327875973339927,0.1432696975707218,0.1719347707834531,0.0001779821943179,0.310930065341781,9.254621297339564e-05,0.3350402366747537,8.174440838172009e-05,0.3415949198411769
6,8,9,0.25,0.4658705394148964,0.1171259230810826,0.5,0.2306286545473259,5.286812810134152e-05,1.9389888173139824e-06,7.01911618192353e-06,0.0008223515212666,0.5153591098542827,0.7086703337396325,4.988156322461551e-06,0.9823101926603414,0.448818897637795,0.0482846251588309,0.3152531675771863,0.8576388888888891,0.0867579908675798,0.3043084249431388,0.7831325301204818,0.4157509157509157,0.1151426840648995,0.1340657621109531,0.1829036833033366,0.2326224235583016,0.2610469528955992,0.1295572242815028,0.1494315882063656,0.2038033976652089,0.2614107433042789,0.3593367883976849,0.4520044251634522,0.4322955611515694,0.4609520499872432,0.3826849583195939,0.4623566963103068,0.4209496621544892,0.4896098934184218,0.5291225787986407,0.4351145038167941,4.186373371551664e-06,0.3423423423423422,0.517549457562221,0.7370745664432241,0.6027747682983406,0.7046198180383798,0.388503722936706,0.6948798299454092,0.3714007248573265,0.3562511448410752,0.4400961408754185,0.4877615973976426,0.7031325329086655,0.5129511775113236,0.6966855584328198,0.9178067726414676,0.1161034070662428,0.1453741701827965,0.0006648143852481,0.5068168037835834,0.0002502652268422,0.4523020340996566,0.0002135202988603,0.4439319899728735
6,8,10,0.25,0.4619399077406773,0.1204109143617195,0.75,0.3324347733152218,5.697642609348994e-05,9.402146955084234e-06,1.0957097036089743e-05,0.0002431743044297,0.4492898897552417,0.6270171204107873,3.963409820305261e-05,0.9920025824314038,0.52755905511811,0.0609911054637864,0.2960684862080751,0.5833333333333335,0.2085235920852359,0.1051104056103108,0.4440619621342511,0.3443223443223441,0.0699695460454922,0.120745030934432,0.1169989144319492,0.1462545991086519,0.2426334518148262,0.1191895968571509,0.087955466398237,0.1284431879828237,0.2425340747270733,0.3761715383043238,0.4351177293522494,0.4046486999468628,0.4827913476312837,0.4035167531657567,0.4429615978821108,0.3990252695831593,0.5107302765329409,0.1990479085394516,0.4732824427480916,3.7781540094972456e-06,0.5405405405405405,0.3299298021697512,0.7692750837979654,0.8108231865221427,0.9172624406807132,0.1885943072770858,0.6663860624237834,0.2199031339267073,0.1869823265375627,0.2453614747444983,0.1322776831537908,0.5204124610823416,0.1153892922666826,0.5273220949719618,0.9490860109416608,0.1069993878184772,0.1256708500321545,3.634068222775625e-05,0.2095850394202823,0.0001423168287389,0.2472444156792489,0.0001346453797086,0.309078713264292
6,8,11,0.25,0.518657189908143,0.1871811903046654,0.75,0.412403296949778,5.333313719706714e-05,1.0657512425048487e-05,9.257872860063816e-06,0.0001731672163897,0.665174413868837,0.6774751460121277,7.93630327358889e-05,0.9889643289363051,0.8425196850393704,0.0851334180432019,0.3202621660943006,0.8611111111111109,0.3074581430745813,0.0990863176203005,0.5163511187607572,0.3516483516483516,0.0834154674001429,0.1206600373110069,0.1917627395622745,0.3065241730730688,0.3726951318508384,0.1141723941758664,0.1579530518666311,0.2348629450992788,0.3257421109793372,0.3815346629731693,0.5001897230494597,0.5217955229875857,0.576764169307481,0.3961665965916585,0.4991800735836487,0.4718381379146489,0.5644309864808349,0.4251865861849531,0.4376590330788804,3.155175881636423e-06,0.5015015015015015,0.463943841735801,0.8605176612873482,0.5949538029005224,0.7280106656716443,0.4091431126545837,0.702391608451798,0.3974782049291252,0.3421256203465896,0.3820509346749192,0.5082960994035922,0.4263318268463156,0.4331953669199296,0.4328940358998485,0.914218011050622,0.1464431077429085,0.1690776129219569,0.000234021129927,0.42962468380175,0.0001318005358553,0.4391138729487887,5.589814140939668e-05,0.4008167435098454
6,8,12,0.25,0.4717415769696716,0.1282125026510848,0.5,0.1194274917577755,4.849300423317614e-05,1.751000517690077e-06,4.599268511491816e-06,0.0005879897925153,0.6373440443873768,0.7090004526203489,0.0001427296085328,0.9937187197251596,0.6850393700787397,0.036848792884371,0.5002427539410954,0.9236111111111112,0.1506849315068493,0.2050402526310379,0.6609294320137692,0.4047619047619048,0.0959618728225007,0.0990386066798452,0.1732826913753292,0.2101498564813105,0.2534162138328869,0.095198724231492,0.1319897374068736,0.1752991217132272,0.233680747835447,0.3791296782784399,0.5009606147552736,0.4705816416733304,0.5118745442483814,0.3976158722212244,0.4931871349099365,0.4446966670075278,0.5170483868277407,0.5239585633535602,0.4071246819338422,1.527775913356998e-06,0.4204204204204204,0.5443522654754309,0.7873875720381145,0.695512954598712,0.8520609109842914,0.2362037099645498,0.6895484386462661,0.3258383840912378,0.2627959713615408,0.3427941061438924,0.7242623648829399,0.610754041573029,0.6914946652391707,0.6267605033435611,0.9273402367551644,0.1126718034231766,0.1392234360360253,0.000164505127537,0.331773690874684,6.565164933798082e-05,0.3336713578639241,4.6865996548570735e-05,0.3081301378753215
6,8,13,0.25,0.5431245688247546,0.2022548106410397,0.5,0.4618062017116466,6.115088326353142e-05,6.702995991768157e-06,1.3806431678633424e-05,0.0004541926408443,0.7517807679290784,0.6291736034221025,0.0001155997555248,0.9870119835547516,0.448818897637795,0.073697585768742,0.2304338462274761,0.8576388888888888,0.2496194824961947,0.1211153869258463,0.6213425129087778,0.4908424908424909,0.0677840471877702,0.2044376275692734,0.1915824451409024,0.2416238013243684,0.3215460954191421,0.196737108085632,0.1407514037941349,0.1955754588715934,0.2944414847644363,0.4218760900671546,0.4739185746832219,0.4528764252209973,0.5197131365723602,0.4422653807084433,0.4652328043616257,0.4250923766524735,0.5257670887575325,0.5083764752552273,0.4478371501272266,2.996878273430096e-06,0.4744744744744744,0.3299298021697512,0.8132114571537077,0.7159414438342884,0.8160397269210282,0.2494477438998679,0.7208589784202559,0.352049112226036,0.3315683877012267,0.3966765820251146,0.4124051807263492,0.6232733298310432,0.4669852928791816,0.6441602945742354,0.9183758862369308,0.1376118972368529,0.1579905795872154,0.0006683096666054,0.4197245192424258,0.0002638550821927,0.3674666656903932,0.0001083145614359,0.3813398249109992
6,8,14,0.25,0.4509634054914154,0.098274884922319,0.5,0.5159512894072082,6.56064627318365e-05,3.1096037325657554e-05,1.2286424696852127e-05,6.143011792704981e-05,0.629486425293242,0.6709004848831996,5.241799169427657e-05,0.9820636844852292,0.7637795275590553,0.0470139771283354,0.46252522593665,0.6284722222222221,0.1765601217656012,0.1301871858590964,0.3373493975903612,0.326007326007326,0.0509504084873688,0.0801883344489107,0.1643787035957142,0.2025668382216608,0.2703381769663208,0.0754138641356315,0.1309875189027623,0.1798901583149116,0.2499693813822849,0.2704297763473396,0.3789053754014604,0.3537121471977252,0.4150648098059894,0.2874922023488741,0.3867007991343376,0.3458092153948563,0.4244295980612756,0.2856937113268998,0.4402035623409669,2.0348057760975293e-06,0.5045045045045043,0.2763241863433314,0.6221272807660947,0.515616750118701,0.5021786490589912,0.3829428362833999,0.7847139963251544,0.4351207474005945,0.4177569595346888,0.4714686721301877,0.335642385723091,0.5319335046272442,0.3601671417635905,0.5894914619433296,0.9155525540821264,0.0941086317224229,0.1163463760709893,0.000318858889082,0.657279918585829,0.0001289596296761,0.5545491655586949,7.557098470868591e-05,0.5696092353224198
6,8,15,0.25,0.5914810009591487,0.2672139999644192,0.75,0.4697402329536385,5.319789712473657e-05,3.203609404881012e-05,9.700555112586386e-06,3.9650129621056416e-05,0.691310720580445,0.5421995532727191,3.466288146590349e-05,0.9983503241666112,0.52755905511811,0.1092757306226174,0.1848299260039191,0.5902777777777777,0.2085235920852357,0.1060857341420268,0.5163511187607572,0.3351648351648351,0.0888336522661826,0.0611244860895699,0.1709224091321804,0.2056152732894202,0.2690172640909099,0.0590536735935764,0.1230169969222431,0.1754432728454539,0.2461676608501534,0.3566891683354851,0.5011193104716393,0.4694718426735625,0.5235308070566015,0.3767522153578577,0.4887038043591625,0.4475696444279852,0.5280557918824693,0.3401858629266963,0.4325699745547074,3.238441628009064e-06,0.3603603603603603,0.3835354179961712,0.7858383047742419,0.6930680012462922,0.8714731443928163,0.2978680871201047,0.7497451103883976,0.2512496944633496,0.2059610401634151,0.2339758314509901,0.300216848213285,0.5058391432618,0.2735075971864533,0.5516556634561612,0.9251651678689374,0.1895351427576172,0.2176737152068198,3.8576002064470615e-05,0.2352221000253608,0.000103132354771,0.3673123440864793,4.75066844542985e-05,0.3139104358878414
6,8,16,0.25,0.4506634587751373,0.1014648180451796,0.25,0.4539040318636428,5.5657138467924605e-05,2.6276924550218177e-05,1.4389165379915045e-05,9.74078453089286e-05,0.6348173629719676,0.5733732596264196,4.571748310724961e-05,0.9887926940708128,0.448818897637795,0.0482846251588309,0.3152531675771863,0.8159722222222221,0.2465753424657534,0.1175094716405782,0.4440619621342511,0.4523809523809523,0.0460221791326852,0.0564312483644037,0.1472970233712622,0.2032204213800085,0.3001041260121418,0.0561853054483362,0.1349264944575348,0.1779582729656992,0.2809120814807494,0.3112586745600654,0.4343253984707326,0.4217511680299938,0.501816394776937,0.3438199284953264,0.4668398140449705,0.4182061168403159,0.522007566672887,0.3017872048216579,0.4631043256997455,3.4093042066718982e-06,0.4894894894894895,0.4371410338225909,0.7272503288230872,0.5970508441349871,0.7741116577897227,0.3447119982284796,0.6980021873622271,0.3502326472911236,0.2809320438118119,0.3489587196428494,0.399325797222368,0.6391996709951493,0.3739210657849391,0.653107712459388,0.9225930289746692,0.1250639386527527,0.1457354490716726,0.0001970044651401,0.3653693453778786,0.0002277004354338,0.3567767755478423,0.0002054147956847,0.3969744946426154
6,8,17,0.25,0.572183620222682,0.2618318932723346,0.5,0.3789451637338774,6.354857807378014e-05,4.82107224405524e-05,1.3660372493676618e-05,3.505924677383759e-05,0.5074404103320552,0.6825184004812123,0.0005481172532933,0.9935939542778872,0.448818897637795,0.0470139771283354,0.3210844959199789,0.8611111111111114,0.278538812785388,0.1092531376905696,0.631669535283993,0.434065934065934,0.0824172102410603,0.1438185424176311,0.1657996418436555,0.2316685215455225,0.2952413161858254,0.137347565845925,0.1277101427932857,0.1919983366917782,0.2728674972211318,0.3250942029015229,0.3773496629166004,0.3774126992655776,0.4345688986925361,0.3475373206050551,0.3856081244932378,0.3602880772547302,0.4485226346934035,0.415694894700191,0.4249363867684478,4.756910865063223e-06,0.4594594594594595,0.4371410338225909,0.7021277732107869,0.6788467380467686,0.664880118130815,0.2734079516063962,0.7351993067172177,0.399719518658098,0.4363080890722604,0.5006555584952115,0.2373568523062231,0.6142887154092529,0.1930169994970576,0.6210771988412886,0.914210303809618,0.1157007560337906,0.1434456698330984,7.482290535531995e-05,0.5351620587139794,0.0001089171545536,0.574922394596183,0.0001697970444812,0.5453280216110638
6,8,18,0.25,0.4697116698269487,0.132238178364356,0.75,0.2495826726599542,5.677636830879696e-05,1.887939090322093e-05,1.0111399351049266e-05,9.457368382678676e-05,0.5533231318539235,0.5917764076729033,1.6831447613931257e-05,0.9894168439239552,0.7637795275590546,0.0978398983481575,0.2650975402883799,0.8229166666666667,0.1461187214611871,0.1914397023436727,0.3993115318416523,0.2930402930402929,0.0755727846290795,0.1285986914616855,0.2438950733484644,0.3234636953952117,0.3177570225423289,0.1269161689738258,0.1670468801126043,0.2927999002505195,0.3193015391624019,0.3520122110765443,0.5017018684933462,0.5000959071541833,0.5006796685839661,0.3825885652578638,0.481960365793521,0.4957643807445804,0.5371726164243527,0.2960857740344256,0.4351145038167941,2.198560618729097e-06,0.5285285285285284,0.2763241863433314,0.7824826298220198,0.6573048147255802,0.8702309416893232,0.2654057551469751,0.6891196035930445,0.4577369403804644,0.4544240258763503,0.4752389555686789,0.3339720551916898,0.537692542427183,0.3114251408579535,0.5462547448737901,0.9072003345082378,0.1268655437612077,0.1520377754897467,0.0015114149835423,0.5954052724417146,0.0005877821624609,0.5302813631788378,0.0003632865009809,0.5240376814198693
6,8,19,0.25,0.5551062730651434,0.2650608204118405,0.25,0.2750366663252912,4.71674212375487e-05,8.596138766666822e-06,9.371223719281157e-06,0.0002254288953873,0.6317781341477271,0.6259501131062332,3.355549717286612e-05,0.9891642694344356,0.5196850393700786,0.073697585768742,0.2535786929574768,0.7847222222222225,0.1445966514459664,0.1858573414202679,0.4526678141135972,0.3443223443223443,0.0718499692503914,0.0717962090419735,0.1103179573496297,0.2089886123363041,0.2953559176648962,0.0689525433645733,0.0812010203893709,0.1755777551465203,0.2786706688191364,0.3547913374824326,0.4460888520860296,0.4620032505112685,0.5312723239021271,0.3737504954243018,0.4429353902215552,0.4378657458216733,0.5401460122592594,0.3138331284558733,0.4402035623409669,6.356618144552484e-07,0.5225225225225225,0.3835354179961712,0.7371741551261146,0.6461145569843998,0.8089307720684897,0.2839972073446771,0.6868021203069405,0.2563222166494073,0.2356394879690282,0.2896691223161909,0.3132442508339046,0.4353280885154079,0.3708874409173094,0.3808151234008406,0.9345468101143422,0.1382913289665806,0.1547935731808142,0.0004468821728482,0.3395854848614612,0.0001814886860377,0.2968801754188901,7.60675946290709e-05,0.3346028475677237
6,9,0,0.25,0.456670225037186,0.1463653554102208,0.5,0.7395715561110238,0.0003687745387232,5.97697128441125e-05,6.472637270311302e-05,0.000223711743238,0.9139074289777088,0.9117288667902655,3.141070461271566e-05,0.9989169068862156,0.448818897637795,0.099110546378653,0.1805915646096052,0.5972222222222225,0.0715372907153728,0.265330283502194,0.182444061962134,0.0347985347985347,0.2429888097957319,0.0730109677900298,0.1270568504238968,0.2010590443646011,0.2021511910157864,0.0679606565384424,0.1037694375250107,0.1653340029307589,0.1942819445499123,0.2590929327715041,0.3346976735448763,0.3467175311442564,0.3481962525236741,0.2723503759107177,0.3450488935903381,0.3227373443985857,0.3621629808728936,0.2193209316890676,0.5012722646310434,0.0015561078294616,0.6126126126126126,0.2763241863433314,0.8340056703953285,0.6479940369673232,0.8029354547643779,0.3710845310474144,0.6008522029065053,0.4382884752607309,0.1928761159668079,0.2513648089824243,0.132159916930491,0.5061433645538826,0.1073954590935665,0.5194496707618212,0.9122840610318408,0.132048567926561,0.1556858096044159,0.0003030221252394,0.4405012572252567,0.0005210739242415,0.4772574726668278,0.000455603920601,0.4966979478524741
6,9,1,0.25,0.3968679158164729,0.0727910010695664,0.5,0.859595514270196,0.0004417304625341,0.0002010534058565,8.394101725679316e-05,6.671108918825622e-05,0.9609573814374786,0.9368874265583966,4.214889108471652e-05,0.9996966353719534,0.448818897637795,1.0,0.0117925769939457,0.2395833333333334,0.1156773211567731,0.0991044351781652,0.2117039586919103,0.1520146520146519,0.0782359609264353,0.0458487448706366,0.1430363267420223,0.1540230261014755,0.2281807422403186,0.0438670612448462,0.1204460546093472,0.1220906758848752,0.2054109754072181,0.2152389683561669,0.3288868077228895,0.2806391145595438,0.3500538977980697,0.2408972605966649,0.3566484918455189,0.2697480289742892,0.3637928446354139,0.1571551701921738,0.50381679389313,0.0012704239919259,0.6186186186186187,0.1423101467772816,0.6404699928372142,0.6073989511638418,0.6310134669389851,0.3507364007046173,0.6995875324519978,0.3923557117148027,0.3755023619657378,0.4477319113430065,0.0500323249420029,0.5336773557412197,0.0668575166177853,0.5418622879486319,0.9130805722239156,0.1354098757504453,0.152569569652963,0.000206366976722,0.3827225986882847,0.0003207814422235,0.49206329049774,0.0012072339794894,0.6299916983265211
6,9,2,0.25,0.4452471473240006,0.1020821765270218,0.25,0.8201754698978339,0.000520342628557,4.750174200682876e-05,0.0001092428160683,0.0005108114478249,0.9639649472270824,0.9652189617139986,4.692700126905307e-05,0.9995386140316352,0.448818897637795,0.050825921219822,0.3041835273332411,0.1319444444444443,0.0593607305936072,0.1274084337664374,0.2771084337349397,0.2216117216117215,0.067750917228201,0.1215632585481728,0.1594429786823108,0.1788770386113392,0.2049491315717578,0.1193205456609506,0.1373438798228302,0.1543050520693296,0.1915342584790663,0.3109650726166607,0.3788301116542853,0.3371873201356117,0.362175041360796,0.3435695675644571,0.4124810494584425,0.3400044093100581,0.390574216983734,0.3600135886918942,0.5012722646310434,0.0010911388363807,0.6426426426426427,0.2763241863433314,0.7516189634117847,0.636804666797441,0.7496307263394937,0.313868395230746,0.7870783018621847,0.3977373498014869,0.3149192273388863,0.3690806092318053,0.1278700242815138,0.520376629062819,0.0902684737434895,0.527965508208347,0.9166717932690692,0.1307324150225715,0.1529443489244527,0.0010171341361696,0.355938862798821,0.0004200716391662,0.3702719098783728,0.0006016681753256,0.4785413901122208
6,9,3,0.25,0.3495973251422589,0.0411416949301897,0.25,0.822013061231734,0.0004445651280905,4.8541473714896616e-05,7.487282530913207e-05,0.0003321312747708,0.953949610078822,0.9372440485115292,3.3447709408096686e-05,0.998528854315336,0.52755905511811,0.1232528589580686,0.1662312828844856,0.2083333333333331,0.1171993911719938,0.0908462258339651,0.1153184165232357,0.1373626373626373,0.0415488701658543,0.1342552601474271,0.2585450237754791,0.3083347837309896,0.2848437056329265,0.123104784229182,0.196921887335744,0.2417422993389181,0.2605968366141999,0.2410642145208998,0.3919016440708507,0.37069800976192,0.3307366181039949,0.2487454861511321,0.3828411930217358,0.3233785762595622,0.3345268107352041,0.6360431511729607,0.5114503816793894,0.0019060318527795,0.6216216216216215,0.3835354179961712,0.7760240239875373,0.5902838216478745,0.4813993178992395,0.3339579745212719,0.7850573162642059,0.7088614078810189,0.4366929136393538,0.5366573616778174,0.3972909112646564,0.4473270038148904,0.44764815300497,0.4193925248961082,0.877403426242258,0.1439584169390847,0.1771173273205834,0.0010961982109855,0.5366042275332,0.0005656833446539,0.6515110043459954,0.000764582184032,0.7469925044594738
6,9,4,0.25,0.4612056685868205,0.1210715313888925,0.75,0.8069010082638051,0.0004489125151823,8.537457584778479e-05,9.526310955280908e-05,0.0002314727180459,0.96898385878281,0.9466509827369568,4.041607501629285e-05,0.9998725033121452,0.448818897637795,0.0355781448538754,0.3847328244274809,0.7222222222222221,0.1796042617960426,0.1431482183472327,0.1308089500860584,0.0677655677655677,0.1089045632407507,0.0567017156965765,0.1272689369932954,0.1711391629317613,0.1878943901367029,0.0556576962737569,0.1000565283224393,0.1479245719572974,0.1871257107887337,0.2667698888766147,0.3625247808238784,0.3454065761847252,0.3634189197854962,0.2989700856179567,0.3841755421373531,0.3468707994518976,0.400564535897967,0.4155352269332271,0.5089058524173029,0.0003071017576791,0.5375375375375375,0.5711550733886408,0.7754665161387835,0.757088239608767,0.8783502842506126,0.2124685909590916,0.775125245486774,0.3152433312216312,0.3917869753139658,0.4860240406234517,0.1484284903245582,0.4740563908770259,0.1455752935680764,0.4674817671371382,0.923443269279704,0.1258831432269236,0.1536426952484411,9.911653571687485e-06,0.3258668022477922,4.290517769982953e-05,0.2968138159613424,0.0012719030659364,0.5204639474280696
6,9,5,0.25,0.4155382753960636,0.0936083101916847,0.5,0.8717752795399972,0.0004448436912319,0.0001038029675722,9.76687080558139e-05,0.0001902018893005,0.9723080112779072,0.9619779687166442,0.0001268902236909,0.999853147256651,0.448818897637795,0.0228716645489199,0.4917690525482049,0.263888888888889,0.1141552511415524,0.1059197207749261,0.1480206540447503,0.0494505494505494,0.1586753766979375,0.1020635715559642,0.1366442340375758,0.1801103720649579,0.1986509706628435,0.0985376997942804,0.1201545634193722,0.1539445684994231,0.1966336761477083,0.3083113182950648,0.3756992961952674,0.3570809385278519,0.3767099513026981,0.3337929908571044,0.4036884088893928,0.3501255222047781,0.4064134387235344,0.2757366543479245,0.5012722646310434,0.0016796285341657,0.6336336336336337,0.1423101467772816,0.4803908466901552,0.5214855085657879,0.8262795867250468,0.3230991604927476,0.7930719148076346,0.3455889291228027,0.2997633163802624,0.3628335455527725,0.4191203058568722,0.4118168167827527,0.430272005466338,0.3900783169075618,0.9217928295591638,0.1361862987245737,0.1601092431197044,8.247468227822191e-05,0.2738554088260937,0.0001017013006951,0.3323334851176704,0.0008842628134812,0.4701052388483889
6,9,6,0.25,0.5234698780779825,0.1964804017830937,0.5,0.8277710892434669,0.0004523880607969,4.33809369258518e-05,9.75168542016768e-05,0.0004985793843401,0.9699946225599972,0.9714831185752368,0.0001630972232417,0.999880478105854,0.590551181102362,0.1080050825921219,0.2019478810213213,0.6493055555555556,0.1765601217656011,0.1335683247690451,0.3029259896729774,0.1410256410256409,0.1287733487519614,0.1175988894012104,0.1500176250250179,0.1731298698125095,0.2278534331544567,0.120113429951209,0.1263777771203805,0.1569467988695067,0.2317433747816504,0.3257244172414182,0.3944768884489714,0.3570951554386219,0.4070866237037637,0.3700656159527605,0.4329515361932634,0.3756789980525969,0.4595385161130251,0.0612404150127672,0.519083969465649,0.0005099512135073,0.5915915915915915,0.1155073388640715,0.8153171250081135,0.7631006235077944,0.8838395791349267,0.2966777376295756,0.7741379027348384,0.3491410967332218,0.3106344401718917,0.3718627616176602,0.3173326709001375,0.5292953147165077,0.3247228258520839,0.488599714658987,0.924658344819414,0.1162616333638576,0.1397337253694989,0.0003022221399308,0.3227870183521691,0.0001303516376978,0.3349149870000344,0.0002946864895733,0.3744779144919175
6,9,7,0.25,0.3836476593715515,0.05751987378886,0.5,0.8527496499864328,0.0004528161231347,9.953546182003268e-05,9.107487491438244e-05,0.0001840898005225,0.940548704807623,0.9644808483502622,5.02938668547792e-05,0.9993842639055264,0.6062992125984249,0.1537484116899618,0.1499412125998069,0.3402777777777778,0.0837138508371384,0.1595970022334692,0.3098106712564543,0.1355311355311355,0.1375666723850865,0.0287639775121946,0.1157430841561128,0.1639746416410408,0.2425975880019995,0.027352033123406,0.0849118872470698,0.1529601638456813,0.2343861106156268,0.1583262052107479,0.2513206618290701,0.245131216465246,0.3213216551279308,0.1838326760118926,0.2675874526475068,0.2610344522368267,0.3526920335571437,0.3677750070675225,0.5089058524173029,0.0016370515311779,0.6306306306306305,0.1691129546904914,0.781129839411947,0.7113513135916607,0.7558782100133725,0.282694751017193,0.7142201226046361,0.5119844539921531,0.5019890616659513,0.5989439703791062,0.3730125063380097,0.6367335880548959,0.3450730609509233,0.630113491754209,0.89991355813487,0.1141459164517392,0.136687459401179,0.0004059563713603,0.4646433930420837,0.0002273693068888,0.4450677194181399,0.0006275220434418,0.6574642793431851
6,9,8,0.25,0.436885011249426,0.1056823180944301,0.5,0.8497359353390754,0.0004683147912491,3.0908002191400594e-05,0.0001013114591695,0.0007415788439928,0.9693064307592776,0.9775618949752708,2.926674202378092e-05,0.9999095546467084,0.5196850393700786,0.1880559085133417,0.1108290394730412,0.6493055555555556,0.1126331811263317,0.1979553893875289,0.216867469879518,0.194139194139194,0.0586263480030357,0.07514858845822,0.1260027345477405,0.1558900672075863,0.1513382146759229,0.0751430220133014,0.092623621020303,0.1355080845057059,0.15543556165913,0.2414919408273368,0.3083384230856916,0.2803841350245192,0.2748894505398194,0.2847036129675775,0.3382534377605543,0.2991242808310696,0.3319682066336222,0.4476834376012668,0.5292620865139952,0.0007849992405685,0.6066066066066065,0.410338225909381,0.4554840808615075,0.5190176135528386,0.8012472392863748,0.3404411804105774,0.8125221216440011,0.3331279882177603,0.3121066215995898,0.3423916164257172,0.1530755792612108,0.5663666686281086,0.1679620659667709,0.5717484609440691,0.9224329919713908,0.1566420430089762,0.1857696518141315,0.0001227709104886,0.2325945721093501,0.0002727956925682,0.3115083044647355,0.0005009452321837,0.4689045584186463
6,9,9,0.25,0.5158722587785605,0.1763353908913505,0.25,0.7816016881143228,0.0004425648743336,0.0001474525856452,8.783601325482845e-05,0.0001087518362871,0.970990265997501,0.9735111726879646,4.883704425146081e-05,0.9997830342021348,0.52755905511811,0.1118170266836085,0.1811639232819917,0.4687499999999999,0.1187214611872145,0.1486382119381287,0.3511187607573149,0.1593406593406592,0.1335887402653394,0.1470909114013659,0.1778940060099643,0.1988849471356979,0.2194073296857305,0.1493050650838127,0.1524348872521291,0.1806689769860474,0.2214268875143644,0.3710906270327122,0.4501366860859716,0.408527996498976,0.4318690127182482,0.4097321590330743,0.4802274642555192,0.4174113021196896,0.4750885551552324,0.355004787136389,0.5292620865139952,0.0021094790573566,0.5855855855855855,0.5979578813018509,0.731547475503981,0.6750239161314902,0.8522499599299462,0.3181131042130605,0.7776731027915371,0.3390797985529834,0.3487115328707642,0.3960854075188051,0.2659022331340881,0.4938075810964978,0.250918142732786,0.4993327139038154,0.9265416254152958,0.1113508160763731,0.1368410784930268,0.0002243917147813,0.3606916877465073,0.0001438203313731,0.3210170642673763,0.0007470469250717,0.3583977772363923
6,9,10,0.25,0.3987602865631736,0.0699085427695229,0.5,0.834252706982256,0.0003890533115976,3.961697871113993e-06,7.567080358328676e-05,0.0044748111723193,0.9353171402385284,0.9761898455052446,4.409255131239623e-05,0.9996210756630788,0.5196850393700786,0.0495552731893265,0.34034969880156,0.3472222222222222,0.1643835616438356,0.0904343991212622,0.1979345955249568,0.172161172161172,0.0613263151001162,0.1140290683812676,0.1949857678044577,0.2187189959905451,0.2068416120884318,0.1145559216478534,0.1673784833571845,0.2144495667181654,0.2098318413756872,0.3256194663403358,0.4402658305436014,0.3989747868758457,0.3937626313237385,0.3640407510769001,0.4726408595043815,0.4223405616185085,0.4397963257257221,0.2553007064747676,0.50381679389313,0.0002324233008983,0.6096096096096095,0.3835354179961712,0.6915009772228258,0.6433743840309551,0.8955705429300957,0.3139003843317616,0.7830585026178183,0.2970956885680471,0.3080118369464415,0.3738837206507535,0.3112316183221826,0.5747543416277353,0.3098696998225418,0.5532716153430177,0.924465047457412,0.1482631854348246,0.1790405541653684,0.0001210264097707,0.2888409608715054,5.256238815048507e-05,0.2971996697695687,0.0006108366468805,0.3646072855877196
6,9,11,0.25,0.4328009419342886,0.0959718684535588,0.5,0.7751811092100396,0.0004230567489891,2.3949831209049e-05,9.609287088539544e-05,0.0009148577471695,0.971993259082912,0.944704573616844,3.042492821557172e-05,0.9997205288611531,0.448818897637795,0.1270648030495552,0.1451155876933558,0.0729166666666665,0.1019786910197868,0.0679571931695964,0.216867469879518,0.1703296703296702,0.06989500674728,0.0857645547649176,0.095690683227336,0.1603063145372968,0.2207512489244023,0.0819546776407791,0.0844134889383003,0.138409460573489,0.199220424176278,0.2670955346317517,0.2973753210301258,0.3046281484825737,0.3605065567008481,0.29083491642288,0.3280963853011622,0.3016486462975735,0.3731819153622179,0.1971372544400713,0.5089058524173029,0.0014425976022892,0.6006006006006005,0.2227185705169114,0.5944114253303252,0.502927861132739,0.5771192054027199,0.4364000651108272,0.735019504908324,0.390843122405963,0.3404213280999957,0.3469608830684865,0.1825199100416955,0.4654245576747468,0.1725006562365789,0.470613935072917,0.9159949321216572,0.1571488899680949,0.1631696903499625,0.0002741320823691,0.3979412937410446,0.0001117575397704,0.4482139477431833,0.0005458106144058,0.5187621137484018
6,9,12,0.25,0.4968288206011584,0.1916435996334837,0.5,0.7999134765584898,0.0005296221725239,0.0002627538695307,9.763542223659872e-05,5.587641237289136e-05,0.9718055779048232,0.9481973341840176,2.019595896325829e-05,0.9996614061270817,0.6062992125984249,0.1626429479034307,0.142263001541759,0.3715277777777778,0.1065449010654489,0.1388743068037583,0.1170395869191048,0.0512820512820512,0.1240930313343303,0.1257712444745006,0.1623187137836904,0.1952064971291588,0.2109466289658862,0.1174864152415113,0.130442034312138,0.1590489633765721,0.1953142332448333,0.2587848568968613,0.3053360714527912,0.2769871426995994,0.2868074867253168,0.2748355317662488,0.3214730465813822,0.2592559689693584,0.3003923808973568,0.215879537832839,0.50381679389313,0.0014425976022892,0.5855855855855855,0.3835354179961712,0.7409869282215835,0.5131991521396255,0.7353619441221491,0.3762578686778482,0.8365263568139606,0.5888062045893573,0.5201553274338657,0.5990397191395833,0.1950787045368226,0.5599526236096999,0.159396474831483,0.5676020178532449,0.8965449464183415,0.1042643648605621,0.123021938618749,0.0001763448073786,0.5353094263358023,0.0004108165281946,0.5559978740044512,0.0013859006660619,0.5975996314277577
6,9,13,0.25,0.4290798512781561,0.1024161199689671,0.5,0.839686643845949,0.0004452862601075,2.3683259120869016e-06,8.547350762366803e-05,0.0084833565888344,0.9687628792420624,0.9677491698437808,2.905405893479169e-05,0.9991934786034576,0.448818897637795,0.1016518424396442,0.1767149427059929,0.5451388888888888,0.1324200913242008,0.1510428587265938,0.1325301204819275,0.1227106227106226,0.0581118185416572,0.0772779274867239,0.1170983926888341,0.1705681855515547,0.2771553681364026,0.0738308904389644,0.0897426950146443,0.1238525562943106,0.2500839920799892,0.2563612486466375,0.3156941426438802,0.3105042916468193,0.4086712699208747,0.2803164576435092,0.3309390840361052,0.2837335243735031,0.4185150398037725,0.1819459168166857,0.519083969465649,0.001406028944365,0.5825825825825826,0.2495213784301213,0.6709622268217452,0.556986762448596,0.7207738367277674,0.3830795956327611,0.7757651595566397,0.5465688690666493,0.4908180534908137,0.5759984904020312,0.2617731820961568,0.5690599635377612,0.222593573256657,0.5839103523186042,0.9031925123017,0.0859483005987386,0.0979136623023805,0.0005794159994,0.4393172366175901,0.0003973194331868,0.5449292283470937,0.0004217284814338,0.5158485053611486
6,9,14,0.25,0.3513676796330572,0.0417370210706898,0.25,0.8695659712857072,0.0005235924200606,0.0001426377082135,0.0001057858208511,0.0001431872197115,0.968436996308225,0.962765437300477,3.352604104634817e-05,0.9994463559415352,0.52755905511811,0.135959339263024,0.1521414017333996,0.2743055555555556,0.1354642313546423,0.0931355386375761,0.0688468158347675,0.086080586080586,0.0434584718151901,0.0391084458718711,0.1819944139925319,0.2191220738240147,0.2496546621171606,0.0356618778623238,0.141402941851151,0.1813860913624185,0.2248695598940672,0.15077067559432,0.3112526396186872,0.2854043610186131,0.309345153892581,0.1568519080242774,0.3112014744978579,0.2597691599841812,0.3056167014784138,0.347189253844494,0.524173027989822,0.0020051769287178,0.6516516516516515,0.3031269942565411,0.6075946589971761,0.4933897917750975,0.56917074739225,0.3769116185147921,0.8221610753197592,0.6000909532592846,0.5310457167475595,0.6642637715303019,0.2673773928284378,0.467332495848294,0.230926208478089,0.4949304852500065,0.893667053374992,0.0920261955503174,0.1148235853037622,0.0010893146162279,0.7096577343548811,0.0004347616075998,0.599818443180396,0.0006565715018728,0.6350112633985571
6,9,15,0.25,0.4226128495476849,0.0913981765263928,0.25,0.8249833553281464,0.0004607458069155,0.0001711495864497,9.039392752771292e-05,9.281818559592318e-05,0.9669269505422036,0.9510808754978248,3.895266834625558e-05,0.9995987212124164,0.448818897637795,0.0825921219822108,0.2102892574069199,0.5694444444444446,0.1461187214611871,0.1431482183472328,0.1996557659208261,0.1703296703296702,0.0629154179146811,0.1568751028029515,0.1561646403649627,0.222865875560062,0.2621353703905669,0.153848797951218,0.1232041356659392,0.1881851776946909,0.2528651411108407,0.3088611984947339,0.3246791756561759,0.3306559576241206,0.3651418293444027,0.3445395485135258,0.3538317960137024,0.3322393895555843,0.404784846711298,0.2639399700782294,0.5063613231552164,0.0009371538899557,0.5825825825825826,0.2763241863433314,0.7332738158558416,0.6507157618551282,0.7379498883801179,0.3078310447283626,0.919854655492911,0.5017138923417449,0.4349975783685544,0.5051089903844712,0.1609989034872825,0.4830331035444842,0.1945712785444025,0.4749311290886041,0.8912555827620621,0.1724190872997058,0.2089766300712117,4.9090287805018566e-05,0.4366466019648413,0.0005957867731006,0.733727534883132,0.0008082184157163,0.6840964756517404
6,9,16,0.25,0.4382473705992957,0.1139393832212748,0.5,0.8177470815830516,0.0004346268026553,0.0001370736659208,8.235609701038614e-05,0.0001099614168493,0.9548867861146672,0.9639126110924406,3.6129104457140026e-05,0.999038901790748,0.2125984251968504,0.0381194409148665,0.2473332581255719,0.2395833333333331,0.0882800608828005,0.1243763107627777,0.0344234079173837,0.0347985347985347,0.0629154179146811,0.1181152481998991,0.1424498529808913,0.1891463635509335,0.1958551701148576,0.1140011792749911,0.111944701376352,0.1604065480184492,0.1980237207950587,0.3007566978618139,0.3517393807642781,0.3368807001373746,0.3437600214868583,0.327699113105852,0.3695258912665051,0.3317427995338308,0.3810852190858292,0.3584799759810861,0.5012722646310434,0.0015176370448375,0.6156156156156155,0.3031269942565411,0.7600485365233105,0.7621284846709244,0.8807079574311172,0.2151519147952901,0.7198736274088917,0.5199606456959155,0.3421131520954565,0.433404300373077,0.4948689016694126,0.4062773000089849,0.4647204701136255,0.4245003165193655,0.906459704797836,0.0959884588237889,0.1155174446384366,0.000241491526439,0.4320988510364223,0.0001225970662582,0.423991317772032,0.0003167286571883,0.4893071927363283
6,9,17,0.25,0.4143257248320953,0.0862905892307379,0.5,0.8117219935721355,0.0004443343347748,0.0001009467157306,9.602866232940772e-05,0.0001926500038858,0.9421632734024378,0.9732443055053602,3.213622577220675e-05,0.9992131813958832,0.448818897637795,0.0724269377382464,0.2336145707780902,0.3541666666666666,0.0882800608828005,0.156980150251568,0.2185886402753872,0.1043956043956043,0.1225211065450754,0.1177260383335782,0.112775527881638,0.1621041431211977,0.164182029072156,0.1141473932194471,0.0987308718091236,0.1346222411582043,0.1563917867019529,0.3019458879346082,0.3235884138696814,0.3142163224686738,0.3176606046447011,0.3305224992227635,0.3577877850893581,0.3103305385675431,0.3464758659400442,0.323189763666829,0.5063613231552164,0.0023346414064431,0.6096096096096095,0.2495213784301213,0.6565803435351665,0.6433496679930011,0.7319908207888561,0.3185863695014077,0.7414663737886532,0.3045560830441332,0.3042602734368376,0.3433409162982803,0.1895417820812113,0.4824027448120695,0.175149235380683,0.4783871253128101,0.92895613297533,0.1297851231230726,0.1577981466865172,0.0002383644001357,0.3682357825329476,0.0004123801349131,0.4019504698603347,0.000357186681607,0.4266906834460986
6,9,18,0.25,0.4026676307830593,0.0767947257887065,0.5,0.7675753111786079,0.0003952572798877,6.440431583213588e-05,6.66620504187253e-05,0.0002124163498206,0.9459729943675425,0.9233141442969915,6.496980510509489e-05,0.9990306906160812,0.590551181102362,0.1486658195679796,0.1517716220470815,0.482638888888889,0.0852359208523591,0.1989370103613849,0.2237521514629947,0.2197802197802197,0.0511108089760682,0.0590287558270872,0.1425410401042536,0.2373836890282929,0.2587696273797525,0.056850827824416,0.1182663197805825,0.1826493348300861,0.2469617034868701,0.2722153209665554,0.3814181463551665,0.4061286738021517,0.4271302881737195,0.2972883570778228,0.4008928296529568,0.3753658619836073,0.4492224401327537,0.5251218923822276,0.5165394402035626,0.0021094790573566,0.6246246246246244,0.463943841735801,0.5401820272813613,0.7013486921165866,0.7324995034502986,0.2118836783234491,0.8146259423561669,0.4242920964189799,0.3128323851378516,0.3764914511398554,0.4576668313614733,0.5962607551569107,0.4449727047509974,0.585555527820169,0.9090839631410804,0.1467020902335171,0.1672217718856468,0.0010666553621285,0.4380975221124332,0.0004015514621998,0.4114597650900467,0.0003845841581845,0.4845765195917263
6,9,19,0.25,0.3980249915229447,0.0626965827011918,0.25,0.8482425937105151,0.0004254281238084,7.65034479568395e-05,7.582057428101084e-05,0.0002020391017921,0.957125916251366,0.9702308095822064,2.9570947747929263e-05,0.9994300805213808,0.448818897637795,0.0495552731893265,0.3096229195220762,0.59375,0.0882800608828005,0.2251518146372202,0.36144578313253,0.2087912087912087,0.1020962915885884,0.0300162342548688,0.0580739062133527,0.1134505901401225,0.1412493896409649,0.0299012537731713,0.0460513351207259,0.1012188667854644,0.1444193880653292,0.2680894152460059,0.3277727582686243,0.325150486924949,0.3546960245060452,0.3034283070108272,0.3586522114488815,0.3350882730264348,0.3959163242834281,0.2611211068174977,0.4987277353689569,0.0010641628775704,0.5915915915915915,0.2227185705169114,0.5850305040995027,0.6705102800239304,0.7626922800448126,0.2340367641965314,0.7832609005019076,0.2489405673671723,0.2487036960407247,0.2815601389902853,0.1456373074875244,0.5522600356754678,0.1571998700189475,0.5613913260472525,0.943412900371965,0.1250352044539512,0.1309942461137872,0.0003304653722451,0.2561576918651479,0.0001253032354249,0.2237809641455213,0.0002619358850427,0.348261436530789
7,8,0,0.25,0.3961761310461968,0.0657042297372134,0.5,0.8384783907318873,4.64592954597532e-05,1.116997946009592e-07,1.6353012080609454e-07,0.0003144834415526,0.9559936666829464,0.9345960134833948,9.507652121532418e-05,0.998606003459019,0.5984251968503935,0.0495552731893265,0.3744905646676529,0.392361111111111,0.0882800608828005,0.1678480967478313,0.1858864027538726,0.1043956043956043,0.1028945027478074,0.1349353561417405,0.1726537000299415,0.1934201429246218,0.2043023191707248,0.1276746691157706,0.1388060616883742,0.1593579953307651,0.2095277848462403,0.3096439347186472,0.3741343902736924,0.3321078922695555,0.3418947999265321,0.3290169073770299,0.3867122262747669,0.3158985845699245,0.376023438738699,0.6237804742983593,0.188295165394402,3.321707374381705e-06,0.2402402402402402,0.4371410338225909,0.7412623977576991,0.685039803208193,0.7762727732557204,0.2780529380938214,0.8095001934303974,0.3437449475239965,0.3639833961566132,0.4277795889974398,0.4112484715546615,0.6588528912324416,0.4177497120007187,0.7143859907559317,0.9181652284281144,0.1421619175139668,0.1643836746431721,1.1173293267144062e-06,0.3431945604808666,4.369833244965362e-07,0.3910029538633732,6.388961995009258e-07,0.4299072251030635
7,8,1,0.25,0.6606472046159774,0.4119676161374806,0.25,0.6346940719098645,4.650173000952805e-05,3.1418767402577786e-08,1.5024187398979537e-07,0.0010994901837172,0.9688379718517712,0.9618119893438858,0.0014488441019457,0.9997487675287264,0.448818897637795,0.0978398983481575,0.1825904477786552,0.3958333333333331,0.1019786910197868,0.1502250207168926,0.3459552495697073,0.1556776556776556,0.134656104294025,0.1078930529421592,0.1955280903899454,0.2179292574882507,0.2477405130800448,0.1087052857618752,0.1580342075627363,0.1949674803761417,0.2445426756850411,0.3149653267549065,0.4340816558451896,0.3915375002169811,0.4200394009368437,0.3551691748120537,0.4585940477457066,0.4012279580951343,0.4629411013990251,0.437337902378232,0.2137404580152671,3.681207440130584e-06,0.2432432432432432,0.3299298021697512,0.7479547302578471,0.6705069264685593,0.7470160565901662,0.3401668293485979,0.9015902272789476,0.3014259415310119,0.3352768579818712,0.4321568336359238,0.3199310746006004,0.6139771649236784,0.3293806394036493,0.6566455622325744,0.9180150406215428,0.1608833956934759,0.1972479329418966,7.177119216670671e-07,0.3292388434027458,3.861990645995492e-07,0.4139636247221988,8.325922375026756e-07,0.4143142619481251
7,8,2,0.25,0.4191927407983421,0.0891079456193575,0.5,0.7287482966104434,4.641787152184407e-05,4.537287268359544e-07,1.1229959384300957e-07,2.6812556938680368e-05,0.9607608802102454,0.9391684278752308,5.972876973959874e-05,0.9977505401924952,0.8425196850393695,0.073697585768742,0.3590163280608133,0.5104166666666665,0.2070015220700152,0.0955396011152143,0.2461273666092941,0.2435897435897436,0.0501441570243031,0.0751563683078079,0.157848609647711,0.2374115088765122,0.3085115952391058,0.0729517672071331,0.1324306457060742,0.1939945306757241,0.2954179227036907,0.1931446505840172,0.2849867540557131,0.3089219854795341,0.3763598265040608,0.2283845833188547,0.3274028122611074,0.3029259792565743,0.414819821688741,0.6687727811408806,0.2010178117048345,2.7033763943546937e-06,0.2192192192192192,0.517549457562221,0.9053841649867848,0.6604219337992339,0.6975914163331343,0.3708482399704934,0.7913985518033264,0.7495301502512848,0.3722173859632345,0.455643724580661,0.3349284205050376,0.6713728058350413,0.3002032208889815,0.6738544002163368,0.8860024740109108,0.1094555390064981,0.1301974708658365,1.28765554336167e-06,0.6596174765312963,1.616215773299015e-06,0.6650928355598016,9.153362004937312e-07,0.756219648875245
7,8,3,0.25,0.4229961501234879,0.0953186156011881,0.5,0.7430087549125796,4.649574869421576e-05,1.7253087387860707e-07,1.820722849251525e-07,0.0002177492281596,0.95141359718233,0.9475648516705464,3.851184159332988e-05,0.9992671011171972,0.7637795275590553,0.0609911054637864,0.3847328244274809,0.3749999999999999,0.0882800608828005,0.1629081210677116,0.2099827882960411,0.1208791208791208,0.1007547602285564,0.2374636513253707,0.2069163837274854,0.2998366935965175,0.3059650331262093,0.2227324086159353,0.1702176511023002,0.2510559613999495,0.2779094828981116,0.374663273627236,0.3561274101547066,0.3866740089296294,0.3838429360739715,0.3911635019978947,0.376544341363546,0.3659876889625418,0.391940403147786,0.7418226448876135,0.2061068702290076,3.875100578863906e-06,0.2642642642642642,0.463943841735801,0.7142747021249747,0.6551216025463127,0.5703719033100998,0.2462539932331538,0.7635607955477075,0.6627567481411845,0.4770326035671701,0.570577206951874,0.4276669823939727,0.5606023691100884,0.395145299039467,0.6002165291637674,0.8855987058066803,0.1284693260580512,0.1592960155526774,1.1958549733020228e-06,0.7212307160125756,7.551764970978011e-07,0.6707017266834296,8.310772586621883e-07,0.7100413237555122
7,8,4,0.25,0.4202825333133905,0.0966666734428062,0.25,0.7902970028872203,4.6451279242843366e-05,2.201200482161321e-07,1.1079735075869209e-07,8.740166297112093e-05,0.9571417959749988,0.9430080304774846,0.000156112621939,0.9991763198638955,0.448818897637795,0.0635324015247775,0.2584611002386847,0.59375,0.0456621004566209,0.3589545844873203,0.2185886402753872,0.2252747252747251,0.0475751726719691,0.1356642430391507,0.1230262444210223,0.1629725493701129,0.1708839585369014,0.126486964291393,0.0896725153136432,0.1286112870898685,0.1567575157299647,0.2941404519860436,0.2970615988881392,0.2795724514924884,0.2851373863937685,0.3081753675579748,0.2984002772086631,0.2568870956991889,0.2940307900390558,0.672112481021705,0.1984732824427481,2.198560618729097e-06,0.2642642642642642,0.3299298021697512,0.4817965406454783,0.6018931638839495,0.670997495258093,0.2886061347181254,0.7471832004666812,0.4320533585971593,0.2483294940723932,0.2978372112218364,0.1385926012214561,0.5948285363292185,0.1161640115059481,0.6014920401449545,0.9164601318095802,0.1179284761297372,0.1413054006759108,4.575240126075695e-07,0.3956621639711573,7.908088034575283e-07,0.398731299567491,6.190402630099215e-07,0.5343676295299558
7,8,5,0.25,0.4598095163029196,0.1379126040734179,0.5,0.5221707683923724,4.628684440292963e-05,4.3423283005227754e-08,8.531009412545648e-08,0.0004339461978376,0.9222172530845636,0.8969934331826924,2.0535236353683013e-05,0.9984856548926148,0.448818897637795,0.062261753494282,0.2624281931777712,0.6423611111111109,0.0989345509893454,0.2183181816130546,0.36144578313253,0.2106227106227104,0.1010460137475107,0.0607070116602725,0.1364203160562318,0.2060821297193588,0.2283446224378592,0.0589558132985202,0.1196551263452219,0.1782789331073574,0.219162706535235,0.2755199775784694,0.377873172273321,0.3814341954907069,0.4038587417240341,0.3034116041837977,0.4070453249871114,0.375748072754948,0.429876592688385,0.6697378047716276,0.188295165394402,1.609657842603703e-06,0.2282282282282282,0.6783663050414808,0.7701542322112958,0.5807441867474088,0.7514050305139786,0.3702322473139339,0.7294645255232075,0.2870812046626408,0.4151587295041457,0.4419726862237447,0.2267103113202319,0.5100834723079982,0.1999191441806749,0.5543428359839824,0.9100470259449528,0.2066053063533206,0.2387038811420704,2.797627066291257e-07,0.271096511665905,3.519796708279222e-07,0.3461498197217627,1.0704875377782898e-06,0.5267777663433206
7,8,6,0.25,0.4455597626822793,0.1023620201692971,0.5,0.7465016655977614,4.6407072097483086e-05,4.848280371782597e-08,1.1744662741847217e-07,0.0005417324415619,0.9488788932793868,0.9248769482564418,1.351235498996952e-05,0.998856689804114,0.52755905511811,0.0724269377382464,0.2596694420969506,0.7222222222222221,0.1156773211567731,0.210415087187263,0.2925989672977622,0.1904761904761904,0.0881449152521901,0.071822602059217,0.2070817050467302,0.2495223281003931,0.289568162070229,0.0720186599134039,0.1564268349486803,0.2090695616773444,0.2923711478572977,0.2900770489977563,0.4505326270117686,0.4236824169629366,0.4603012661370704,0.3284279987299557,0.4601567599560205,0.4164765103213315,0.5053774994609319,0.5207420825867835,0.1908396946564886,2.996878273430096e-06,0.2342342342342342,0.3299298021697512,0.8284595294532013,0.8076320222991829,0.8834418102341308,0.1714457892353393,0.7285951016515564,0.4154837901205662,0.3099389326969743,0.392600870746782,0.4744704556626485,0.7412095133634641,0.4795019160155275,0.7705953782755356,0.9093869000230193,0.1371752808966234,0.1642493138753732,2.0297755582237845e-06,0.4495777999067588,8.045240040196213e-07,0.4799417908662514,4.786389735579774e-07,0.4442067999325342
7,8,7,0.25,0.5012908653028515,0.1618356829203434,0.25,0.6990174060809142,4.646816678507351e-05,4.079832899816122e-07,1.451376820563229e-07,5.237446999227348e-05,0.9591915535632124,0.8645202580731589,0.000182440792126,0.9989109684024652,0.448818897637795,0.0584498094027954,0.2750618583837851,0.7013888888888888,0.1019786910197868,0.2280698467831514,0.2788296041308089,0.315018315018315,0.0398827747671048,0.2081456202677055,0.1642288792288737,0.2711267089931036,0.3066894734333839,0.1988931665184506,0.1309467058996308,0.2263908318316302,0.2767873527802453,0.3468210652981957,0.3104803316931416,0.3604032954254299,0.3893784945570837,0.3720019612551009,0.333898607549179,0.3475494186245799,0.4019332668251228,0.62730709544803,0.2010178117048345,4.881833908299043e-06,0.2642642642642642,0.3835354179961712,0.7524822286475183,0.5488855164645905,0.4565918929010473,0.3673860422638726,0.72430208053757,0.48627478148893,0.61347872608595,0.6747386320141793,0.1073891568414668,0.4954721231142501,0.0944801056905132,0.5092191262930026,0.895866919759788,0.1395305752457757,0.1602626997818577,1.558304827371196e-06,0.6193917640846681,8.747214960409576e-07,0.6278116018826718,1.0759048508586476e-06,0.7839576478837178
7,8,8,0.25,0.4780875794428043,0.1371229655019028,0.5,0.8156213559213644,4.652466994940992e-05,4.95607298831037e-08,1.4653466779090716e-07,0.0006677337753202,0.9473837512654708,0.9612990883014456,5.670680685256673e-05,0.9992390762994302,0.448818897637795,0.1232528589580686,0.1491608499514391,0.4965277777777777,0.0989345509893454,0.1802803688761327,0.2925989672977624,0.1904761904761904,0.0881449152521901,0.1518563351935503,0.1596325125140999,0.2231770030525965,0.2475003283576301,0.1492576033225012,0.1363215396313446,0.1870425398168257,0.2306339606083339,0.3291282226780159,0.3662828150392388,0.3653088872432685,0.3872002285868771,0.3628748470190175,0.4015209966583907,0.3610498787668419,0.4151461435765245,0.5566190870484489,0.2035623409669211,1.6527283604113546e-06,0.2282282282282282,0.3567326100829611,0.4608560031676787,0.5367432062237629,0.6576447476343072,0.3083451481964658,0.8206543711191567,0.4972964420585731,0.2575248934866323,0.316327619026223,0.3123387978717499,0.7105864618923329,0.2682947512933728,0.7154846901156411,0.9081559550034696,0.1181593657026455,0.140774316310471,1.6440129765813131e-06,0.5251058507835016,7.384767284559436e-07,0.5333445001816443,4.457275550256798e-07,0.5201266227656122
7,8,9,0.25,0.4328891811928957,0.0996396592555273,0.75,0.7817672629283767,4.641537879650819e-05,1.6415954786021354e-08,1.3492209065222744e-07,0.0019131769865923,0.9642857333463648,0.964340388517508,2.06730647231013e-05,0.999035175212352,0.448818897637795,0.036848792884371,0.3764821151765083,0.6423611111111112,0.1187214611872145,0.1878524518730997,0.2340791738382099,0.2252747252747251,0.0525202856108104,0.104638227708564,0.1375724117634719,0.1541511410613701,0.1516386944704023,0.1037016945663675,0.103737779812594,0.1299252106516697,0.1691255688120991,0.330796580414567,0.4043164915999696,0.3628707756457744,0.3683054204495354,0.3632652157277174,0.4182763047014979,0.3612475493052273,0.4180982374454964,0.5617573599583379,0.1806615776081425,2.315333560399322e-06,0.2342342342342342,0.463943841735801,0.6245972529771113,0.596966307952056,0.7341699674138598,0.3317994925845184,0.7721818088580276,0.2551076207139826,0.1909855426420048,0.2293705937808796,0.2865183517958011,0.5779050573205987,0.2567316018763652,0.5925401598580093,0.946413955035467,0.0944759842393045,0.1187358337311733,4.589195864502399e-07,0.311364128343828,3.246476089742437e-07,0.2690745176005554,7.36090951106705e-07,0.3191268670309595
7,8,10,0.25,0.3955590775475571,0.0667708638696282,0.25,0.6973190491353443,4.633542415423653e-05,1.3049301099694614e-07,1.0824356428926174e-07,0.0001646525759434,0.9401296958867316,0.8871918719227209,0.0002634279411325,0.9974306640238892,0.8346456692913382,0.0851334180432019,0.3179596425824012,0.263888888888889,0.1476407914764079,0.0841240261692504,0.2650602409638553,0.1391941391941391,0.1124110978701109,0.0996942572365153,0.1535099396543634,0.1816416668378596,0.2288923846363885,0.09541778777047,0.1265469992064247,0.148980295660005,0.210737077098764,0.287213338421262,0.3670788615933456,0.3339298599036525,0.3774304585399727,0.3109056771091648,0.3869469520542032,0.3210856034671534,0.3933316708191025,0.5864065647238474,0.1857506361323155,1.6527283604113546e-06,0.2372372372372371,0.1959157626037013,0.7497247081783351,0.629673128972394,0.6587911147235848,0.334919928556531,0.7348150186066894,0.4705550787234619,0.486121516507332,0.5535839902848019,0.2513668517539234,0.5784671085785414,0.1927940784381185,0.5732491426878391,0.9105564870777813,0.0960808935673443,0.1095386887135677,1.4643013631786317e-06,0.4648923626446597,6.465531587975034e-07,0.4676936510159384,4.6470153945666643e-07,0.5171770803528353
7,8,11,0.25,0.4265661901913794,0.09455348273979,0.25,0.7096110020298276,4.632430214213717e-05,1.0139263718852613e-07,8.832301393119849e-08,0.0001746795839861,0.9539122215559644,0.8895504947282754,3.791862510548776e-05,0.9978556695438422,0.448818897637795,0.0851334180432019,0.2051359904993357,0.6875,0.0867579908675798,0.2552596664139499,0.3149741824440618,0.1923076923076922,0.0953109241303778,0.0976284743268402,0.2379133783386183,0.2465887769088559,0.233900615637537,0.0933762067082628,0.1804581225286571,0.2134070120628239,0.2139412342928467,0.2848968124659375,0.4524158843833122,0.3924858182109404,0.3812952485898768,0.3083792055913356,0.4490530724407367,0.3828680603935311,0.3955082683074186,0.4508698640855888,0.1959287531806617,1.6527283604113546e-06,0.2252252252252253,0.3299298021697512,0.5299999098452486,0.4914555230980681,0.4185114013918638,0.3455837098296223,0.7896101518496257,0.2806792067146147,0.3088668167779047,0.3892043536076897,0.2401452002228165,0.5108906190498361,0.2397646365316785,0.5324954169319284,0.9176223847280331,0.1820843776970469,0.216147962244624,5.191925938075362e-07,0.3321414246558395,7.127016165132771e-07,0.3716123365638826,6.720948650695827e-07,0.4481283252151671
7,8,12,0.25,0.3324266084848036,0.0404186495508388,0.25,0.6683686244553576,4.626000322220766e-05,4.13811785806113e-08,7.080966070382696e-08,0.0003742549457384,0.8830474043425933,0.8436467594175899,0.0007789049459256,0.995487845070392,0.52755905511811,0.0597204574332909,0.3007256029630338,0.6041666666666665,0.1735159817351597,0.1282762915628723,0.1342512908777968,0.2271062271062269,0.0202416219677633,0.1342584877241745,0.1939099655883454,0.2608036375218908,0.3182846856870389,0.1257401343276735,0.1520056426431692,0.2121432406557878,0.2750076955104999,0.2176939456747025,0.2784905294245409,0.2886519456976804,0.3415754706107043,0.2371253522979255,0.2962166644636966,0.2689410153132741,0.3350010527320157,0.6574485095907181,0.188295165394402,5.26959883656489e-06,0.2792792792792792,0.4371410338225909,0.3656349381588266,0.5047360144941209,0.4085171693298206,0.3013459759229523,0.6423006539170105,0.6605423370120763,0.5566818019351538,0.6213247835811746,0.2770692767936155,0.6060896984047256,0.3400753879365107,0.6388625937780975,0.8866384572433513,0.1213532360213381,0.1509554609602075,4.058700950575752e-06,0.7423193739252114,1.7359588117537847e-06,0.7880717549443316,1.246998615321792e-06,0.8554424708709535
7,8,13,0.25,0.3919641361357598,0.0634660160740167,0.25,0.8593687015898803,4.642354631733105e-05,2.929283230806543e-07,1.577840479713437e-07,9.56202815717849e-05,0.970828427682266,0.946101878651492,0.0009067086126383,0.9989275615927724,0.5196850393700786,0.0495552731893265,0.34034969880156,0.5868055555555558,0.126331811263318,0.1662692417755578,0.1841652323580034,0.2087912087912087,0.0416435346771468,0.140079583517738,0.1517570025895276,0.1971557905537762,0.2185002220998345,0.1384547407566393,0.1158702221620245,0.177791493982502,0.2316822822135251,0.3387745636554643,0.3879734191279577,0.3695913993352747,0.391131607648087,0.3723641044580764,0.4050350737941897,0.3772046027510932,0.4425745863612125,0.4877479828077153,0.1832061068702291,5.691560790056861e-06,0.2522522522522521,0.463943841735801,0.7772278310598071,0.6845912198220452,0.8396345680596489,0.2568622419977439,0.7947221908205128,0.3445439140182663,0.3485158842158058,0.4267287223548197,0.1913388786486949,0.5101483016198639,0.1854033041347337,0.5244423992888696,0.92206270227,0.1236214361043794,0.1442514324475189,1.1230936689386216e-06,0.4340885828341312,6.826378622153154e-07,0.4044265081564292,7.203932712613303e-07,0.4499112200175321
7,8,14,0.25,0.3830679140113172,0.0615592926924053,0.5,0.8310036758432441,4.6449102083686544e-05,1.3404336253301014e-07,1.50710488410554e-07,0.0002341981134804,0.9680981390581666,0.9272675709404712,0.0001600500812983,0.9994334552384158,0.448818897637795,0.0711562897077509,0.236880114650054,0.7847222222222223,0.1628614916286148,0.1672992105611514,0.2512908777969018,0.1556776556776556,0.0932867937862424,0.060562097854706,0.1092117798885523,0.1526698773013636,0.2037164039474929,0.0575519111563097,0.0849938814130622,0.1275832201968211,0.1742818984718249,0.237479900914887,0.3029325752841729,0.2894495057514257,0.3369394437747744,0.2596912048926542,0.319116279697261,0.2815829416042933,0.3395851739606789,0.7306922654338961,0.1908396946564886,2.198560618729097e-06,0.2282282282282282,0.517549457562221,0.4956863716819253,0.4852324257883049,0.7383692824469099,0.3405897919916548,0.7457562970494793,0.3036249693139712,0.3974457045523871,0.4602932397192285,0.1268946600201372,0.4840736413418374,0.1154896701395636,0.4945464157823991,0.9297645579303996,0.1117755869881384,0.1308084384290741,1.1059875584760476e-06,0.4014751266289325,5.048306447942731e-07,0.3553505460725784,5.625308028052996e-07,0.43417924799316
7,8,15,0.25,0.4308182420549767,0.0883597259199943,0.5,0.7524790594355012,4.63668591355957e-05,3.738599724338813e-07,1.0477583101635564e-07,3.458497575426247e-05,0.9163437407362316,0.8900236201517342,0.0002307459242592,0.999288650577634,0.448818897637795,0.0482846251588309,0.3152531675771863,0.5520833333333335,0.1156773211567731,0.1711760803639121,0.3132530120481926,0.1776556776556775,0.1038825697581962,0.0733701950599761,0.1436616432995882,0.2444045494006196,0.2465298283695686,0.0718626719984785,0.1188457136344262,0.2088330924517091,0.2372674485283496,0.2864130554857894,0.3851437620949048,0.4143367118890304,0.4193610906505752,0.3171494228223476,0.4092921232226491,0.4056671977552296,0.4483751192444833,0.5411727726580526,0.2010178117048345,1.4499425057450368e-06,0.2552552552552553,0.3031269942565411,0.6703636328466902,0.5278932002085703,0.7057850578584866,0.3977082310573672,0.7146258632249,0.357349769484286,0.2464982209426871,0.3015705150846379,0.4480810604734409,0.4198124350454584,0.4113020536415522,0.4447260537275935,0.9121456104559148,0.177849853688195,0.2085642558536201,5.023141969284705e-07,0.295930576956494,8.94593734545538e-07,0.426026971491211,4.749404004075733e-07,0.4536010482018612
7,8,16,0.25,0.3954659179303287,0.0805707929617357,0.5,0.6346389736886956,4.624046196161138e-05,2.1153322023692898e-07,7.927971732105308e-08,5.70862990680944e-05,0.9389003800511964,0.8511519991212552,0.0001780776378225,0.9986330868353248,0.52755905511811,0.0597204574332909,0.3007256029630338,0.3263888888888888,0.1141552511415524,0.1204873937380027,0.2771084337349397,0.1556776556776556,0.1045693330156377,0.1127989818020048,0.1679779313236994,0.2549694020320265,0.3056012313086593,0.1062870638803,0.1087194079171111,0.2230048248391113,0.2683434311586607,0.3225621796917181,0.4124360230719929,0.4269170334119896,0.4721074956024325,0.3388067218145626,0.3891765252225772,0.4108462920802907,0.466595150766958,0.4489719668129686,0.1857506361323155,3.076027077533259e-06,0.2342342342342342,0.1959157626037013,0.7443563723944298,0.6707893142144332,0.8110575685690002,0.2555667033815773,0.594723352812001,0.460076881057287,0.3504815763480735,0.449337779691275,0.5782295875095191,0.7131554748761881,0.579410917637731,0.7345992808113664,0.906988768067161,0.1202711624468596,0.1439803241474949,1.840686308509914e-06,0.4772521502342073,8.350026463418153e-07,0.4611700176585013,9.565123863028606e-07,0.4712166957019751
7,8,17,0.25,0.5608536239169902,0.2380647888563506,0.75,0.6319826171375961,4.639938851405245e-05,1.8822292147472232e-07,1.1709581167237702e-07,0.0001154964623764,0.9281108193341354,0.8421305034115804,0.0003223086129651,0.9993307005088008,0.448818897637795,0.0711562897077509,0.236880114650054,0.7777777777777779,0.2328767123287671,0.1192640103496306,0.3476764199655766,0.2106227106227104,0.0963859574442417,0.0190517459608422,0.2264495640106602,0.3154606986924598,0.3063890410205928,0.018795117439365,0.2010328883469131,0.2581478761267159,0.2754538715757501,0.1901064312021394,0.4195111623272584,0.4372467706155364,0.4245431601787043,0.2284599553776228,0.4651803336416576,0.4186353195488018,0.4433206163316682,0.7952554955760567,0.1832061068702291,2.8464074384501494e-06,0.2312312312312311,0.4907466496490109,0.6365599544969913,0.6162816510356999,0.7362387377772945,0.3154972267054179,0.8039260094114256,0.5507563063719456,0.3960021125931015,0.4883714373820846,0.3866326264526421,0.6088115126858598,0.3688306817189873,0.6025626169236662,0.8971200775596636,0.1194251901171509,0.1379214529439845,1.5161768849453794e-06,0.6823235445827036,6.52314772566183e-07,0.6205398277683278,3.792120794409927e-07,0.5230549454437373
7,8,18,0.25,0.380724130959461,0.0655732337933568,0.5,0.6764874906282241,4.6331419654126296e-05,3.748334800907622e-08,8.760575895878369e-08,0.0005222003435414,0.9183570613282552,0.881880346923239,7.342471472904387e-05,0.9983016713203432,0.448818897637795,0.0470139771283354,0.3210844959199789,0.7951388888888891,0.1004566210045661,0.2550241381617089,0.4234079173838209,0.1923076923076922,0.1349924401518119,0.0907143313320089,0.1434472703642572,0.1982400401155749,0.2477458144459328,0.0868395795516299,0.1036140900994098,0.1622031263308707,0.2121301360914677,0.2368279766021447,0.3020093833020479,0.2980726162332136,0.3431745871902071,0.2635814481444487,0.3118382033380024,0.288885516847685,0.3467576727586283,0.5410160426187569,0.1730279898218829,2.921642855940123e-06,0.2402402402402402,0.4371410338225909,0.6783283350213214,0.6249738627482042,0.7030048511863369,0.2988564601556007,0.7553421136645359,0.3667039181329687,0.3258182364647293,0.4012693126136382,0.1846386404498939,0.5532685956609104,0.1943544646877515,0.5878110742171179,0.906648794587924,0.1792321373533543,0.2135102938514427,6.133599545832475e-07,0.4036421400935016,3.255892962995475e-07,0.407235951232779,1.1211279394104552e-06,0.56249357597345
7,8,19,0.25,0.426120082060426,0.0946825645042837,0.5,0.7531024689707774,4.643349642846636e-05,2.4467026325085784e-07,1.322892728525699e-07,9.616639375025908e-05,0.9668599786503888,0.931536903381888,4.218735879790367e-05,0.9989001523312936,0.448818897637795,0.0482846251588309,0.3152531675771863,0.7916666666666665,0.1430745814307457,0.1889282407562715,0.3769363166953526,0.2069597069597068,0.1084852066820231,0.0322725332029541,0.0958240416596064,0.1878493741134554,0.2696459008762586,0.0321378254702767,0.0806409817267175,0.1675879486790454,0.276297701971715,0.2023267944947347,0.2777822563050345,0.3134042793903978,0.3893836449123309,0.2442677666760159,0.324134482679237,0.3310776781164089,0.4468571473951313,0.3907891819924227,0.2010178117048345,5.006756951534863e-06,0.2582582582582582,0.3299298021697512,0.7761427326798134,0.6371937723418304,0.6763562593905701,0.3089322625381882,0.8086854928137919,0.3883431405332353,0.3475972383412211,0.3906741255329589,0.2749551412025623,0.4510739570202585,0.2519519117860472,0.4513980622862845,0.9181496081730836,0.1228411438538842,0.1396321726556606,2.892966578352111e-06,0.5407596946844112,1.1688419087587316e-06,0.426124007577029,8.233420340421063e-07,0.5491761696130802
7,9,0,0.25,0.561925857021446,0.2908190494081367,0.25,0.571320512072944,4.618928276117198e-05,3.8069786968322716e-07,9.720577178677238e-08,2.8701112318113582e-05,0.9008932796018918,0.7901955055831438,4.82994317563498e-05,0.9988470669891586,0.448818897637795,0.0355781448538754,0.3847328244274809,0.7534722222222223,0.1598173515981734,0.1646211771503339,0.3442340791738381,0.2454212454212452,0.0786194927880286,0.1053549148489536,0.1958377511478602,0.2366853279735244,0.2199952311701951,0.097354662304896,0.1437315533083092,0.1821435643887837,0.1864803951212564,0.2910803867625312,0.4087101815692121,0.3826302393036565,0.3679168747122756,0.3009428304227808,0.3938871389711073,0.3401325478715267,0.3551561378467569,0.7179717877192386,0.2111959287531806,2.7748919164024218e-06,0.2402402402402402,0.5979578813018509,0.6953388413053223,0.6309764617515032,0.7500490753972895,0.294431339985103,0.7061130650353008,0.2350814228277361,0.3454568851809576,0.4125122362908109,0.0873179749101607,0.4686714207029296,0.0742312827722875,0.5008259579585086,0.9267194705665376,0.1635146033848537,0.1972909159685501,1.088446401483521e-06,0.2805630091923309,8.936912891689289e-07,0.3323465478768062,6.715066816434548e-07,0.4054244856374988
7,9,1,0.25,0.4471003629691033,0.1221844336638564,0.5,0.5360564875259622,4.607460260711887e-05,7.095760477396014e-08,9.45605031297817e-08,0.000283979783907,0.8715602509265475,0.8424773672222976,3.675698805679776e-05,0.999181874240643,0.590551181102362,0.0241423125794154,0.5723278979232761,0.7430555555555554,0.1339421613394215,0.1900733705086691,0.370051635111876,0.1904761904761904,0.1167211826446749,0.0751379646179618,0.106212039598972,0.1675728401791844,0.2073044862033255,0.0765420706055525,0.089496455568266,0.1452255345212978,0.2210351932391623,0.3924793387459511,0.4910537102867662,0.4782992795542476,0.5186627092186972,0.4227616734669017,0.5045834143133311,0.4673392875948414,0.5517205203097251,0.6387049156782592,0.1959287531806617,2.4381804720422044e-06,0.2132132132132131,0.6515634971282704,0.5221230283046432,0.6785700431872561,0.8727373796145073,0.2091304047225734,0.6212897194383653,0.1567677520624052,0.1970564719324155,0.2505717800006302,0.1963722679683896,0.5020562385125726,0.1587864192016282,0.5386156044143251,0.953628045477998,0.1496883071192824,0.1739002595473131,5.549748259307477e-07,0.1573840242579295,6.259955857186146e-07,0.2300068773317594,3.178500577976544e-07,0.1936596667483024
7,9,2,0.25,0.5599488051783221,0.2356825949386811,0.75,0.6590058958809921,4.629963245410859e-05,6.002012257972035e-07,1.672581615008567e-07,3.41141345030568e-05,0.9601871543593312,0.9120724768509708,9.786611457279804e-05,0.9996745109851092,0.52755905511811,0.0711562897077509,0.263282384253166,0.6319444444444444,0.1628614916286148,0.1407331191258409,0.3270223752151462,0.1575091575091574,0.1248055796591299,0.0831030730281645,0.1439685089658959,0.2119948560426133,0.2424609289988155,0.080399557993606,0.125998456328551,0.1834964025286239,0.2307898121530185,0.3176235828093969,0.4146801344862149,0.4131549677865599,0.4435587702831672,0.3420667195666425,0.4367814353003371,0.4019595972806944,0.463036628961729,0.5016648258502849,0.2137404580152671,2.087561329256051e-06,0.2552552552552553,0.463943841735801,0.7487206471822274,0.6174737773689944,0.7447945713291335,0.316176936441676,0.784349359211769,0.3406358177375591,0.278073749590652,0.3123096483342982,0.287220544872474,0.4904775413075129,0.2828491967263046,0.5220537913463632,0.9286226693900628,0.1173151788674292,0.1429975363304118,1.0833764222877965e-06,0.3704984704194473,9.795866852336888e-07,0.3428851914954096,8.572514895690096e-07,0.3945663563416497
7,9,3,0.25,0.5013429690877937,0.1829758782687251,0.5,0.2933512482975149,4.612683602336426e-05,5.293213510159455e-10,1.0255736845705664e-07,0.0458127276627588,0.9153670723516832,0.8259324969379763,0.0001690413064731,0.9992382832812784,0.6614173228346455,0.1473951715374841,0.1661807038239432,0.6736111111111109,0.2237442922374428,0.110151561515204,0.495697074010327,0.1520146520146519,0.2048014752522257,0.0663853364911367,0.1021733402085654,0.1701426648145288,0.1876980945853567,0.0676627853912068,0.086680184537894,0.1542134539970385,0.1930335566887262,0.3686390352756709,0.4632236297272253,0.4570319125344963,0.4834106693661137,0.4016020758676498,0.4826876615222491,0.4544570178510574,0.5167529787164449,0.4838127842332635,0.178117048346056,7.678595958161378e-07,0.2582582582582582,0.3835354179961712,0.7797942596169047,0.8075363874178221,0.923368778740091,0.1693388727328851,0.6546666028185254,0.1664616538137219,0.1461400179509142,0.1967383569958702,0.4637163155610624,0.5830222322258792,0.4120899294893564,0.6111446957379998,0.9547591989707086,0.1469293406877007,0.1742170960176305,4.287245122796153e-07,0.1568196291869027,2.4351681265691897e-07,0.1602998986758257,3.6200373884980724e-07,0.1983289660477693
7,9,4,0.25,0.5292902482677374,0.2161196587995696,0.5,0.3535106982145501,4.611546959257953e-05,8.617955870552232e-08,1.4185695719144546e-07,0.0003576902366796,0.8559225367948866,0.7876802217617969,2.768985074885329e-05,0.9994185788928516,0.448818897637795,0.099110546378653,0.1805915646096051,0.6145833333333335,0.1735159817351597,0.1299922831149139,0.6385542168674696,0.2106227106227104,0.1948296468507998,0.1370660119616455,0.1200772704649959,0.1865017986208503,0.1756621282109216,0.1383968806425109,0.0930909079980496,0.1624407554961179,0.1847050427190417,0.4060055650417474,0.4666896454131566,0.4590913023666818,0.4669262818313519,0.436905393620077,0.4777796792074961,0.4508508477985973,0.5018986106933652,0.5875566031555008,0.2035623409669211,2.148691891669165e-06,0.2642642642642642,0.4371410338225909,0.7319237901194926,0.8358774503112176,0.9478392622789876,0.1646927828663079,0.6880385088578392,0.1742436608472612,0.180476094789691,0.2376376636391854,0.3522722354179667,0.5195381836667349,0.3194727055667249,0.5379326169001372,0.9448791985303672,0.1720844985959225,0.208346177471164,7.750993371373467e-07,0.1887026146745325,3.078915269860588e-07,0.1699391850278686,1.132580484314845e-06,0.2426789284238816
7,9,5,0.25,0.5161875689021815,0.1876010196591994,1.0,0.3017489219986997,4.603439194786455e-05,2.8262064881822985e-08,7.183369508936793e-08,0.000571286386835,0.7129222789900234,0.6775009761498737,0.0001585246371082,0.9987817047983608,0.448818897637795,0.110546378653113,0.1642987810430086,0.6111111111111112,0.1598173515981734,0.1394671396952725,0.4716006884681582,0.2124542124542124,0.1370136498046449,0.080024356832588,0.1183865610161502,0.1676984597833975,0.222232334714272,0.0802423269606632,0.1117075741806093,0.1413591709533515,0.2179248868039879,0.3826877767933231,0.4821143803735945,0.4626896896222319,0.5114914485691564,0.4107924692228148,0.5034115311649774,0.448569541337811,0.5336130177771947,0.6663988657467943,0.1908396946564886,3.321707374381705e-06,0.2552552552552553,0.2763241863433314,0.6974745169570586,0.7277964731669897,0.8997657605319578,0.2464666534829523,0.6637512489428598,0.1676341290070189,0.1200257748841857,0.1523440410996366,0.405593454685351,0.4321126762272549,0.3718210689872934,0.4493858519339884,0.956333407891118,0.1418723840217482,0.169793252878587,8.307063542999529e-07,0.1466182526998822,3.444514187388407e-07,0.166693187794924,5.816496480792444e-07,0.2188759111144225
7,9,6,0.25,0.6374714759277564,0.3095467357222519,0.5,0.6628933659866466,4.6339528041913415e-05,6.271681361713685e-07,1.851356138818845e-07,3.8005615683655466e-05,0.9685596088050824,0.9127173852101994,9.1264370012776e-05,0.9996578707078868,0.5984251968503935,0.121982210927573,0.1832720281080833,0.7152777777777779,0.1278538812785387,0.1918957065149385,0.5697074010327022,0.2417582417582416,0.1478290956520789,0.1363843310381985,0.239155316578025,0.3019728183796366,0.306893163885258,0.1381947620397192,0.2127904909407961,0.2731677031701224,0.3136362407698803,0.396334694960518,0.5411575072433279,0.523160863870381,0.5379578824821396,0.4295304708642262,0.5634837339112261,0.5154733245147468,0.573712036350623,0.6080769722201156,0.2162849872773538,3.321707374381705e-06,0.2282282282282282,0.6247606892150608,0.6459378687655941,0.6747040790511187,0.7598151080456863,0.2756514490873943,0.928864596225626,0.3297518087674008,0.316946795803855,0.4087441698128109,0.262429211213601,0.5193887581267522,0.273893252419167,0.6243388928384526,0.9196416151712364,0.1368289689464371,0.1718417384374602,5.523700774397854e-07,0.3700807919350916,8.447191793345951e-07,0.4249377149653177,5.384364932494735e-07,0.3623099440512782
7,9,7,0.25,0.543013591033534,0.2254101125894704,0.75,0.500909960867528,4.634624606854828e-05,2.551509922808886e-07,1.0630237426937568e-07,6.68800147951399e-05,0.8680417486849796,0.8048619084919044,5.701975164162953e-05,0.9994984331687052,0.5196850393700786,0.0864040660736975,0.2231327259946406,0.6736111111111114,0.1887366818873668,0.1293162864428975,0.4543889845094663,0.2087912087912087,0.1337899699693441,0.0917772035214528,0.1415200937668636,0.2315164639252149,0.2176952962865495,0.0925012785996821,0.1114575691367949,0.205407924966893,0.2120178834075089,0.3474103974026113,0.4426334856110481,0.4542204717840085,0.4542666408390342,0.38206407572423,0.459446328734865,0.4512645519511333,0.485771885578268,0.5746489054624799,0.2290076335877863,3.155175881636423e-06,0.2432432432432432,0.410338225909381,0.6941656382884673,0.6944494240569616,0.8496938654879975,0.2629386449859702,0.7246823246759643,0.1994979404925543,0.2156073225162085,0.2529981057721162,0.1410554429133159,0.4163438065014309,0.1440784460908799,0.4566258571840872,0.945888719349174,0.1483962291122945,0.1797435988416179,1.660071651242347e-06,0.241690490947643,6.522881362761145e-07,0.2017996657701238,4.38936092939881e-07,0.2900120210288326
7,9,8,0.25,0.4606168881964512,0.1194390921646052,0.75,0.5926113300583984,4.6297611627481376e-05,1.2248619248949187e-08,1.6997778780838668e-07,0.003250109731065,0.9063536580125456,0.7955530493064382,0.0001067230473402,0.9995684705975724,0.448818897637795,0.0965692503176619,0.1846314126986326,0.8229166666666667,0.1476407914764079,0.1897117477320854,0.2977624784853699,0.1923076923076922,0.0890122707936423,0.1281095017340418,0.1782866335621481,0.240848596756381,0.1908112619860139,0.1271995230258426,0.1307731759894235,0.211936630870606,0.1980789690898396,0.3803636889037488,0.4817887825266762,0.4696111565365475,0.4460879260171149,0.4068350191555542,0.4772323322848121,0.4567665572168397,0.4769515066147982,0.6510725972605269,0.193384223918575,3.4093042066718982e-06,0.2402402402402402,0.3567326100829611,0.8013114621503141,0.7383389719561517,0.9238750573685176,0.2817267572450883,0.7321714426082833,0.2092847784150192,0.1940455164491348,0.2526627403727755,0.3631740813559617,0.4213002519265005,0.3718161670399232,0.4748443364818056,0.9361462780146204,0.1743904350815729,0.2097203457208973,2.3665148228243037e-07,0.2415951253472738,4.675193325780909e-07,0.2447364260385789,4.243440061088236e-07,0.2828553613784032
7,9,9,0.25,0.5818578218958551,0.2501048579974578,0.5,0.5926963881133,4.631295236140304e-05,3.129383272277671e-07,1.36457073801214e-07,7.139362784584581e-05,0.9581618119361764,0.9095089086692696,9.119044765659595e-05,0.999590361836561,0.448818897637795,0.087674714104193,0.2002169629966418,0.6770833333333333,0.1324200913242008,0.1783152527643869,0.5146299483648881,0.1831501831501831,0.1771026741971567,0.1235248235401622,0.1239726298934001,0.167448781781891,0.1751985211286316,0.1272256046800417,0.1090233934983393,0.1552033306744869,0.1790024269946614,0.3584126239068816,0.4112973703210398,0.3916165560403875,0.4064410307221205,0.400905461577846,0.4500261492910056,0.4075504574742939,0.4547436210414884,0.6569393962255332,0.2086513994910943,1.2070084331496415e-06,0.2432432432432432,0.4371410338225909,0.7128764637175484,0.5693022126354155,0.8504078476546955,0.3664831876620228,0.8807094784169969,0.1950135089735119,0.2460442797721937,0.2728579516494496,0.155792561338126,0.4089921124318258,0.1463568773232691,0.4566251166460072,0.9526702687996664,0.1158353094943526,0.1395082582065224,7.00270885084509e-07,0.2403419383147273,3.1334969523194704e-07,0.2361184076535308,4.1839233181395e-07,0.2889348513746146
7,9,10,0.25,0.5449019575679462,0.2053745506223167,0.25,0.6405306957850496,4.622526438347394e-05,8.035660860381609e-07,1.837926962373056e-07,2.228866098811805e-05,0.9299597526225876,0.8814636706946241,0.0001166134913095,0.999432663910504,0.7480314960629919,0.1257941550190597,0.2102093473899613,0.4756944444444443,0.1187214611872145,0.1502067815355276,0.3872633390705678,0.1904761904761904,0.1230714642874492,0.0875882055830301,0.1383348804499159,0.2513520624668863,0.2898737878855944,0.0850517721999931,0.1038974690807472,0.2044182230080876,0.2695353017323091,0.340229459132833,0.4345943637206624,0.4641468397689618,0.5007802371414836,0.364232388172499,0.4373633696750131,0.4378533265124949,0.5129245732278599,0.5167913915992561,0.2137404580152671,3.155175881636423e-06,0.2522522522522521,0.3567326100829611,0.6605333428535816,0.5738614877770996,0.7190861139629243,0.3191761685233225,0.8608581405371397,0.3532537757225394,0.3609826928456683,0.4241561335219646,0.4370077324627288,0.5211541887442049,0.485351806961801,0.566461200763743,0.9199501045194098,0.119448953771941,0.1416092534532727,8.055581685643487e-07,0.3928857473652002,1.3661272171741511e-06,0.3850175991991362,7.77710106636698e-07,0.4691681595880469
7,9,11,0.25,0.5246132212380605,0.1751644492904361,0.5,0.4832055110298197,4.607491292301854e-05,5.514213856098525e-08,9.901863552463829e-08,0.0003936222005633,0.8420565507324531,0.7415910037083681,3.5245968909903155e-05,0.9983469860580017,0.448818897637795,0.1512071156289707,0.1235799403097433,0.5486111111111109,0.1476407914764079,0.1379016234869677,0.4543889845094663,0.205128205128205,0.136426595065407,0.06982500746575,0.0960371789047044,0.1463158425508243,0.1618814300103592,0.0733656164292218,0.091528412651966,0.131111524751831,0.1299385941924188,0.3940574019917572,0.4907761106403275,0.4719687994470621,0.4994615076119936,0.4305683795912653,0.5176552172538982,0.4706343523069943,0.5152721478490181,0.5892483919165263,0.178117048346056,1.881755945299061e-06,0.1891891891891892,0.4907466496490109,0.6649176889804012,0.6399595021557865,0.906336469852666,0.321816026107288,0.8051856968526234,0.0719471636930554,0.0695523707802616,0.0667072126441443,0.1809621075945616,0.5066069150957053,0.134967566998929,0.5221475066395876,0.9750386758040204,0.2080393774969234,0.2480054504048062,4.779676370069514e-07,0.0787744173054741,2.81767707568065e-07,0.0881973942099822,2.3078114468010578e-07,0.1075243186016404
7,9,12,0.25,0.459988905732468,0.1289379070780151,0.5,0.3244200779683122,4.603208761212814e-05,2.6659143668725497e-08,6.716784752582299e-08,0.0005662539174495,0.7853692970047789,0.5244417457651891,0.0001863425299867,0.996938017219466,0.6850393700787397,0.0584498094027954,0.3664543300868649,0.8645833333333335,0.1430745814307457,0.2030661888531805,0.4595524956970739,0.1630036630036628,0.1760043259434349,0.1350165861553484,0.183052416164419,0.3448547047239265,0.354832982958082,0.1301319319863652,0.1350167356288676,0.2729590561458428,0.331685510878774,0.3221041360180224,0.4015449451113563,0.4853792546932808,0.4930526483568409,0.3477906435400328,0.4030444671003186,0.4456691377395014,0.5103137557537731,0.6600651609277182,0.193384223918575,2.0348057760975293e-06,0.2402402402402402,0.6783663050414808,0.8132645108168179,0.6888192493694758,0.6425626063467003,0.3205429398606287,0.5903786114245487,0.5672882271544154,0.4787957990154081,0.5058186160141154,0.2380951489537638,0.4663922798255577,0.2064276206394914,0.5030114722120629,0.8910707401341781,0.1399297596949407,0.1604982611351399,1.0114069554440669e-06,0.6930837574264312,2.112125482694554e-06,0.7699614552756038,9.664408693966337e-07,0.6311795484814816
7,9,13,0.25,0.5660362127879541,0.236728349388721,0.75,0.4883431421394125,4.614287359310988e-05,1.781076919273465e-07,1.2241307696285232e-07,0.0001309053142113,0.9224969146425336,0.8709086764148845,0.000501944532391,0.9995062699246984,0.5196850393700786,0.0470139771283354,0.3529086601737299,0.7083333333333335,0.2359208523592084,0.1090453517555096,0.42512908777969,0.1410256410256409,0.1866745483200789,0.1057854942018485,0.1627087534657409,0.1958398517386852,0.21170101219951,0.1088549982894704,0.1240029940174214,0.1588199509537237,0.2216551161827444,0.4040468610784239,0.5198739958181324,0.4873388847109484,0.5134674573393865,0.4372671132768699,0.5244938717595249,0.4713286474296172,0.5481692315562724,0.4838487241251612,0.193384223918575,3.7781540094972456e-06,0.2372372372372371,0.4371410338225909,0.8402798415093828,0.7616080355837749,0.9150658449236756,0.3305471971600527,0.7603974598768045,0.1434051943027732,0.20362028738628,0.2645598602569921,0.280848185856697,0.5940031084084899,0.2563840781436269,0.5698523895100313,0.9552543487736884,0.1562880143003651,0.1746011658317198,3.66371565801062e-07,0.1732363286331618,1.5971016993919714e-07,0.1644387004470742,4.1671293400116534e-07,0.1772331655958463
7,9,14,0.25,0.3791900600048942,0.0588730198771619,0.25,0.1342701689158304,4.604218223786085e-05,1.9839759121458225e-08,3.9747256909306016e-08,0.0004457284570237,0.7275643458110618,0.6115240341103532,7.163663142194707e-05,0.9989888150598982,0.448818897637795,0.0597204574332909,0.2707230238685885,0.5833333333333335,0.1476407914764079,0.144459867062299,0.3597246127366608,0.1684981684981684,0.1293293781972378,0.1155681659164608,0.14785022313253,0.1792249585597789,0.1979992127635158,0.1054792783942086,0.1074367129338309,0.1425283734192478,0.1778392994001483,0.326427146394239,0.3957107804987156,0.3654377473389115,0.3858919480823211,0.3309029836729166,0.3785087937778136,0.3285185716687605,0.3777976228642685,0.5429586415750847,0.1704834605597965,3.321707374381705e-06,0.2342342342342342,0.4907466496490109,0.5702686024949464,0.6735755503075191,0.6791396188251064,0.2724032361954721,0.6303413014377799,0.2683247842305025,0.278202669650708,0.3609315879049561,0.1733207937186323,0.4737926821580728,0.1506105562765549,0.5040323833876078,0.9329301722287832,0.1270660073880068,0.1547324922041977,9.357565805590964e-07,0.358242554971273,3.841614111668212e-07,0.3231982392285808,1.1368141280680947e-06,0.3851850292597973
7,9,15,0.25,0.4435182240002489,0.1204686659834381,0.5,0.1422888830852703,4.5928484905676727e-05,5.2567152151721024e-08,3.10001772403442e-08,0.0001091742657252,0.6525719718981056,0.5802742503849846,4.092037391038119e-05,0.9961153092350236,0.590551181102362,0.073697585768742,0.2767235396874776,0.8506944444444444,0.141552511415525,0.202242677420665,0.629948364888124,0.2435897435897434,0.1645585691920646,0.1056361549857427,0.1565981625520934,0.2221941845051597,0.2428729735127536,0.102702079894279,0.1148195781571136,0.1994321321225578,0.2461845841719133,0.3623769420409067,0.4615133048561138,0.4535604135982441,0.478591217702443,0.3857683734846704,0.4581792076506696,0.4432552650609198,0.5057263733971722,0.6011532313261898,0.1857506361323155,3.4093042066718982e-06,0.2342342342342342,0.410338225909381,0.6944451652448831,0.7518520211961679,0.8221429729394933,0.2192425106849683,0.4980204030715071,0.2662494473608462,0.2126184593514117,0.2697630525261916,0.1847237982176765,0.4755042622747495,0.1478652028420458,0.4872912398353294,0.9233199799322732,0.1907457250595174,0.225082231048397,3.594996840486365e-07,0.2564690812142388,5.564118938594158e-07,0.3894526683299629,9.494556835697064e-07,0.365907474634127
7,9,16,0.25,0.721113028180873,0.5095347049239859,0.25,0.5136958046432691,4.610957201537074e-05,7.11006184899199e-08,1.5630097062191469e-07,0.0004882216761792,0.9573513173697432,0.9024511552289566,0.0001467187796659,0.9994148631712382,0.590551181102362,0.0495552731893265,0.3710764780810437,0.6145833333333335,0.1461187214611871,0.1517480716616673,0.5834767641996556,0.2069597069597068,0.1794532396974559,0.0715529451722116,0.1095084887297383,0.2162238659983068,0.1906828611113005,0.0717146003803436,0.0815411801214013,0.1930714504634652,0.1993485121032147,0.375435675269221,0.47316178735217,0.4896153697562118,0.48993706425672,0.4037487299382143,0.4785504242855832,0.4783297550755304,0.5202113248574021,0.6395344473785864,0.178117048346056,2.0348057760975293e-06,0.2282282282282282,0.3835354179961712,0.7247796644458395,0.6469343193828712,0.833696561356255,0.2847676719512504,0.7930743910686562,0.2012503398440514,0.2425244030890216,0.3059890277775103,0.4277160969094186,0.7238991083547012,0.4472330681919456,0.7596186626946009,0.9415010101083312,0.1501099839794648,0.1673302393191722,8.203304726172637e-07,0.2107416909181495,3.219158520641747e-07,0.1999545638847283,4.037188343334525e-07,0.2464739688324309
7,9,17,0.25,0.7391192477470985,0.5369135555663587,0.25,0.5808768585237585,4.6301534026672055e-05,7.596722238490468e-08,1.7955955124899279e-07,0.0005271446973167,0.9755385671104742,0.8955979851245398,1.4475783220403548e-05,0.9997235588245758,0.5984251968503935,0.1118170266836085,0.1978195606484408,0.75,0.1004566210045661,0.2433890425010034,0.2444061962134249,0.1410256410256409,0.1010460137475107,0.1313239793106204,0.1818840000071487,0.2031191911525886,0.1924588938036446,0.1332286616658461,0.137070233282952,0.1760393886616799,0.182633225028943,0.388081536703784,0.4918819786410602,0.4505506002458091,0.4556072348740789,0.422382201730991,0.4972964590944821,0.4451269384416164,0.4834116101987459,0.591193753453759,0.2290076335877863,2.087561329256051e-06,0.2252252252252253,0.5979578813018509,0.4897208027999697,0.6488006830587603,0.746657524178064,0.2287000335276777,0.8921559660906144,0.256532704826793,0.176993714008578,0.2192893793605514,0.3689803399956022,0.4776268367720588,0.3197762432986095,0.5086133300379919,0.933154301004186,0.1621944875839387,0.1842982470712373,3.635957951944808e-07,0.2936269705652802,2.2488565937776454e-07,0.2941858574951599,2.335797479711407e-07,0.2595590702189629
7,9,18,0.25,0.5735676443875148,0.2638773842540483,0.5,0.6053921940989531,4.629523019910733e-05,4.610056662959966e-07,1.9582188181528894e-07,6.863348006718475e-05,0.9529231012577178,0.9218575038314571,0.0006876931293253,0.9995302390346668,0.52755905511811,0.073697585768742,0.2561503425941436,0.5868055555555554,0.0593607305936072,0.2992344154401192,0.2650602409638553,0.2106227106227104,0.0684256196246276,0.1669229280063633,0.2115663984904549,0.2788341065332276,0.3433439773048788,0.1580371709987303,0.1597001532311309,0.236746785742176,0.306755411586824,0.3674365550935285,0.4536469778163112,0.4472197907292079,0.503398369440444,0.384800954602493,0.4464434740745301,0.4247968341000239,0.5015083944609033,0.6882679787865396,0.2188295165394402,2.8464074384501494e-06,0.2732732732732732,0.5711550733886408,0.7947677653007519,0.5519838281580887,0.6885643379151318,0.3916135210420415,0.7621082799913046,0.3426744157169085,0.339576236710196,0.3968963596363979,0.371140860385464,0.4563932792577047,0.4162505199201688,0.4511850139751983,0.9252446493765212,0.112379834194129,0.1372475833273443,9.293663073988468e-07,0.4476767628069741,5.668604306280179e-07,0.3951597077002409,7.363369540838013e-07,0.4560316060148345
7,9,19,0.25,0.6843686823299682,0.4574281381783721,0.25,0.6533688493005649,4.624516072422965e-05,2.3152211710347646e-07,1.784604017639286e-07,0.0001504852466686,0.9280753236604172,0.9426930003206866,0.000150327594025,0.9994601739290494,0.6062992125984249,0.0749682337992375,0.2781082741072211,0.7916666666666665,0.1035007610350075,0.2480801155525345,0.3580034423407916,0.238095238095238,0.0859480610622574,0.0726793050856753,0.1197935302971654,0.1987214513167546,0.2461333567630047,0.0692392124228563,0.0901817206981696,0.166028923292395,0.2189798517830757,0.34895425965117,0.4447758673783634,0.4478231799780472,0.4917948418924963,0.3660093313054054,0.4409145985975443,0.4226058171137202,0.4907735115322875,0.5797337658539865,0.2162849872773538,1.8340882519232909e-06,0.2102102102102103,0.3835354179961712,0.8139214540636392,0.7025792656215133,0.8286889261613446,0.278553817401361,0.8168480860840512,0.2920292636459992,0.2796869347556308,0.3530662582755988,0.4698793330779924,0.3868006048628722,0.4991773245770874,0.4111546851086506,0.9328023840353588,0.1129397643143113,0.1324830637812852,1.527316986617915e-06,0.4135410396500095,6.932561514556656e-07,0.3346027799633502,4.642106393114487e-07,0.3608104683368756
8,8,0,0.25,0.546946954039215,0.2335020822747367,0.5,0.6265237932709594,0.0001265819207171,2.349632499112493e-06,2.3673239493829813e-05,0.0023454033598883,0.869230082671277,0.9408604609041696,8.531602835698274e-05,0.9978820385337938,0.448818897637795,0.0482846251588309,0.3152531675771863,0.78125,0.1156773211567731,0.2240286201667929,0.3442340791738381,0.1391941391941391,0.1503236304012278,0.046823146937811,0.1228865103731154,0.1939815804570121,0.1883859475892427,0.0436874857990593,0.102527675218137,0.1456559481099527,0.1780164986326264,0.2301244837251992,0.3240067480469385,0.334479229513698,0.3293487316043036,0.2448249152636127,0.338919953175518,0.2984069962715139,0.3415127315684885,0.3517351115525819,0.450381679389313,6.704813906283385e-05,0.4564564564564565,0.4371410338225909,0.681139749278012,0.658424510537718,0.7428381449163282,0.3032196155720225,0.802075406032148,0.3325147760695273,0.3003292942654585,0.3811108756385342,0.4018223269906216,0.4551616105305399,0.3806086601797526,0.4785783436867969,0.9223858629805116,0.1283229466231853,0.1526187730517837,1.5091979483179463e-05,0.3829115467284877,9.39781016353094e-06,0.4232098649036737,2.0375281089066578e-05,0.4294940101618718
8,8,1,0.25,0.528105464251956,0.1857080717642296,0.25,0.3006576863953489,0.0001005709761852,4.890648383874253e-06,1.1597589746572338e-05,0.0005277261765175,0.666739213027811,0.8806891137809578,0.0018060101684012,0.9986271674137996,0.6850393700787397,0.0851334180432019,0.2742116958563146,0.59375,0.1735159817351597,0.1265603000108307,0.3941480206540448,0.2417582417582416,0.0951471591436227,0.1642656560712128,0.2304779349320632,0.2741777366058792,0.3804439516412572,0.1555703557460264,0.172871431100258,0.2241021177220729,0.3492644804878315,0.3565445877469658,0.4602336721622515,0.4325149228805265,0.524687636425706,0.3746248707876933,0.4509291702369427,0.4037610908915746,0.5301691720199398,0.2918812098717183,0.44529262086514,9.56380486065352e-05,0.5405405405405405,0.3835354179961712,0.7806670492881147,0.6134696334355327,0.5560147563135587,0.3437093313760387,0.7500028828180962,0.4741942140927525,0.4917456447856165,0.5863993503614515,0.3816902568111712,0.2466307494229241,0.3629816222221618,0.300356243431772,0.8957860226354296,0.1421464658457453,0.1684640174457424,1.431362503105429e-05,0.5823520433137002,0.0001953978339825,0.6972622668210836,0.0001095262921218,0.6594974989489173
8,8,2,0.25,0.5967658120786831,0.2835935128270999,0.5,0.5806930903882688,0.0001213926094497,2.937412557418752e-05,3.786493973121651e-05,0.0002723471862369,0.8644508902902148,0.9477582179380264,0.0012017649334618,0.9997759710191468,0.5196850393700786,0.0978398983481575,0.2011545435933431,0.5659722222222223,0.1902587519025874,0.1119783440211439,0.1996557659208259,0.1575091575091574,0.0696802501678154,0.133320245417977,0.1770294204658997,0.2435854030360823,0.2742568458510092,0.1315760909371702,0.1425403212416398,0.2053912926466347,0.270280418013493,0.3251228763974576,0.4015755820374018,0.3998422999420552,0.4279065498541384,0.3591711562899974,0.4242170525424415,0.3931064623929498,0.4664902549165326,0.328559514785951,0.4987277353689569,0.0001232503090317,0.5255255255255254,0.1959157626037013,0.7605376782941051,0.6767587313254229,0.731559032307854,0.276015049736278,0.8074757874238723,0.4006087658831447,0.3080885145687873,0.3915318327298931,0.189207841315222,0.4830117731934354,0.1606563771120871,0.5080500964207815,0.911615081042934,0.1434551240400082,0.1751686763108187,2.1450211738923327e-05,0.4114216271359218,1.7132459438332947e-05,0.4160868283955925,3.872699906667147e-05,0.5452257893765909
8,8,3,0.25,0.6034323826012972,0.2761097298632119,0.5,0.5475523896164114,0.000130615495601,2.1211517701753988e-05,2.45084700836927e-05,0.0002408209512863,0.8862104022068092,0.9402707469950328,0.0001160510104643,0.9994009581654596,0.448818897637795,0.0241423125794154,0.4785303611753785,0.6840277777777779,0.0867579908675798,0.2542586713419256,0.3562822719449226,0.205128205128205,0.102457473108597,0.1235260199282226,0.1211545809060449,0.1607051367537088,0.1889608379345512,0.1199008100022353,0.0931742908568205,0.13530699718875,0.1875721159037236,0.3426956312617876,0.385372779855121,0.3639494002865521,0.3930953056867491,0.3683756105006674,0.3972915242732268,0.3554135288251678,0.4218120398196088,0.239235640841926,0.4427480916030535,0.0003859529637939,0.5045045045045043,0.3299298021697512,0.8131477450079196,0.7139395719464758,0.8365757019871878,0.2765793931404078,0.7598569959360992,0.2689647071377544,0.1941874271371826,0.2496304909108004,0.158786658492039,0.4129573373274054,0.1333024276418667,0.4548250504087978,0.9319443539946698,0.1546708260319242,0.1888313140166734,1.1650725545449187e-05,0.2679834456213474,5.31150882829788e-06,0.2937699076782015,3.619089780749276e-05,0.4083815551508787
8,8,4,0.25,0.6717163200431695,0.3702674608910801,0.75,0.5699792461553005,0.0001214581681476,1.0292263904677786e-05,2.7590213138705668e-05,0.0006006905115377,0.8987832193149752,0.9526862859157632,9.628063842688244e-05,0.9999394183113246,0.448818897637795,0.0381194409148665,0.3685681695684328,0.7604166666666665,0.1324200913242008,0.195539922682993,0.3201376936316695,0.086080586080586,0.2174757281553398,0.0679793520984005,0.068078203847619,0.1235445561196213,0.1335366841927753,0.0672778310389098,0.0558674219228291,0.1045566676558209,0.1432951690992094,0.3456496377614091,0.40509601834152,0.3963100889611561,0.4163194807316622,0.3736402542727243,0.4227914851336016,0.3889462889137748,0.4499299923952115,0.4109813807581322,0.4885496183206106,2.758743829269105e-05,0.4144144144144144,0.5711550733886408,0.685013509789,0.7881907084432322,0.8775195048458375,0.1639057633689319,0.8679105563724347,0.1826987444530042,0.1369643133430098,0.1815061949566736,0.2319542089285157,0.4405771256778603,0.1945978645870063,0.4799460835937122,0.9576194974545826,0.1171909296879155,0.1332160546594923,8.44522604248168e-06,0.1898093791194103,3.682837098318835e-06,0.1690271717661564,1.9598065425271237e-05,0.2531170294298521
8,8,5,0.25,0.5060992080512203,0.1795462084432053,0.5,0.5799499654638426,0.0001000808377378,1.5915275818407532e-06,1.5957291201976252e-05,0.0023338863152577,0.7960238720854972,0.8777790496772048,0.0001693399293859,0.9993886586158304,0.590551181102362,0.121982210927573,0.1815501409600543,0.7083333333333335,0.1430745814307457,0.1727705857883754,0.3321858864027537,0.119047619047619,0.168694029872827,0.1032699852673365,0.1561941388697032,0.2640706532307037,0.2456720500180248,0.1037513938472365,0.1299500758821348,0.2272943754056911,0.2432655019464106,0.3562814296438085,0.4554105443109237,0.4784914142265147,0.4749520845746369,0.389802452850517,0.4755780839416946,0.4671808149135498,0.5075386474512446,0.4886236257224019,0.4707379134860051,6.373075560837729e-05,0.4234234234234234,0.3567326100829611,0.8622530893315274,0.6977755868944238,0.8482303738715404,0.3532552268076601,0.7178114176575009,0.2640375691603376,0.3417852996527661,0.4120894155236771,0.3739309071477196,0.4570852643674377,0.4138137380497515,0.487894197942043,0.9261434986990386,0.1500204317560703,0.1804426971859743,2.8126600843618425e-05,0.2770694185451628,1.7037514876501175e-05,0.2945918951830048,5.487031970846501e-05,0.3718654052764149
8,8,6,0.25,0.6334570352253908,0.3475182991905385,0.75,0.548010856062506,0.0001498876588189,1.7075512608962844e-05,2.659501372220562e-05,0.0003356843251437,0.8736363302958633,0.9449051863099232,7.94847114611438e-05,0.9998476873048792,0.448818897637795,0.0355781448538754,0.3847328244274808,0.6215277777777779,0.1278538812785387,0.1719535522645134,0.1807228915662649,0.1208791208791208,0.0850756124581825,0.0785880117260297,0.1088510549856681,0.1531961426535097,0.1869491307353077,0.0789295261399143,0.0910643356955496,0.1389905467452608,0.1934918729514578,0.312441056896526,0.3815013878579198,0.3647275602793421,0.3985526112292338,0.3492536912281243,0.4124090592099419,0.3749685687100985,0.4437940716638184,0.3365944215986118,0.4987277353689569,4.583762750380568e-05,0.4654654654654654,0.410338225909381,0.7037364254003364,0.8927440006677134,0.9250803707435796,0.0225808675697135,0.8382878551086306,0.2409214003036102,0.1895416904122562,0.2587463899399336,0.1212779167743067,0.5238697185336713,0.1009660174443055,0.5592185607394146,0.9404035649468068,0.1310003436045564,0.1563031624169589,4.9925213070839456e-06,0.2399302010478675,1.0647543032190454e-05,0.2964753772326405,1.3958121134599307e-05,0.3661223652896332
8,8,7,0.25,0.5644779002025628,0.2375824182047206,0.5,0.5564239263773842,0.0001061109052511,1.7489381509472957e-05,1.98460238111661e-05,0.0002359414769355,0.8009439226440165,0.9305589477635734,0.000550867380073,0.9995252364713486,0.6850393700787397,0.110546378653113,0.2203413344458405,0.2222222222222222,0.0715372907153728,0.1408428963631769,0.1462994836488811,0.1227106227106226,0.0654034360514781,0.153692321123624,0.1746304596412478,0.2440353700039054,0.2623071822456989,0.1477845410777213,0.1469350528268832,0.2076035912978105,0.2570598415152939,0.3828362870447366,0.4570436257857692,0.452189460379358,0.4738299148508289,0.4036235941984608,0.4686007274854123,0.4322459671802542,0.495010908405405,0.3406430742928199,0.4656488549618321,0.0001849348371372,0.5045045045045043,0.3567326100829611,0.7982128277858687,0.8300195432766095,0.9027342405503074,0.1890519203556679,0.8516796712947841,0.4026059326709862,0.3135850444425871,0.3828499061037829,0.5184463316607085,0.3165165917780391,0.4950342406904721,0.3224697659658712,0.9195442966696278,0.103173193537974,0.1290414725673327,2.3626553707681624e-05,0.44628483838483,1.1430323001120578e-05,0.4598032857967622,2.8720385358320723e-05,0.4401403395270256
8,8,8,0.25,0.5400535550526862,0.2372856560317132,0.5,0.5790939459899955,0.0001510811736152,5.086062250070098e-06,3.357936094170677e-05,0.0015259495046779,0.8202934841005951,0.9389240186150156,0.0001305861093243,0.9996052668399724,0.448818897637795,0.0851334180432019,0.2051359904993358,0.4583333333333334,0.1278538812785387,0.1372394319026624,0.1996557659208261,0.0842490842490842,0.1367245698194141,0.1187759992942691,0.1656633899722222,0.1956743055445115,0.2666043860299657,0.1151443402252122,0.1259504653176803,0.1649126765828408,0.2476455734996474,0.2998821221045448,0.3736167749859042,0.3409479568665118,0.4055398441563795,0.3286424744677162,0.3857007716255988,0.3359762920303956,0.4270324796444344,0.1794824314804002,0.4885496183206106,7.614076466903508e-05,0.5525525525525524,0.410338225909381,0.787751958211746,0.7065308049363734,0.8447764944582188,0.232537414739778,0.7848658977104201,0.4280864760964172,0.2633664320544759,0.3086466506983112,0.2412950541732454,0.3530351562220849,0.2195817478385735,0.4018425504760807,0.9132042807179576,0.1343339575730587,0.1618629711851159,5.371044601515157e-05,0.4874353754033479,2.1504266960674903e-05,0.5130365683086239,7.651484338783202e-05,0.5388484069283247
8,8,9,0.25,0.7755507390635721,0.5867542280865706,0.5,0.5619090922068792,0.0001336419549312,4.219201352385868e-05,3.9681536578204525e-05,0.0001901074477705,0.9172166474118012,0.9145189665733656,9.38165167121302e-05,0.9999623488506711,0.448818897637795,0.147395171537484,0.1265772994192754,0.8506944444444444,0.1339421613394215,0.212113972281465,0.163511187607573,0.0677655677655677,0.1356681138733889,0.0966487148076307,0.1780599028063993,0.224054799567018,0.2034977486411564,0.0962684339323916,0.1468593529828967,0.2080722279910186,0.2180761074020007,0.3373122170986203,0.4557846102102469,0.4332415104777506,0.4259619985243679,0.3700314224679671,0.4744700535456216,0.4381842282228996,0.4719715555468944,0.3123150192592834,0.4758269720101781,2.976172732480993e-05,0.4444444444444444,0.1423101467772816,0.6673345527890859,0.7824341866348474,0.8620190838818469,0.1795631228782109,0.9039121631367828,0.2674930559629944,0.2766886297128073,0.3624941039504508,0.4527568973785887,0.367797977208928,0.4191895661822823,0.3876865782369855,0.9320187076994888,0.1327174780701528,0.1668827850284681,5.090876625783188e-06,0.3603901245542041,2.262305934207274e-06,0.3161144376467589,4.677948760712041e-05,0.3317720389371851
8,8,10,0.25,0.4947866599534083,0.144263764416666,0.5,0.5694818370227487,0.0001048304117185,3.596038743638046e-05,1.9749674370118904e-05,9.77865734194577e-05,0.8364502343511669,0.925026070439158,5.81608648375427e-05,0.9991726644099482,0.6062992125984249,0.0381194409148665,0.4493914438636733,0.6631944444444444,0.1445966514459664,0.1625007897397018,0.216867469879518,0.194139194139194,0.0586263480030357,0.1582310348425732,0.230689472558819,0.2266153078478928,0.2550131087274141,0.1505107677825267,0.1615087432837857,0.190426071895997,0.2167560953831146,0.351618773898642,0.4607258103516806,0.391489030203127,0.4182568985078798,0.3713733971906169,0.4397229337568414,0.3738757211009871,0.4133190327144656,0.5847506568544492,0.4656488549618321,0.0001296636150099,0.4594594594594595,0.463943841735801,0.7620043549343172,0.669987315035228,0.6227605060254255,0.3040548630257513,0.7566441635772816,0.3844337335225268,0.3815156745033663,0.4761818890792457,0.2080946496928873,0.615200271534479,0.1814381004431231,0.6323438964600359,0.9154553541267476,0.1164525684920344,0.1455527396455208,2.317615610672861e-05,0.4310508576141169,9.3273381128156e-05,0.4633003813988349,4.0782532105579295e-05,0.5220849187637652
8,8,11,0.25,0.6673268278201214,0.4057674310380444,0.75,0.4956966970809713,9.745379853358694e-05,1.4104652731043248e-05,1.9568568590064903e-05,0.0002955497800282,0.8284717162013311,0.9416396560728422,5.489886661595924e-05,0.9997756018716548,0.5196850393700786,0.073697585768742,0.2535786929574769,0.7534722222222223,0.1750380517503804,0.1516641465719168,0.3717728055077451,0.1391941391941391,0.163510598238138,0.1885808257770522,0.2268806787621374,0.2334847562282721,0.2529153861028613,0.1824523359388654,0.176685844444882,0.2060590141913621,0.241340320408817,0.4102709296506285,0.5032959707439373,0.4468111407215308,0.4696658512538776,0.4324908789235723,0.5005342750580691,0.4346933553118005,0.4871545589570213,0.3919800711309515,0.4376590330788804,3.836364841597294e-05,0.4534534534534533,0.5979578813018509,0.8571667851723115,0.7571125189647709,0.8312569686152385,0.2492599561995862,0.8194468008785565,0.3405511125695094,0.3260759762565175,0.4170185907123773,0.4978219944475885,0.1353254776918051,0.4695226075781794,0.1848492619371541,0.9200943667527252,0.1278190120387778,0.159096224912591,5.630320041527045e-06,0.4035783977755645,1.0628795533854182e-05,0.4125982353367186,3.643344744559227e-05,0.3889835448374518
8,8,12,0.25,0.4915553501225192,0.1493323143382535,0.75,0.3494837744390039,0.0001060807264973,2.9591062013391646e-05,1.3060520447766752e-05,7.234361266791591e-05,0.7144121769874799,0.862868838837986,0.0003125000316389,0.9994375825597523,0.448818897637795,0.0482846251588309,0.3152531675771863,0.6805555555555556,0.1461187214611871,0.1643170880443024,0.3528399311531839,0.1373626373626373,0.1565094526795633,0.064821833255291,0.1115316983490766,0.1613289257264995,0.1813213584979317,0.0616126636687662,0.0822226959143235,0.1351369205793834,0.1608574682679278,0.2962457964451236,0.3767221786914498,0.3644648079111178,0.3870837289209606,0.3153882904921067,0.3787591630709027,0.3483283641780284,0.3924292254491572,0.2587399327521864,0.4402035623409669,5.75799470868253e-05,0.5225225225225225,0.3031269942565411,0.7788215002247076,0.8274694305095647,0.921794933114763,0.1341746740659816,0.6693089671218149,0.2308340365352431,0.3088447254313853,0.3665114085358132,0.1846022699164824,0.652015323706298,0.1660654181948269,0.6474449173011728,0.9368560145205664,0.145746733967325,0.1752512969527967,3.148453791017922e-05,0.2609025870245758,3.475539871915374e-05,0.2885099813308969,3.4607715997897855e-05,0.3576995769429715
8,8,13,0.25,0.6480228659513786,0.3574534472671076,0.75,0.5699072443026755,0.0001142629889555,1.37900048835915e-05,2.013275722994948e-05,0.0003126718030186,0.8691494031922768,0.9254146838816036,8.335338065060355e-05,0.9999489019981816,0.448818897637795,0.0597204574332909,0.2707230238685885,0.7395833333333335,0.156773211567732,0.1649731928684175,0.4698795180722889,0.2271062271062271,0.1266311996308636,0.0659781394559928,0.2338799379984477,0.3021832240785146,0.316637255296334,0.0664294385753404,0.2448635867614201,0.3121379725357738,0.3227201800072604,0.3309208574782944,0.5189620020901866,0.5068370561970701,0.5260053539500942,0.365294308241284,0.5774042240419623,0.5301239800030049,0.5643481553048579,0.5493984596148538,0.4707379134860051,0.0001142567023264,0.4444444444444444,0.4907466496490109,0.8112867539470678,0.7011627156772855,0.8031793082234469,0.2865165529007469,0.8568251842393049,0.2745292976268239,0.3503637232904957,0.4303063806968445,0.186808869774163,0.5794628612820356,0.211685711189125,0.5640193270550923,0.9272616896992856,0.1389993282526586,0.1749943131893685,1.2215194225438752e-05,0.3480036683229554,2.722538813498647e-05,0.3530434371463271,1.88120936988618e-05,0.3600859426747976
8,8,14,0.25,0.5258393376041005,0.1982316679626977,0.75,0.6386249496592746,0.0001084037208476,2.700077526231008e-06,1.7149747548305845e-05,0.0014668265617432,0.8866832095904797,0.9281369779405896,0.0002269855415038,0.9994419769684206,0.448818897637795,0.0724269377382464,0.2336145707780902,0.7534722222222223,0.1324200913242008,0.1941045335231093,0.36144578313253,0.1703296703296702,0.1285235529411105,0.0924946157929067,0.1348566074931206,0.1798217718360305,0.2191309979978269,0.0880363997707657,0.1007823788084583,0.1418160281277651,0.1978161508341591,0.3057302363252319,0.38123932255236,0.3637140722358069,0.4008992936671147,0.3258222235074068,0.3839849246176064,0.3404419705212848,0.408761165966059,0.3927832706634406,0.4707379134860051,5.75799470868253e-05,0.5105105105105104,0.2495213784301213,0.8714789121762845,0.7896856918298356,0.8457421191799828,0.2530078318267929,0.7447266987567573,0.3409785394929011,0.323686644483435,0.4087141090888408,0.362452598726277,0.4343677911687339,0.3450983454303358,0.4674579120500037,0.9256137465975138,0.1064882797237534,0.1295410664283443,2.530934772841444e-05,0.4306720928177897,2.0763164988427523e-05,0.378972809017413,2.0187566538697403e-05,0.4039621137545353
8,8,15,0.25,0.4963031770071664,0.1525930634944313,0.25,0.5675689869426319,8.924288557898374e-05,2.276861686605716e-05,1.340441866979786e-05,0.000107111754337,0.8102653570181428,0.9077717358316896,1.8134707864272463e-05,0.9997074380013546,0.448818897637795,0.0609911054637864,0.2665137068016065,0.8263888888888886,0.1308980213089801,0.2112540163904833,0.2134251290877796,0.1886446886446885,0.05973134102576,0.1237604175677652,0.1169141086941296,0.1764903575330834,0.1787707802975862,0.1212825797394296,0.0894911793575518,0.1543119992643204,0.1879825978914465,0.3833162181008704,0.442733773478744,0.4327919266230265,0.446927474213071,0.4080186954334498,0.4486792382617239,0.4216632081627771,0.4775004621161263,0.508929117265994,0.4402035623409669,2.758743829269105e-05,0.4444444444444444,0.410338225909381,0.7818893567823677,0.8702234431684843,0.9464783690122216,0.2112811987767195,0.6846440428875896,0.1652313184452527,0.1373840548666611,0.176145238228577,0.0394937618810748,0.5200837993797932,0.049817192183205,0.5571846623200833,0.9407839330451292,0.2082307205926461,0.2538182078670814,2.0505077180364147e-06,0.1493534180067923,5.474980292456959e-06,0.2618835562335025,7.923024655949312e-06,0.2554009907589785
8,8,16,0.25,0.7518239220788266,0.5545820265567708,0.25,0.5926117317692827,0.0001050766826789,1.6955680011472268e-05,2.0647679828672568e-05,0.0002555239305216,0.8787555126139928,0.926672156223586,4.9464422117261e-05,0.9998266678526402,0.448818897637795,0.0355781448538754,0.3847328244274808,0.5833333333333335,0.1019786910197868,0.1979934367120969,0.4130808950086058,0.2124542124542124,0.1173562108089523,0.0609507286453289,0.0870006464912019,0.1467120630017133,0.1449330848841408,0.0606424136199415,0.0716183843717655,0.1227835160841925,0.1505646138599703,0.3243864099854388,0.3970511819419625,0.3915351371447177,0.4012246503974121,0.3556592685422118,0.4191533772162241,0.3858733665991377,0.4372438303664208,0.362987537779766,0.430025445292621,4.94478793217444e-05,0.4504504504504503,0.410338225909381,0.6874474963116564,0.70979899480795,0.8733879522083474,0.2125273442001426,0.814398382286952,0.2167334826864885,0.1650153531208043,0.216656485128684,0.2440014212495778,0.6248192579091086,0.244487555015072,0.6527687315890354,0.9482398861811222,0.1220696943118176,0.1417447108131861,4.553051033607608e-06,0.2074883922685654,1.938059519665818e-06,0.2146520398358537,2.0403922123752005e-05,0.303523251113474
8,8,17,0.25,0.6546559980550246,0.3894058781831327,0.5,0.5641224433288052,0.0001412627719625,1.2395451041933174e-05,2.1904285065901276e-05,0.0003851460750758,0.8267501970865752,0.9263844246634084,4.726200211798098e-05,0.999596062882734,0.448818897637795,0.0495552731893265,0.3096229195220762,0.5868055555555554,0.2237442922374428,0.098694389004083,0.3149741824440618,0.1904761904761904,0.0964002813877968,0.08069721199418,0.1331609813071358,0.2048439798422586,0.2287499171456334,0.0767022116108282,0.1128646482265547,0.1670058261176714,0.2184583674233169,0.2763260922777044,0.3542531172177234,0.3620547496930252,0.3847538107326924,0.2972019493001553,0.375131156584628,0.3424252520189667,0.4046024650162155,0.4236873144922826,0.4732824427480916,0.0001113593058952,0.4504504504504503,0.3299298021697512,0.8081014933989072,0.858837028198379,0.934308844419122,0.0893915431537102,0.8723442263580732,0.3702318320158768,0.3341772813690282,0.4194040516578616,0.2633423134141933,0.5812195165012329,0.2444159809702763,0.6152958585763144,0.9216569687790904,0.1049544923019955,0.127565937111746,0.0001652757212573,0.4493896604536836,6.25120419154143e-05,0.471464270156139,5.9561602759197854e-05,0.4574594514409593
8,8,18,0.25,0.6077558842029355,0.2891362239595978,0.75,0.5931276323417253,0.000157150954493,4.712477595207733e-05,3.9625952731466806e-05,0.000166601576158,0.9331840015717516,0.9371765210458785,8.738313656426405e-05,0.999947572645116,0.5196850393700786,0.073697585768742,0.2535786929574769,0.5486111111111109,0.263318112633181,0.0797518637856962,0.3476764199655764,0.205128205128205,0.0994777255685259,0.2080704705822942,0.1725623870540037,0.2006763385412745,0.2372831082228781,0.2181131352482958,0.1085889270078789,0.1878160590233068,0.2466581292615569,0.3985527867304579,0.4120910794143186,0.3767069346299871,0.4111647018885194,0.4509959421487381,0.4201377630961365,0.4061435816052705,0.4762610841516406,0.4797649516064939,0.4732824427480916,9.56380486065352e-05,0.4774774774774775,0.4907466496490109,0.7441295871413849,0.7217955372828548,0.8344023059811136,0.269976984242825,0.8790342275588314,0.2830579677959711,0.2871053627464173,0.3488506786225382,0.371593732396364,0.7357870204012583,0.378730334913071,0.7405699082370747,0.926311546633568,0.1515528149449391,0.1772486309363868,1.8845846140552677e-05,0.3021861790385076,1.0509121494931422e-05,0.286394985023393,4.634428735503783e-05,0.3890739197247062
8,8,19,0.25,0.7348800583893027,0.5329506989564947,0.25,0.4930375806247071,0.0001237365973591,7.672299364807573e-06,2.4151254825379232e-05,0.0007109189086929,0.8386073945603213,0.9197864644795688,7.640238680085467e-05,0.999741085504715,0.448818897637795,0.0597204574332909,0.2707230238685885,0.5868055555555554,0.1004566210045661,0.2013236966507603,0.2960413080895008,0.1355311355311355,0.1308298518597084,0.0284103130114906,0.1212179757470511,0.162734943764584,0.1980467183306765,0.0273341846366218,0.098810331912508,0.1345811571564841,0.1917609837189967,0.2607166374787886,0.377618776989551,0.3581293571851384,0.3925848096230075,0.2848322278888205,0.3934423653874043,0.345357981473171,0.4154051803364638,0.2386011144343744,0.4758269720101781,0.0001142567023264,0.4384384384384383,0.3567326100829611,0.7691596438160846,0.6892207321373576,0.7062938138394683,0.3178791410086996,0.8985473560707097,0.3075722408546045,0.277029018552134,0.3497234825375104,0.2473089581182673,0.4205443340918503,0.2317934157505563,0.4773724742238824,0.9315940341222988,0.110205051040132,0.1269769873660526,2.230036916738634e-05,0.4138614166098359,9.381180624244254e-06,0.3245550161610359,3.249575014762005e-05,0.4327190251674696
8,9,0,0.25,0.578527845415505,0.2314759396516785,0.5,0.5245906259700179,7.603020274845555e-05,3.796731381013442e-06,1.748320390526768e-05,0.0010546841728447,0.7624834661414348,0.9172424402551048,0.0001940148742087,0.999915670208956,0.448818897637795,0.073697585768742,0.2304338462274761,0.7083333333333335,0.0730593607305935,0.2975703834881695,0.3769363166953529,0.086080586080586,0.2568083956842777,0.0796983091881142,0.0945846797130452,0.1210649943759502,0.0885554913267258,0.0790618240047257,0.083289868079021,0.102034695688596,0.1010756547852319,0.3688062072035414,0.4468016677887449,0.4156517236471484,0.4105451347496705,0.3957255352332444,0.4640777356794025,0.4056599220378642,0.4430127672252786,0.4968428535806621,0.4071246819338422,1.2869081359142566e-05,0.4474474474474476,0.5979578813018509,0.7758528081029978,0.7768180065077397,0.939126375268566,0.2254271679346609,0.7297997461954364,0.0967290431007091,0.1804989981584559,0.1933337778350785,0.168373906249498,0.6296480283555735,0.1679780878542497,0.6406432413712916,0.971197975183806,0.1677886581059353,0.1823886569215324,2.514602419745232e-06,0.1080374579522098,1.7706434912569647e-06,0.1243507840322361,5.991690611106062e-06,0.1460091833993975
8,9,1,0.25,0.6258544891546374,0.3048665893822712,0.75,0.4004531454063308,7.387800205940004e-05,1.863429778095216e-05,9.108789118176824e-06,8.3541178749972e-05,0.8129433051258128,0.8812459389619686,2.9547093034486863e-05,0.9996322442913927,0.448818897637795,0.0355781448538754,0.3847328244274808,0.71875,0.1324200913242008,0.18692758772369,0.3786574870912219,0.0842490842490842,0.2626189033874163,0.0188566875970355,0.0935243718773325,0.1340253626744613,0.1470860136415467,0.0184672491045746,0.0817786869061646,0.1133133604836597,0.1559095962119872,0.3363390431629872,0.4531939181766335,0.4307846231137069,0.4546260648980442,0.3598845736189862,0.4652461593883149,0.4154389623268114,0.4801377324265883,0.4011813970931213,0.4274809160305344,5.75799470868253e-05,0.3963963963963965,0.4371410338225909,0.8503524357943109,0.944983030538638,0.9851262206457738,0.0538117239962334,0.7504421883145411,0.1396187803991148,0.0822606552138642,0.1185614672440047,0.1673062235165362,0.601891552873888,0.1590889049812419,0.6221702688416695,0.9596532291097548,0.1619771570030271,0.1802861487236988,1.282248482704291e-06,0.1301597487497122,4.3232121692225706e-06,0.1898731395217163,1.0775603336233934e-05,0.2053750712271339
8,9,2,0.25,0.6852700086016483,0.4189867726974493,0.5,0.5736449580780052,7.334458028292072e-05,3.6197625038376174e-06,1.1474362296948292e-05,0.0007161401630896,0.9082638567566464,0.9289523183066982,1.3849205683703563e-05,0.9997243360705206,0.590551181102362,0.0711562897077509,0.2844041999356556,0.6770833333333333,0.2085235920852359,0.1182773407884761,0.5697074010327022,0.1208791208791208,0.2935160475231529,0.0603092237184107,0.1022691873435603,0.140441125375856,0.1612997708989295,0.0619842549144131,0.0833813058660857,0.130400378698114,0.1734471521278483,0.3658860464075588,0.4645392561996169,0.4398030059279326,0.4686378281368207,0.4008173525495474,0.4833471351598489,0.442645111839638,0.5082961751958708,0.6066549922497253,0.4249363867684478,1.982179439733645e-05,0.3963963963963965,0.6247606892150608,0.8111008614629527,0.920543719527541,0.96485867875958,0.0467884419472655,0.7901703814592753,0.1803158956929507,0.1422682950202429,0.1751193892499296,0.1907327305820655,0.4626199999912578,0.213584305214717,0.4626399307140072,0.9575777132843268,0.1276754246545572,0.1538203219508851,2.9668714657095096e-06,0.1714243868429697,1.912593090621969e-06,0.1752999565906193,3.790930481296115e-06,0.2004204606845956
8,9,3,0.25,0.7220548385162199,0.4719397444615023,0.5,0.4968297821197932,7.987501511242663e-05,1.994995872670416e-05,1.377601817388502e-05,0.0001311322049996,0.904785226014248,0.9133596690192124,2.318727979520508e-05,0.9997944613767772,0.52755905511811,0.0749682337992375,0.2527214764119213,0.1944444444444444,0.1354642313546423,0.0769342480274057,0.2650602409638553,0.053113553113553,0.2624128570149645,0.0847910680207635,0.151042451754069,0.1703138918314757,0.1979993268341049,0.0844672246002276,0.1230539523708941,0.1473758516592678,0.2065416643144361,0.3549357108169448,0.465940797431824,0.4257355550573647,0.4567981055803929,0.384830974530255,0.4791972399436575,0.4187071309197083,0.4921499930076619,0.2419658693874591,0.4580152671755724,2.033851903821894e-05,0.4954954954954955,0.2495213784301213,0.7976212053396194,0.7815511116425382,0.8755144062778997,0.2675098158822833,0.852082373793619,0.2168705046685137,0.2482405006893269,0.3243802856361237,0.5193113309694596,0.6589890738818472,0.5304668899327393,0.6760201877456002,0.9414641139252105,0.1328695052943938,0.1584669165645253,6.548033370144872e-06,0.2218809249897011,2.6145391972537456e-06,0.2203435218377,3.977354940089e-06,0.2689097270819466
8,9,4,0.25,0.6557865513876224,0.386924564233325,0.5,0.4989771575633059,6.865623942053697e-05,1.0939308459053631e-05,7.4570730942162434e-06,0.0001290476828595,0.7486669949711166,0.8816798874986453,0.0001063192283455,0.999655813538729,0.5196850393700786,0.036848792884371,0.4136103068058846,0.6215277777777779,0.0578386605783865,0.3179886909274704,0.4165232358003441,0.1904761904761904,0.1338669430801656,0.2300891390491661,0.1506265562228908,0.1818354890977422,0.1697315317644775,0.2241658804341342,0.1144509385826817,0.1633131396129098,0.1756662452115939,0.457875992517644,0.4751711878297625,0.4430371607339344,0.448378119877876,0.479542904866874,0.4741384333368755,0.4320652786658266,0.4738007692640602,0.3619670801293972,0.4223918575063615,3.646452393555082e-05,0.4534534534534533,0.3567326100829611,0.8227230210925272,0.8127008273579266,0.9000888444823083,0.1997978417613559,0.6808269281186279,0.2306481237357831,0.2361942575929223,0.3065732169169211,0.2175901182840192,0.5318754189322757,0.1700663553463423,0.5463756548966268,0.9441213314111796,0.1172281860093851,0.1411615636086536,5.822540391993495e-06,0.2627680341303797,3.1262899403472183e-06,0.2325635025225478,1.818722477249008e-05,0.2963342234446511
8,9,5,0.25,0.5004764902693062,0.1553202471328699,0.5,0.5284161516113804,6.972616023659313e-05,2.471610396488896e-06,9.962831336477455e-06,0.0009192927930886,0.6159134887311548,0.9222097147442574,3.717284871065736e-05,0.9994460942239534,0.5196850393700786,0.0482846251588309,0.346519013159819,0.5798611111111112,0.1308980213089801,0.1598124029748366,0.4440619621342513,0.2454212454212454,0.1081817249618914,0.0520769803083785,0.1634531283630484,0.2079294210394447,0.2642906550153736,0.0511034098764824,0.1455033219884753,0.1888461621027185,0.2566048014719913,0.3194082056863362,0.4605495373666296,0.4373729305578659,0.4874212185895286,0.3465308980543625,0.4828031098973238,0.4327090896549277,0.5103843047817299,0.4568836915032617,0.4274809160305344,9.56380486065352e-05,0.4414414414414415,0.3567326100829611,0.8695210766969685,0.7589188974765078,0.8541476447265706,0.2556040453116875,0.6625648691212567,0.3116983912127969,0.366268638535784,0.4529471062604915,0.6310361411336773,0.6231284206255531,0.6399462504115745,0.6385233063837447,0.9270716503725344,0.1112396996287015,0.1352601250519863,2.6995918447245708e-05,0.3023952801443067,1.3052290288133386e-05,0.313374769401946,2.4863171112464573e-05,0.3919166562874393
8,9,6,0.25,0.4704785414243688,0.1239429473735437,0.5,0.3029761658993081,7.024148324289455e-05,1.1074892666520917e-05,8.573614814313444e-06,0.0001508653500493,0.5392085132430329,0.907152457110078,9.977288016725794e-05,0.9990493098460788,0.8031496062992125,0.0597204574332909,0.4057346297935927,0.7951388888888891,0.1141552511415524,0.2297449409610762,0.5283993115318416,0.2106227106227104,0.1575491964246476,0.071305739409764,0.1393781838521803,0.2166587023947356,0.2588094744813832,0.0686771775819004,0.1199780201983306,0.1931662964204054,0.2549556836039732,0.3126199953768609,0.4157528120060267,0.42132563025335,0.4607450969014279,0.3354014530842398,0.4336385098381016,0.41252769066946,0.4848663525815881,0.446063494963,0.4045801526717558,0.0001435083472153,0.4684684684684683,0.3835354179961712,0.8854788610102404,0.9066413428458392,0.9056120772642888,0.1576821230557456,0.6748347597008864,0.3501597638248753,0.4049995316098231,0.5023031776898672,0.3686788720442123,0.7281179713930901,0.3575262931911553,0.742110186233256,0.9176762232881792,0.1256653152219599,0.151674207763215,1.735302268702415e-05,0.4022652680720804,1.4645101922156797e-05,0.4530591501282019,1.4364927404449866e-05,0.3979302277970483
8,9,7,0.25,0.5470871438027416,0.2014251570605993,0.25,0.6131160627220572,7.759082666357769e-05,1.696386558945041e-05,2.121047147449786e-05,0.000263212792231,0.7648775399509572,0.9455463447952336,0.0008372065819352,0.9997022552215942,0.448818897637795,0.0482846251588309,0.3152531675771863,0.6840277777777779,0.0867579908675798,0.2542586713419256,0.2117039586919105,0.1043956043956043,0.1183891899561769,0.1202213545784894,0.1276415257691947,0.1527179852057451,0.1710006269924008,0.1252389395999999,0.1049155412926055,0.1352112365558515,0.1875173547071613,0.3891474573734688,0.4629011436420691,0.4284303008042437,0.4543454619361055,0.4291894666951309,0.4874242807247442,0.4337826532864656,0.5041499221882073,0.2620164226523629,0.4605597964376591,1.5372315329691105e-05,0.3873873873873872,0.3835354179961712,0.8132912952729172,0.7995686589107791,0.9365235841452502,0.2472020962175143,0.7872171148813095,0.1977963267403313,0.2020141234760255,0.252432370935179,0.3917595008821098,0.2814600723149318,0.4117305308027694,0.2879232411657586,0.9445070789915492,0.1495943321268698,0.1745077481321778,1.0530429461234892e-05,0.2421452018811035,4.334010752638762e-06,0.2096050050989513,1.2858465173158103e-05,0.3014290561835753
8,9,8,0.25,0.6643370932343167,0.3893901234984038,0.75,0.5561241407612803,7.385403674396802e-05,2.6991169967147268e-06,1.790533344979231e-05,0.001533408292065,0.8570982951301452,0.9518536416172614,0.0011046412447884,0.9997420692255776,0.448818897637795,0.099110546378653,0.1805915646096051,0.8229166666666667,0.1765601217656012,0.1617444823519501,0.2409638554216865,0.0677655677655677,0.1990554706349004,0.0484057431950365,0.1002525191325774,0.1499941873810484,0.1537224367649088,0.047611629720617,0.0828197160070403,0.1192222406450608,0.1631143166102138,0.3324071410957446,0.4295232920294445,0.4142450679441302,0.4296790222664514,0.3588460396902448,0.4436521644883736,0.3973983698524213,0.4612885595903876,0.24816855494536,0.4249363867684478,2.0855243679101422e-05,0.4024024024024022,0.1423101467772816,0.8577050692390977,0.8997152931147143,0.9686068908911714,0.1712542472110301,0.8063032630580156,0.1756838924049237,0.1136371503948985,0.154769272394073,0.0874167770176152,0.4576349841023546,0.0633115984329699,0.4852620109269193,0.9509767728175118,0.156510185937872,0.1917488315329307,2.30418950459228e-06,0.1930728184776396,1.6809215289909094e-06,0.2060306428185538,1.8302758259252796e-05,0.2602900335582383
8,9,9,0.25,0.5991795997651521,0.2823856076486475,0.75,0.2131511061253507,6.112802816632153e-05,1.4918350750328569e-05,5.75347027905236e-06,5.920425617282671e-05,0.7722251471715585,0.8929268099123648,2.5764567795657824e-05,0.9985803989055384,0.448818897637795,0.087674714104193,0.2002169629966418,0.8437500000000002,0.1187214611872145,0.2333409701976661,0.4681583476764199,0.1172161172161171,0.2458487388783578,0.1240520479657932,0.1319384065597833,0.1761346714713474,0.1861252810387855,0.1217941803603224,0.0958622387948117,0.160475043590952,0.193863948853286,0.3747628782108857,0.441391902831472,0.4203846824181673,0.4386347977890161,0.4009127229593066,0.4436318749230278,0.4164820992429551,0.4709222227722897,0.3984868207662599,0.4096692111959289,6.704813906283385e-05,0.4474474474474476,0.5979578813018509,0.7973901772690084,0.7817484156918475,0.9263776338779764,0.181016787860744,0.7270163093394353,0.2442344913456091,0.2073069613655944,0.2733762589353943,0.2688040634963634,0.5589649583666776,0.2428410485418382,0.5740031092456178,0.9458988404339674,0.0955913357582802,0.115285966676135,8.383834623628447e-06,0.3115686859159948,4.230671423121563e-06,0.2839887187142657,1.9550196876201645e-05,0.2959132614950107
8,9,10,0.25,0.835835431573597,0.7027313407841305,0.25,0.5313695676840432,8.577765980573433e-05,9.648894564070865e-06,2.274641189262741e-05,0.0005244205126775,0.941099416848104,0.9281564252230162,0.0001047095437082,0.999941625476244,0.448818897637795,0.124523506988564,0.1477893792713482,0.6180555555555556,0.0745814307458142,0.2639742117468671,0.3907056798623063,0.1208791208791208,0.1975965552808657,0.1169452373417413,0.1199447825194643,0.1485242437163955,0.1487507862116647,0.1149277297847183,0.1024244835454049,0.1297515270121043,0.1549082165063585,0.3891763752409647,0.4604034113202716,0.4287708498269361,0.443425237236956,0.41363928997487,0.4730536291693913,0.4177054576862155,0.4700517678479702,0.4640841713606165,0.4783715012722647,1.790566117483194e-05,0.4024024024024022,0.7319719208679003,0.7120299387955003,0.7962165104580166,0.91283019979144,0.138217781041232,0.9040307314493994,0.1972767773501874,0.1906103104994214,0.2574979388417699,0.253496762080605,0.4408753380593035,0.2273952253706363,0.4647062332146778,0.9531324685562024,0.1085773832351781,0.1296662090434193,2.7485828637933654e-06,0.1932822041947217,2.152825626308434e-06,0.2129899558008849,1.5888372239379367e-05,0.272741384741075
8,9,11,0.25,0.5479312912713629,0.2386627328352265,0.25,0.3947732991112078,6.234072448822053e-05,1.225849076707458e-06,5.558376211909668e-06,0.0010381040312687,0.7390999877849167,0.9142978357556766,8.879466564784357e-05,0.9969906773658244,0.590551181102362,0.0851334180432019,0.2465814137135231,0.7395833333333335,0.1293759512937594,0.1950844626611069,0.5576592082616179,0.1575091575091574,0.2246271222515103,0.0911630130807554,0.1848626504151808,0.25740080068945,0.2772009739384923,0.0899642303398438,0.1595490019609991,0.2410255528792994,0.2840591591906904,0.3643467072171462,0.4979236074784376,0.4909895993798088,0.5159345258334928,0.3910054555408943,0.5126277948372345,0.4869385355151792,0.5469420811796226,0.268137379014485,0.4223918575063615,4.7000712690394165e-05,0.4684684684684683,0.3031269942565411,0.8554851944693183,0.6441056049944551,0.7411627049815683,0.3516211708519712,0.7153313934020034,0.3062051846750812,0.2937014005475771,0.3870847337859122,0.492268087652574,0.7642750966700095,0.4390819856371584,0.7544267043368793,0.9263573233975304,0.1291161976333653,0.1565364619281254,5.29887926566419e-06,0.3610136023594893,1.8592537572190068e-05,0.3922018804734804,8.389245105821885e-06,0.359686926220187
8,9,12,0.25,0.7837448278608284,0.6069389195064882,0.5,0.5044636654772587,6.947157193481751e-05,5.305604245575074e-05,1.2674273956139574e-05,2.456860200811433e-05,0.9161412990739832,0.9020585974466576,0.0006148444964222,0.9996940702119888,0.448818897637795,0.050825921219822,0.3041835273332411,0.7430555555555554,0.1171993911719938,0.2128842083649229,0.4216867469879516,0.1007326007326007,0.2521387639228513,0.1041776746729775,0.1187910938755717,0.1679050165988847,0.2153250632712356,0.1008674891392674,0.0962828799313294,0.1441443525777352,0.2017389242884419,0.3664735876241873,0.4388785640427934,0.4219721163010659,0.4663622349862951,0.3882287617738017,0.4465871413267318,0.4069239727837547,0.4790341435981102,0.5843212047622748,0.4274809160305344,5.202233585796712e-05,0.4474474474474476,0.4907466496490109,0.8436791480171455,0.8552591834584371,0.944834469685985,0.1818996252575734,0.803884519375494,0.2013964484046828,0.2051718598368983,0.2655605900484965,0.1239573440993471,0.6039579369024662,0.0930360995083542,0.5934890790414397,0.9452253847940671,0.1454939309985254,0.1806391135565451,7.005544564109861e-06,0.2272495131743483,9.580996030664098e-06,0.2533122407410084,9.543613045047055e-06,0.2607852758741939
8,9,13,0.25,0.5165629741226021,0.184419446114603,0.75,0.4591413174560181,7.622301175911414e-05,2.187629669740253e-05,9.423632929606982e-06,6.984428375120271e-05,0.8317662011782649,0.8887507566115376,3.4426119685884974e-05,0.9985077250694052,0.5196850393700786,0.036848792884371,0.4136103068058846,0.7430555555555556,0.0273972602739725,0.5667044034178226,0.3803786574870911,0.2802197802197802,0.0752215350668949,0.1147633573208814,0.1261730840729497,0.1746673519562762,0.1503346884376888,0.1083898684424053,0.0897536353870718,0.1574838245968076,0.1414083934361964,0.3449165517794173,0.4031001549730654,0.3876205476042537,0.3770286857096664,0.360843951293147,0.3961882917222374,0.3763190907536485,0.3870662849291064,0.4227586575494131,0.4071246819338422,2.0855243679101422e-05,0.4144144144144144,0.4907466496490109,0.8102789168812032,0.74531233982374,0.8784373675617698,0.2134202953053482,0.6770857058216173,0.1967707869480967,0.2698468364407247,0.3547525908961813,0.1079223502257718,0.5437187352531735,0.1131434858571882,0.5529728902745852,0.9463067143133286,0.1258084201629762,0.1565982114597973,1.918158246224212e-06,0.2422141163365933,6.792790571164125e-06,0.2578855152599547,1.623034708844978e-05,0.3295240752890122
8,9,14,0.25,0.5539269061146486,0.225921265858864,0.5,0.4810366253987473,6.400720247217952e-05,2.782287361956519e-05,1.7700823699695515e-05,0.000118311822483,0.6653290080562279,0.9127086337386486,0.0001639975872568,0.9988029338913388,0.5984251968503935,0.124523506988564,0.1799459896853948,0.6319444444444444,0.0593607305936072,0.3162858487359807,0.316695352839931,0.1007326007326007,0.1874006872303487,0.1246320897336566,0.1284336305714162,0.2138664369509613,0.2732360345393852,0.1175419318704296,0.1100893626704392,0.1905812799120563,0.2444871544152102,0.322279709141899,0.3604659314188395,0.379564593985951,0.4329179707864565,0.3392634998430238,0.378372781709392,0.3706343995845639,0.4344396110621011,0.5204527241759238,0.4707379134860051,0.0002637578846262,0.5075075075075075,0.4371410338225909,0.8849247095394484,0.7739040145808733,0.8430316631927295,0.221571333676229,0.6897043412525968,0.3991605546858885,0.3413965199465985,0.4107106166326248,0.2629593177440367,0.4477335785747054,0.2642994660360025,0.4652282656860473,0.9198431665701984,0.0992406381964975,0.1171152149315313,5.6084637141849534e-05,0.5515875869611534,4.329246956373237e-05,0.4963996110533538,7.271660262670945e-05,0.5005405114115181
8,9,15,0.25,0.5594219621916887,0.2113474460153475,0.75,0.607671703753296,7.895402342516161e-05,2.9259008405616247e-06,1.4217017707208466e-05,0.0011146717793665,0.877983942988791,0.9506241981546288,8.290462187490749e-05,0.9999356861939156,0.448818897637795,0.036848792884371,0.3764821151765083,0.8298611111111114,0.156773211567732,0.1811860310841546,0.1772805507745266,0.1208791208791208,0.0832310068381386,0.1268552719764628,0.134166391745208,0.1955031881682513,0.2701932487422796,0.1277463776372089,0.1195704582730224,0.1864422055397902,0.2732316542801856,0.3965936335303753,0.4723357986309605,0.4608040460036864,0.5222221332254118,0.4273089051662281,0.4941995802057459,0.4626048465628365,0.5529489603470964,0.5296924387428597,0.4325699745547074,7.807198464359693e-05,0.4564564564564565,0.463943841735801,0.815462424100529,0.8184414916756966,0.9267713715028472,0.2149324672752636,0.772011385512586,0.1937951585038355,0.224300583962002,0.2808699644360488,0.1003901009935658,0.4733175442414193,0.1187083228931975,0.4808642264976066,0.9170925794856516,0.2370005434802117,0.2913366220729509,3.662580094954602e-06,0.1837448168150579,1.5580812235629978e-05,0.311384057317279,1.5004684689663352e-05,0.3382491929676404
8,9,16,0.25,0.6523617160236108,0.3864852414792312,0.5,0.4772154732644975,7.889007639622477e-05,1.7292677619927705e-05,1.2828553023824165e-05,0.0001432413993654,0.8798492007883377,0.938389192600498,0.0002686630815291,0.9988048846793054,0.4330708661417323,0.0355781448538754,0.3763065681711686,0.4340277777777778,0.1293759512937594,0.1307127795678544,0.4905335628227193,0.2124542124542124,0.143373409479722,0.1520435511790646,0.185739150975827,0.2299933994422085,0.2732126126846285,0.1487304484710507,0.1600967065770141,0.1973728484252818,0.265141936044981,0.3826140556630335,0.4677590846050142,0.4429753103493341,0.4832061352759078,0.4087054355042153,0.4866256068538855,0.4296280907108882,0.5068256703917389,0.5350655248601779,0.4173027989821884,9.812657272818432e-05,0.4684684684684683,0.410338225909381,0.7736127491271758,0.7718481065018299,0.8860045461329205,0.1821996978189531,0.6985800898699619,0.3988325461108497,0.3833316935160202,0.4842885058650696,0.6328768668928402,0.7605090075698229,0.6929266486989661,0.7666578213306527,0.9184840391198626,0.0890725503443807,0.110259764192992,4.207347854298339e-05,0.4304682868291783,2.71859839713546e-05,0.4186088349794351,4.607838120688615e-05,0.4158191057461649
8,9,17,0.25,0.5325603661458675,0.1911905138485255,0.75,0.3972764309207634,6.520606272790176e-05,6.4440145065627225e-06,1.2372100977911696e-05,0.0004212080616228,0.5805442660455686,0.9151820517324212,0.0010199117228007,0.9994666245362208,0.448818897637795,0.0724269377382464,0.2336145707780902,0.8819444444444449,0.0441400304414002,0.4981678038918374,0.3872633390705678,0.2252747252747251,0.1014219580060191,0.0646602466832602,0.1177864999420076,0.1475584565751172,0.1292265897531653,0.0632603824769337,0.0917039861264492,0.1330270286696398,0.1346677660678927,0.3214163403606178,0.4148127359463228,0.3851070733471244,0.3820640872669842,0.3481291302746553,0.4259248855671554,0.3826772662070799,0.4132372131273276,0.3329825891388411,0.4325699745547074,5.202233585796712e-05,0.4624624624624625,0.410338225909381,0.7352260630581102,0.83353909537355,0.8786386612011561,0.2139832273642847,0.6779068458407792,0.2133993629960384,0.2164085186984352,0.2715265551672878,0.2326297132274828,0.679381895315545,0.2467309226690951,0.7068825928065072,0.9472794297787844,0.1231892721271607,0.1489245221864965,3.287002871543069e-05,0.2624808880376166,1.246376490928006e-05,0.2677114091033374,9.132312829801124e-06,0.293999431446785
8,9,18,0.25,0.713589840380022,0.4826652974800906,0.5,0.3608845936489384,6.96206168157948e-05,1.4397292199234724e-05,1.3801181750532536e-05,0.0001943816167411,0.6863629749509534,0.9030547013894394,0.0002372264100012,0.9995704608585804,0.448818897637795,0.0749682337992375,0.2273346787166212,0.7777777777777779,0.1019786910197868,0.2475310532997162,0.3803786574870911,0.0512820512820512,0.3817764164300403,0.0800413138729558,0.105082585422359,0.1366236555657671,0.1361724133298216,0.0794982895406761,0.084455369310561,0.1173469643438451,0.1532076092512321,0.3579259571701758,0.4390919177226686,0.4108243521549494,0.4242101066810391,0.3863568660881029,0.4527235383163476,0.4036478721072751,0.4627925630615832,0.2565158443207718,0.4325699745547074,8.641003165663185e-05,0.4294294294294294,0.410338225909381,0.780805498485249,0.8902347489694558,0.9340292909651252,0.0585289313210101,0.7489058614435264,0.1649841860208685,0.2613347668676213,0.3061139604709511,0.1935207620789611,0.4485629052654604,0.1640864759016975,0.4747911263680691,0.9574926009917052,0.1223227692005383,0.1498450912847576,3.48871749246278e-06,0.1995087081629838,2.0633862524704613e-06,0.1869160830965521,5.055823658619102e-06,0.2538552371449188
8,9,19,0.25,0.4470751229140294,0.1055524818656279,0.25,0.4344159908938164,5.964239178008856e-05,4.374659181429155e-06,5.029802949814144e-06,0.0002394998256956,0.7246514386849106,0.9010807441193196,0.0012733312196161,0.9970502986097192,0.5196850393700786,0.0381194409148665,0.404938643001291,0.9270833333333336,0.0745814307458142,0.3635437803817508,0.3924268502581756,0.2252747252747251,0.1030703289856329,0.0661690125207198,0.0964673549841239,0.1631262616518969,0.146165200427517,0.0648805393112078,0.0777871492087864,0.1389634522197383,0.1556998748481293,0.3557945640981551,0.4421053127749245,0.4371860486599841,0.4405330539479664,0.3801551233799083,0.4514145657373325,0.4224129681781227,0.4688361143864949,0.2904141214955111,0.3969465648854963,8.213533024720392e-05,0.4504504504504503,0.4371410338225909,0.6448111274089556,0.709443386647707,0.7785456038395959,0.2471640004485446,0.6540676389461698,0.1735314363362598,0.2212885777852213,0.2780601235948854,0.1804915471491779,0.5436999317674919,0.1718646799536686,0.5324824794901372,0.9557447149598371,0.1218937185366883,0.1503165247899059,6.502071168639446e-06,0.2418737415301529,2.547589354034341e-06,0.1864286596995113,1.585890186055285e-05,0.2523758127787524
9,8,0,0.25,0.7028794748959699,0.4527580247877116,0.75,0.4040183729814619,4.827352372317155e-05,3.243153918932493e-06,1.1437718723462704e-05,0.0008003277435072,0.8630526626643942,0.8297652969839904,1.1425847426014974e-05,0.9997359458794158,0.5196850393700786,0.025412960609911,0.5116668129039806,0.6076388888888891,0.1765601217656012,0.1268060469491478,0.3270223752151462,0.1208791208791208,0.1634713513100519,0.0949383553615212,0.1114023291877763,0.1275444049140046,0.1498669373499017,0.0946674903148945,0.0939670010282301,0.1120982467346443,0.1548567477326314,0.3949175279601571,0.4821353175792284,0.4431604102750135,0.4736289406193485,0.4211450766615676,0.49278677259894,0.4331175794490776,0.4991925589545322,0.5524964790085432,0.4325699745547074,3.741408617576188e-05,0.4234234234234234,0.5443522654754309,0.8448125811005598,0.878498284444376,0.9585758198390804,0.1803669997258692,0.7813773039689795,0.1556116081535116,0.1373594682715739,0.1804532892577994,0.5313107303469291,0.591427305701081,0.5037339639157206,0.5815611428570329,0.961769556036887,0.1215564624603171,0.1521098135139899,5.207471230055662e-06,0.1700932667987661,2.541095307880129e-06,0.1667196286052655,3.166172000200756e-06,0.158751512353711
9,8,1,0.25,0.5352078365189222,0.224067596861871,0.5,0.2802351706910158,4.90407518006559e-05,8.785536128768617e-07,3.5866596608037704e-06,0.0009315263468921,0.5986622175960576,0.7888182553480232,2.316638865519937e-05,0.9980995770860084,0.5196850393700786,0.0482846251588309,0.346519013159819,0.9201388888888888,0.1461187214611871,0.2099624633286086,0.3425129087779689,0.1868131868131867,0.1089632552377521,0.101367635100966,0.1148176173239555,0.1537128661429943,0.2016666427608209,0.0969414748211222,0.0967972412309931,0.1322871228334084,0.1941330370319627,0.3938349666855418,0.4775069217334395,0.4521259317266333,0.4971989368081232,0.4099976406815075,0.478729041603444,0.4295132406385218,0.5057760942331179,0.5797495848608443,0.3384223918575064,4.036155626952421e-05,0.3693693693693693,0.6247606892150608,0.9012001595220842,0.8052944258474151,0.9415016523663332,0.1791002810463473,0.6898401164687604,0.1863129419262896,0.1799197211005738,0.227435903981249,0.1713387471982479,0.4965702381979595,0.1275527431541219,0.5037785924716606,0.9497427650738696,0.1456325918364522,0.1605038417088799,4.684421871484044e-06,0.1925717923629763,4.251940199813398e-06,0.2678595858804949,8.612471909448847e-06,0.25827942034505
9,8,2,0.25,0.5937168456950921,0.2540538757381178,0.75,0.4557588115840538,4.72512890854488e-05,9.9575982951908e-07,9.241297881189575e-06,0.0021579703259464,0.8506426044750932,0.9030987438085896,5.542906055603153e-05,0.9997570697361362,0.6614173228346455,0.0851334180432019,0.2673041253206168,0.7673611111111112,0.1187214611872145,0.2160867046262789,0.4733218588640274,0.1575091575091574,0.1881252148856399,0.0619734798229559,0.0935023923938919,0.1590945787672079,0.1615630613907843,0.0623518454905731,0.0716890401722707,0.1390248609260799,0.1701991059192868,0.3872574946081704,0.4858506280615268,0.4760919244916432,0.495970095068017,0.4145363488122949,0.491718379284956,0.4632174519640482,0.5232610814367259,0.4059283934975561,0.4020356234096691,1.4247630107297917e-05,0.3753753753753753,0.4907466496490109,0.8749437360090071,0.8398852479822763,0.9641895620708598,0.1837945525680721,0.8011180165020286,0.1630303000968649,0.2527813118069824,0.2861568849951901,0.2181780746555232,0.5193028173491215,0.203510779327878,0.5484379207924505,0.9591362809490604,0.122955189697744,0.1456754585110857,1.8349171973412624e-06,0.1819764975396286,1.827616032565753e-06,0.1722530766550962,2.0612759626983222e-06,0.2076552658639203
9,8,3,0.25,0.4847076029185347,0.1237956391156847,0.5,0.2594407340772064,4.815756173293487e-05,9.15971255027068e-07,4.227725627188473e-06,0.0010573025456641,0.8119711225417183,0.843796986148896,7.17823235341566e-06,0.9998080989285087,0.448818897637795,0.036848792884371,0.3764821151765083,0.6111111111111112,0.1171993911719938,0.182770939948193,0.5438898450946643,0.2967032967032965,0.1104696831607881,0.0688515276345078,0.0974177054452938,0.1176079529670556,0.1513550153499861,0.0734887176544578,0.085300947543256,0.1107921120647745,0.1466129535782178,0.4181982655453033,0.5251105726472467,0.4891343239086408,0.5278563766648073,0.4536590304486122,0.5423350126467373,0.4884906932924553,0.5552140283236269,0.6602842653991061,0.3613231552162851,1.4247630107297917e-05,0.3693693693693693,0.6247606892150608,0.8902627092083413,0.9004649351864114,0.9802962204579044,0.2272636533409699,0.7416991498336585,0.0891538209773297,0.0400632799961475,0.0508829286551437,0.2867599502204349,0.4449244893349093,0.2616760638510296,0.4959124256090926,0.9823712535630018,0.1458104837647818,0.1719233560281142,1.2093374514307718e-06,0.0732090202435127,7.463230436875396e-07,0.0763919780038537,2.210586502936403e-06,0.1116850893009253
9,8,4,0.25,0.5723101083724094,0.2472435004715333,0.75,0.1729959368697075,5.113390073187324e-05,7.05484135040321e-06,4.042634556651127e-06,0.000103418425438,0.5916952239073586,0.8465792758052877,5.217751556427978e-05,0.9971201985228704,0.8031496062992125,0.0343074968233799,0.5870545643208926,0.7708333333333335,0.2054794520547943,0.1332682669869933,0.4802065404475041,0.1758241758241757,0.1710439428028641,0.0803755992322711,0.1221560297334065,0.1595383905750622,0.2610059324171327,0.0778370002754476,0.1042748498735499,0.1322046534741949,0.2455179843208537,0.388111269324991,0.4915641695061499,0.4643983388099317,0.5403899460507997,0.4071200803681231,0.4952176897202228,0.4402100850435955,0.5474077377706703,0.3673489843749422,0.3944020356234097,4.036155626952421e-05,0.4114114114114115,0.517549457562221,0.7130358331580755,0.7316068727508762,0.8550335780953806,0.2443914583801058,0.6363685414604757,0.2573317834334734,0.2171612932349482,0.2814170110534921,0.2932642747145136,0.4573260982285403,0.2124407068174303,0.4856380783999947,0.9417607762799034,0.1107571066792766,0.128848586944208,1.0776555483248822e-05,0.2818391071409926,5.096259665133439e-06,0.2566578390805517,1.5712385369175222e-05,0.3139207795856634
9,8,5,0.25,0.6459712213256301,0.3808477503034346,0.5,0.3793710432689036,4.729158279025034e-05,1.3890841604166903e-06,6.7802563090721095e-06,0.0011199165049108,0.5434722692675168,0.882641031517993,0.0001333290009009,0.9997034636774508,0.448818897637795,0.0952986022871664,0.1867158024041414,0.6736111111111109,0.2070015220700152,0.1186076940008315,0.549053356282272,0.2289377289377288,0.1504043198897404,0.1308144534221019,0.163473232647648,0.2227518310236021,0.2718353001609406,0.1339240346579499,0.1419413755718865,0.1877065530029515,0.2699717631166874,0.440010195284352,0.5501458819099541,0.5305606668344031,0.5755888077952399,0.4684000826602889,0.5588022695951678,0.5094796297837285,0.5959820517659014,0.5403677884769551,0.4045801526717558,2.4289451829630992e-05,0.3783783783783783,0.4371410338225909,0.9162692343957572,0.795778954597238,0.9344127327677154,0.328953959051645,0.7449622982144427,0.1757415434525929,0.2471061883372856,0.2841213744139303,0.402835887204003,0.6027333522755155,0.3871889936068857,0.6051235461974027,0.9465479417446644,0.1586751822807667,0.1870780250403211,3.4890671759991218e-06,0.1711549511260411,5.647415247271981e-06,0.1744121340206424,1.2522506255786786e-05,0.1983578743853079
9,8,6,0.25,0.6188046347044027,0.3188883888617423,0.75,0.2087491909336987,5.116475968679284e-05,1.3237663602879174e-05,3.334860735406266e-06,2.7650120824133265e-05,0.7731267833659998,0.73607779076465,1.5626352780469123e-05,0.9996334787022754,0.448818897637795,0.0838627700127064,0.2076823106183773,0.5486111111111109,0.2648401826484017,0.0792919938562343,0.7074010327022373,0.2637362637362637,0.1723527857769304,0.0668987162173699,0.141402530531746,0.1935086039579273,0.222834405961842,0.0716173714177864,0.1133849399835878,0.1775871669275382,0.2593408337192708,0.4006825558976379,0.5291946315256169,0.5077604991019171,0.542680055331424,0.4397223581537259,0.5433525384587341,0.506367499448679,0.5927971063191989,0.3872568904829738,0.4071246819338422,3.741408617576188e-05,0.4414414414414415,0.3299298021697512,0.8365862598212352,0.864921171653104,0.9676724021503458,0.1687394407300425,0.802402977005624,0.1646847148435058,0.1785603409995613,0.2296620426123081,0.4473415519488141,0.2264387404785427,0.4027019855818395,0.2795215260158453,0.9546538678361042,0.1436909285704823,0.1604669435577418,7.296500249519467e-06,0.1720528283740341,1.1367988690021164e-05,0.1840643314694333,6.699716415545208e-06,0.1513878876460623
9,8,7,0.25,0.6156967355295031,0.289318496621116,0.75,0.4374123059786493,4.7847093335665495e-05,8.283338753757982e-06,6.86282347100733e-06,0.0001636940665402,0.7812386264219429,0.7707899418567227,0.0001223033792545,0.9996684812574466,0.5196850393700786,0.1334180432020329,0.1531806615776081,0.5798611111111112,0.1917808219178082,0.1132426276437217,0.4388984509466436,0.1758241758241757,0.1547337457414225,0.0668793432021676,0.149718539797881,0.170858993704051,0.1962810076418871,0.0679102753980844,0.1260289720738387,0.1534448389539212,0.1905826494697158,0.4050540402866948,0.5394408028658091,0.5008418259977607,0.5342297499151653,0.4324622091767216,0.5452300646790885,0.4879657977595734,0.5524788490530006,0.5454279922864012,0.4045801526717558,1.0498012534200132e-05,0.3633633633633633,0.3567326100829611,0.8092971803638682,0.8139857964988426,0.9374084920355276,0.2566595325088943,0.779910934626256,0.1321047960539302,0.1616847832409715,0.2153290470953581,0.3493780178958865,0.5209920555920695,0.3421549102420874,0.5531948422861624,0.9645519250056834,0.1336306118857334,0.1705456948575019,4.681442886526211e-06,0.1642146700684439,2.104425319780404e-06,0.1465165992238554,2.5250607635727724e-06,0.1440664923754664
9,8,8,0.25,0.7496447321380415,0.5198978727028076,0.75,0.4195386443340945,4.9142037990491366e-05,1.588409246653337e-05,1.1724643436739036e-05,0.0001423662260781,0.8772503265811284,0.8381571050904986,4.8724723916475325e-05,0.999894430775687,0.590551181102362,0.0482846251588309,0.3777848587424515,0.6493055555555556,0.1339421613394215,0.1708767173517179,0.42512908777969,0.194139194139194,0.13422542672129,0.10878141025685,0.1881755592845059,0.1938472436536186,0.2331984169986813,0.1153471470776938,0.1414358225734105,0.1736905902998824,0.263583937017854,0.4125480406942445,0.5448320137838992,0.4948222267155155,0.5346986171569976,0.451302438122558,0.54906789992726,0.4926126582753728,0.5836217740032179,0.6164708710690827,0.3944020356234097,1.982179439733645e-05,0.3933933933933933,0.463943841735801,0.8658594005780258,0.8525686675136814,0.9606948858783708,0.2163840485755815,0.8096434774644479,0.2437670936567774,0.207902086734756,0.2462450859440459,0.2974104183267332,0.3650267165171722,0.2450009375500807,0.4269785195471358,0.9410725597787284,0.1320404438337211,0.1646098185416707,3.2740097455292368e-06,0.2654202787908244,2.7341307001081125e-06,0.2794360154661536,2.4499940941765083e-06,0.2318781118677322
9,8,9,0.25,0.6105838421157292,0.2827287410748397,0.75,0.3667002025942579,4.840830765563062e-05,5.307183836109536e-06,1.1258218524597944e-05,0.0004687247142725,0.8146052334893313,0.8937215475923908,4.764549103092013e-05,0.9999009008973864,0.448818897637795,0.0609911054637864,0.2665137068016065,0.9340277777777776,0.2831050228310501,0.1153156724421679,0.6265060240963856,0.1776556776556775,0.2264927033200766,0.1241643684580991,0.1434775043343414,0.1530118301615746,0.2430074367284418,0.1284313440810943,0.1262150749310282,0.1433251563907114,0.2387134669839025,0.4362987171052446,0.5380689613850531,0.4938084260835066,0.560479525810029,0.4669001681871553,0.550591398263652,0.4881314722045011,0.5820354345897908,0.626466982149605,0.4122137404580152,4.036155626952421e-05,0.4054054054054055,0.6515634971282704,0.7776816736125336,0.7376940159814147,0.9081366137210968,0.2330210923534607,0.815172559698665,0.1640363177340613,0.1997683633701286,0.2483515462626155,0.1728200625148808,0.452222783778303,0.127125227781945,0.4797769236180514,0.9609108213013032,0.1058946735318411,0.1270773292625699,5.925851563448462e-06,0.2148321249951527,3.036854323987469e-06,0.1946215441759077,3.684847513483568e-06,0.1679383351898891
9,8,10,0.25,0.6865376203695495,0.3988583233133185,0.5,0.6425072080070646,4.901555674998946e-05,2.4249097710987136e-05,1.2386477513251343e-05,8.872666209366635e-05,0.9173390142167656,0.9535887681657658,5.0679938116388784e-05,0.9999669125116494,0.448818897637795,0.1486658195679796,0.1255634867792865,0.7777777777777779,0.1476407914764079,0.1811860310841546,0.3580034423407916,0.1776556776556775,0.1213983031241791,0.0395728119699055,0.0970949423595802,0.1450758076722278,0.1082506381575445,0.0428101229588188,0.1150122966617703,0.1444335927264958,0.1379540725257859,0.4203402426092657,0.5456007983501553,0.5221252442061035,0.5297377598013754,0.4555525616161155,0.5756007625020052,0.5209761891140361,0.5712227147918121,0.6481689502614287,0.4096692111959289,8.344017106130204e-06,0.3303303303303304,0.2763241863433314,0.8570024688608626,0.9235892771544228,0.984787161643076,0.1905906490694216,0.8715348774785567,0.0998601984147052,0.1227151307876555,0.172734767541427,0.4552455165533626,0.2819240365371457,0.3679178908423422,0.3409229261760561,0.9792762818439842,0.1148279115355411,0.1428665375112073,5.506295238712546e-07,0.0907964042870765,3.329470965685109e-07,0.0907543426809155,8.297814103116146e-07,0.0761471036864554
9,8,11,0.25,0.7819840694014466,0.6086977957558384,0.5,0.2553676272063402,4.7498691312081966e-05,3.6298448630637415e-06,4.88952783404049e-06,0.0002860495276532,0.6868630448596168,0.8237114665886099,8.95463039042249e-05,0.999968909848864,0.5196850393700786,0.124523506988564,0.1630214578885282,0.6423611111111109,0.2359208523592084,0.1007382432267565,0.5628227194492255,0.1593406593406592,0.2243433367715036,0.0839689140547045,0.1381591150336329,0.1481700512917078,0.1772620519561998,0.0859575422009541,0.1180718453111279,0.1356862534444719,0.1720977344316478,0.438963097235898,0.5649114510385543,0.5219278504846114,0.5588032171935999,0.4643967426009171,0.5669380572440428,0.5065317176081497,0.5735818705681275,0.577346719995806,0.376590330788804,1.0498012534200132e-05,0.3303303303303304,0.5443522654754309,0.8356686051072431,0.8027882792649743,0.9463248159907836,0.3072445614499693,0.81289170375292,0.0886423549923344,0.1231005892915202,0.162791565754135,0.246168986379098,0.6112602520227677,0.2304311658413295,0.6403711236318893,0.9807595234508536,0.13018053481422,0.1654795451579458,1.7069497398050788e-06,0.0992857588871893,1.370563412212858e-06,0.1154766104797123,1.6435769211464925e-06,0.0980277246124782
9,8,12,0.25,0.6948386241529191,0.4079731063106406,0.75,0.3629061228321549,4.817150289875164e-05,1.766388205312827e-05,1.25642182043685e-05,0.0001360322561463,0.869371993273949,0.7882092108063817,3.3784602266342775e-05,0.9999788899952652,0.5196850393700786,0.099110546378653,0.1989642779932139,0.6423611111111109,0.0304414003044139,0.4806118903209501,0.623063683304647,0.053113553113553,0.6052740207746298,0.0474780466595194,0.1027179913727921,0.1538652807895695,0.1415937937853381,0.0501314941230135,0.085240960688742,0.1402490865738016,0.1673816386758038,0.4042097294075684,0.5234657580819361,0.5027985533222694,0.5183190644635965,0.4383416975640041,0.5366656946515498,0.4971529459379037,0.5587499167109815,0.2795942801034217,0.4605597964376591,1.132767005941502e-05,0.3543543543543543,0.2763241863433314,0.8497627030642878,0.9033205460309396,0.9682801204920994,0.1903983649584864,0.8341092657901459,0.1379575532499427,0.1431568300861609,0.1818052822131304,0.2068759954358114,0.4634724296023572,0.1613373924261998,0.4963255861589963,0.9643573911595644,0.1404213688452331,0.1662787806974286,1.2848570116215153e-06,0.130912095821842,9.38205327998432e-07,0.1545776172310445,2.238343490278268e-06,0.1282473479998188
9,8,13,0.25,0.4741868329010433,0.117624811816286,0.5,0.2425141668363224,4.976094658914601e-05,3.397593767664268e-07,6.684860069610742e-06,0.0046106521248741,0.9015670731408608,0.9053667466535904,1.4169677864661315e-05,0.999952883558258,0.448818897637795,0.050825921219822,0.3041835273332411,0.7395833333333335,0.1339421613394215,0.1893623833547081,0.6540447504302925,0.1025641025641025,0.3895601752803082,0.0647744622228894,0.1029734660152032,0.1410706576930745,0.1282483262582158,0.0687870797223871,0.0792489595852423,0.1299163064931387,0.1555494164149364,0.4237485159460015,0.5381723298735491,0.510316739671179,0.5274236008158122,0.4569774463897963,0.545707037836648,0.5039370381093096,0.5663956783401813,0.622690974507603,0.4071246819338422,2.0855243679101422e-05,0.3693693693693693,0.3835354179961712,0.7656079301239673,0.8882217333849551,0.9022410644383352,0.1406666216855311,0.6665440946666338,0.0850720309184142,0.1004040294925785,0.1250378739900361,0.2005129867521868,0.3978823228325878,0.1734864147531096,0.441858488152873,0.9791772282677498,0.1538125134601461,0.1750850942564267,2.188271189837349e-06,0.0938779952858459,1.1335052611432658e-06,0.0993005077583341,2.1429671324508547e-06,0.0824885091874194
9,8,14,0.25,0.708150993648377,0.4583177347779037,0.5,0.2453721255878219,4.6830883839040005e-05,2.036512580470984e-05,5.249809278948344e-06,2.903068160311505e-05,0.7764016957549676,0.7216146103999593,7.71153304632482e-06,0.9988508376542168,0.448818897637795,0.0470139771283354,0.3210844959199789,0.7118055555555556,0.2070015220700152,0.1240066093570397,0.5283993115318416,0.1391941391941391,0.2385114778105648,0.1094659293976546,0.1486617159024465,0.1833225130297158,0.2303951072574925,0.1061027635106521,0.1117713609542963,0.1521992282104863,0.2236251511605971,0.410415997934007,0.5163672550496051,0.4855510570403424,0.5298228116608785,0.4289560738958814,0.507315676848088,0.4590180613588022,0.5407686360303192,0.6614274929897084,0.4427480916030535,3.4659298641637944e-05,0.3933933933933933,0.6515634971282704,0.8519548214533041,0.8102401654832052,0.895114224703212,0.2863336203247185,0.8137543356567309,0.1852821303877505,0.2526817117005722,0.3326692679497447,0.2349800255216065,0.3969183893694038,0.2074088626932968,0.4281225676510935,0.9502197629487596,0.1240806157516609,0.1459588526332529,7.527265347578273e-06,0.2521918347377577,3.384059714116138e-06,0.2362488114554222,6.6018439073838535e-06,0.229889520792349
9,8,15,0.25,0.675459675196962,0.4201039376899745,0.75,0.3432822928762259,4.926894010358577e-05,9.619727144009917e-06,6.024516382984555e-06,0.0001159754997053,0.8904773653168928,0.885335713798327,0.0007125156818578,0.999817276560649,0.590551181102362,0.0698856416772553,0.2884002191188292,0.7673611111111112,0.1171993911719938,0.2184313893890573,0.6092943201376934,0.1794871794871795,0.2175373781044446,0.0544365664196419,0.1171771476008544,0.1617061626492135,0.1932878133264886,0.0571432143137429,0.1051221314173509,0.1551388876601837,0.2212178011425292,0.4160401840799113,0.5421084260610671,0.5167012919664755,0.5541375405345805,0.4476699037644112,0.5551043786040096,0.5108969819119813,0.5904406982947544,0.3396644690053931,0.3944020356234097,2.5555287284971123e-05,0.3813813813813814,0.3299298021697512,0.8816039628179038,0.9165579204578052,0.9879702506978534,0.2365005384945488,0.7202815096189956,0.1073779460971093,0.1052354116310063,0.1359141373531456,0.1787951946023254,0.4272477592212174,0.1295850672904409,0.4685970171743295,0.9572798508675718,0.2111963473574658,0.2564570166407525,1.4576272350666044e-06,0.0925060464692659,3.395320345533302e-06,0.1635401460927983,2.648403230768061e-06,0.1267452575900287
9,8,16,0.25,0.6599784582796691,0.3663503703134684,0.75,0.3608732008131687,4.8442492615914736e-05,6.632726380200128e-06,5.528199179804811e-06,0.0001648681097547,0.8976822852327893,0.953096377585558,4.4915638365168336e-05,0.9998347959745356,0.5196850393700786,0.1232528589580686,0.1645242395911809,0.6736111111111109,0.1796042617960426,0.1353740668389567,0.6247848537005163,0.2106227106227104,0.1901695905475307,0.0880922827752155,0.0838480328989756,0.1125907218463518,0.1150194083796611,0.0911152085327028,0.0783747380940627,0.1107769921639492,0.1289823317167145,0.4491999563883885,0.5494058695887434,0.5176136427585827,0.5439063256341407,0.4751813747722964,0.5566551467388842,0.5064620134613754,0.5674442757181892,0.6769752784559904,0.3715012722646312,6.803674235736998e-06,0.3273273273273272,0.6515634971282704,0.8456786261889642,0.9712297012204648,1.004840186120883,0.1633685529932008,0.7729983459509118,0.0642045389032174,0.0244531262340828,0.0476163509884823,0.2819581405891311,0.6682495544433529,0.2471307529344023,0.6711580930990082,0.9918827359217858,0.1364909253795909,0.159798220154382,5.751943573345428e-07,0.0522805542588207,6.625253106908575e-07,0.0538381590981769,1.256481627114947e-06,0.0526769536424963
9,8,17,0.25,0.6021935428336918,0.2654644186250927,0.5,0.296700330897162,5.209478927516032e-05,5.616558932229149e-06,7.269264616925127e-06,0.0002735875152634,0.821090156664335,0.774025429257577,3.960550772566537e-05,0.9996457477557116,0.6614173228346455,0.099110546378653,0.2357097047604315,0.5763888888888891,0.1202435312024352,0.1710943664804815,0.3803786574870911,0.1025641025641025,0.2230969816228251,0.0764588991570144,0.1525915006146722,0.2307455092679882,0.2031567842638563,0.0764696369496138,0.152892003864382,0.1979038636827412,0.2003685397335595,0.3693087012441914,0.4915219987201073,0.4887679672097477,0.4858176521413475,0.3980976494752539,0.5232446465072336,0.4728918033977934,0.5105624373934448,0.5059374000705259,0.4096692111959289,4.94478793217444e-05,0.4024024024024022,0.4907466496490109,0.6765930406514267,0.7747306969426857,0.8925682124114465,0.228049278343251,0.8045361948164882,0.2357738870018408,0.287054267010689,0.3266721342632466,0.4166113140477247,0.1995077208904279,0.489448500231218,0.1850338341437258,0.9446273928309206,0.1054966441445192,0.1318140929082067,1.162777294120486e-05,0.3001856578486473,4.742301979312231e-06,0.283694912836484,7.5220030567559585e-06,0.2224635366566311
9,8,18,0.25,0.603932549198017,0.302692070995067,0.5,0.3898721366494587,5.049361981148844e-05,2.806478010116744e-06,7.186010202440399e-06,0.0005723633533472,0.673610563141379,0.8127645946045055,6.257421781399453e-05,0.999818441987734,0.590551181102362,0.0495552731893265,0.3710764780810437,0.6111111111111112,0.0578386605783865,0.3139847106393733,0.3218588640275385,0.282051282051282,0.0592511337775667,0.0748515858027193,0.1282790766181075,0.1784060425223223,0.2131912678137983,0.0772634838937847,0.1148623980347037,0.1712645985433506,0.2130532802862477,0.3715271311681746,0.4784060232162677,0.4594176415709162,0.496068088426958,0.4078655079789631,0.5043770511051878,0.4656852296726957,0.5293498005630807,0.3658911847788646,0.4325699745547074,6.057739489751803e-05,0.4354354354354354,0.1959157626037013,0.8983740261617204,0.897795571301744,0.9445714584810454,0.1719400230082149,0.6795533800856874,0.2387410994438427,0.2471192776736603,0.296882923347296,0.5164550238462045,0.4823778588657046,0.4640887121330882,0.5074185434968669,0.9453835395011264,0.1054701503763178,0.1304573813290433,2.085813799633433e-05,0.2886858160000825,7.853571581635586e-06,0.2350812023219328,1.1020221626549943e-05,0.248055606172416
9,8,19,0.25,0.6830365888176163,0.4364922249861124,0.5,0.4346577204362927,4.61297539274115e-05,1.1058575873089867e-05,5.7000947683331215e-06,8.98271121727019e-05,0.7868684338686776,0.8376166520084942,0.0011133995566291,0.9998641829572228,0.448818897637795,0.0864040660736975,0.2026482064749848,0.7048611111111109,0.1187214611872145,0.2019695782496893,0.4939759036144577,0.0714285714285713,0.3905520115880986,0.1020523762892663,0.1097134109970888,0.179140976903325,0.152655325652576,0.1021196040780144,0.094481150271749,0.1493834094518807,0.165837644486232,0.4396845710659718,0.5396321189635274,0.5265021963838393,0.5365623866614199,0.4617389180066392,0.5412041365947133,0.5007928228183882,0.557112109215179,0.350278953504807,0.3715012722646312,1.3885299503310456e-05,0.3603603603603603,0.3031269942565411,0.8149374118191792,0.7861469850603156,0.929074415467924,0.2409141613899447,0.7512361072207487,0.1235773937858365,0.1651119507212337,0.2102982036134315,0.4020380790762628,0.4159953672494214,0.3621575344635754,0.4354958292924282,0.9664342433839646,0.1385957152754208,0.1639266810689965,2.6367671345213614e-06,0.1656919941584088,1.1030307578201466e-06,0.1244140184486432,2.1640601295290875e-06,0.1210940295915961
9,9,0,0.25,0.6323875867532711,0.3298086337900339,0.75,0.2735359908398461,5.1145370090072994e-05,2.0431377094196564e-06,9.589695468134582e-06,0.0010756590663109,0.8218738078674029,0.8338981638082249,1.9718835766436526e-05,0.9997029312807092,0.590551181102362,0.0864040660736975,0.2436172455142965,0.7777777777777779,0.0593607305936072,0.3713750947687642,0.3390705679862306,0.0677655677655677,0.2793461225328152,0.1312215716927276,0.1241369712579216,0.1571783700462847,0.1546177429518902,0.126738907951335,0.0879931428409449,0.1226704987482712,0.1557972862310419,0.3993860753445619,0.4650928108492072,0.4359977948660352,0.4489291025553258,0.4189268788182497,0.4579790672374194,0.4096076148815934,0.4670039501516295,0.2050750578248426,0.4427480916030535,2.3086203593157296e-05,0.4114114114114115,0.2495213784301213,0.7928490244217477,0.7513551674585628,0.9254083516464672,0.185559885812519,0.8048181773986584,0.1707662866734703,0.1687278051075498,0.2170930691277148,0.3902579738057784,0.4687115732470497,0.3732536061477888,0.4580513302390205,0.955021082064709,0.1366262212931147,0.1609954408902175,3.289465951965153e-06,0.186241296318535,4.937795924936549e-06,0.1902500875283739,1.000296074711079e-05,0.2089631224728922
9,9,1,0.25,0.7248102474421811,0.521922694872291,0.5,0.1685486225986033,4.712355044805022e-05,7.054550517744286e-07,4.509670903736316e-06,0.0014765986057322,0.630913266818415,0.7885713532841988,2.6148434870003412e-05,0.999629055510536,0.590551181102362,0.0851334180432019,0.2465814137135231,0.8472222222222221,0.2054794520547945,0.1441362134832567,0.3407917383820998,0.1373626373626373,0.1506781187839405,0.0999416220148897,0.1502288874867933,0.1764360267585976,0.2211774527801769,0.0951601762771074,0.1142160007873495,0.1525372322347874,0.2103009329127208,0.4099992152828776,0.523861166193571,0.4880252059081868,0.5311371135725902,0.4239663269086248,0.5106831217723882,0.4607932492327026,0.5346864232999705,0.4682601418980887,0.4071246819338422,2.976172732480993e-05,0.3993993993993993,0.5443522654754309,0.6215056191984116,0.8176559584791239,0.9105179443132024,0.1054829510694588,0.8030699990744512,0.1446725470181264,0.2069281140554797,0.2359152473291867,0.1187207449828001,0.5380574206655308,0.0886063800996362,0.5380692003591456,0.9589373454998128,0.1432055326951737,0.1704667167652852,1.9485814669022897e-06,0.1458826959658334,2.3143913015568373e-06,0.2114180645804126,1.3579449577034676e-05,0.2033817057526549
9,9,2,0.25,0.5729182032473952,0.2310706770480888,0.75,0.3258251025285493,4.9832792771322574e-05,4.6309133500469095e-05,7.69963080913868e-06,7.435251825966004e-06,0.8592845679217027,0.7708126142491696,1.6286856868529835e-05,0.9996002277466378,0.590551181102362,0.0495552731893265,0.3710764780810437,0.7465277777777777,0.2054794520547945,0.1298102840109094,0.4888123924268502,0.1959706959706959,0.1557830350857086,0.1008299728940301,0.1300009868882234,0.183718810197268,0.2491917215770853,0.1028233508118289,0.1137228152871234,0.1779787907014224,0.2503142085371972,0.3892158170416553,0.4819448221155822,0.4649160005542094,0.5202490161647222,0.4220919370861041,0.5025100239234982,0.468903950809645,0.5504806654047087,0.4708274448069889,0.4351145038167941,2.828791113839497e-05,0.3933933933933933,0.517549457562221,0.7803532284029799,0.7213133809920436,0.9218537467673004,0.2714032173512552,0.7880352361536294,0.2426897301992179,0.3073878070844109,0.3681292944903265,0.3438072031447343,0.4846366027319376,0.3447090534822252,0.5137915172883233,0.9422968469461253,0.1115648964439997,0.1300770750295995,2.4269447976268044e-05,0.2766158705030328,9.569715470409946e-06,0.2495305146837916,9.269900898611617e-06,0.27687113657147
9,9,3,0.25,0.5259867253761321,0.1954850040142479,0.5,0.1784331883769111,4.8577974302000365e-05,5.637892597113137e-07,4.434450568760413e-06,0.0018241401732369,0.6945963202943899,0.928922443133506,0.0002931610324803,0.9998189299871926,0.448818897637795,0.076238881829733,0.2243139711427501,0.7152777777777781,0.0882800608828005,0.2597316443980584,0.4061962134251289,0.2087912087912087,0.1173562108089523,0.0723245474934315,0.1674877887003754,0.1886163489464891,0.145640484614701,0.0768848293849099,0.1366172622820251,0.1770469646329344,0.1699910403470533,0.4069850335888517,0.5488682518702664,0.5091518988238997,0.5068772531020361,0.4439444429284273,0.5594146424453602,0.5078510978247449,0.5511424526066182,0.3939935950624127,0.3944020356234097,2.6221126365979125e-05,0.3963963963963965,0.2763241863433314,0.7514110020898022,0.8377884596639245,0.853666906722995,0.1577492502237993,0.7044719715310909,0.1526268117145934,0.1499446515799007,0.1811008212166829,0.6094090288524926,0.299611914975586,0.5884780043156449,0.302900337416384,0.9600938690795946,0.1335319836086983,0.1609259378062177,2.8535475430741163e-06,0.1486955275607483,1.192289586256728e-06,0.1480685572110741,2.71370757890096e-06,0.1542238219239164
9,9,4,0.25,0.4737686996432149,0.1302864940309549,0.75,0.1845538090187138,4.851501971737308e-05,1.5161639905951423e-06,4.173056006827451e-06,0.000617661982417,0.6815168430942278,0.7451776949855505,0.0013237535087108,0.9977253703523774,0.7322834645669289,0.1130876747141041,0.2270526031866735,0.8750000000000002,0.1171993911719938,0.2429974767816528,0.5903614457831323,0.1043956043956043,0.3456446023455959,0.0932473413396738,0.1584887454472369,0.2091228023917687,0.2168608735696583,0.0912356827875253,0.1218761814568178,0.1821206168045494,0.2171401921873801,0.3903289919122337,0.5089594228473691,0.4874899574899694,0.5080252866229323,0.4122686453571779,0.5051016539900144,0.4682271049273188,0.5271290709133473,0.4837201519522511,0.3893129770992367,3.741408617576188e-05,0.4504504504504503,0.2763241863433314,0.8755513228431431,0.8558329309221708,0.9312158183345404,0.2433332879002532,0.6445450172260532,0.2343344632647251,0.3458714685976147,0.4206001301674065,0.6656118231253915,0.1700100908502774,0.7706012768170176,0.1678409925544037,0.9387859520052428,0.1148316969366929,0.1394603507253125,4.999742523551724e-06,0.2793741250796085,2.966723626433395e-06,0.2288648303348743,4.77500999498706e-05,0.2954873977945103
9,9,5,0.25,0.4656968446029907,0.1199177000373843,0.25,0.3015288998867648,4.769367983157028e-05,1.4766190387930277e-07,3.569307637714507e-06,0.0056719983485871,0.3703960792530704,0.8397932820455548,2.506580612319861e-05,0.999589617537914,0.6614173228346455,0.073697585768742,0.2998683864174783,0.7395833333333335,0.1171993911719938,0.2120917539329037,0.3975903614457831,0.053113553113553,0.3893374224452252,0.1769241716867769,0.1585003683341689,0.1722548907080552,0.1564424262677036,0.1849167606192785,0.1241379632362444,0.1511625257395725,0.1831390660135383,0.4695839109155765,0.5570228279932152,0.5142593864569535,0.5281491039705952,0.5006092882955402,0.5592633028594471,0.5023428208702363,0.5659555738809421,0.5947632119415527,0.3587786259541986,3.646452393555082e-05,0.3903903903903903,0.4907466496490109,0.8251647177656238,0.7967565778971766,0.960629992897033,0.2662385662377006,0.6395423384327297,0.1347373902602925,0.1096379055209411,0.14574550198106,0.2659257346028164,0.380821111284974,0.2192782678197811,0.4292992057179228,0.9682654378966468,0.1252745847218907,0.1584620242738229,1.3942008200600516e-06,0.1107830284039175,2.129191872856313e-06,0.1309726467024311,6.021233204680847e-06,0.1612689480168485
9,9,6,0.25,0.4877589223067318,0.1350172344567505,0.5,0.1729168976875428,4.822659192780543e-05,6.501551069747328e-06,3.509003408321474e-06,9.555998810477382e-05,0.6531836614683757,0.90397756253604,3.585982301389096e-05,0.9999485720631676,0.448818897637795,0.0978398983481575,0.1825904477786552,0.6423611111111109,0.1476407914764079,0.1556088811403623,0.7934595524956969,0.1208791208791208,0.4134154128260121,0.0475943132666241,0.0673435277900559,0.1091697956670048,0.0748359042422888,0.0531126937942422,0.0542214798503164,0.1025200404054452,0.0978460076217338,0.4215886349040613,0.5272741266579088,0.5027639809079146,0.5113546961826032,0.4624709280598096,0.5478049341419247,0.5062923428352315,0.5586147333683796,0.5773467199958064,0.3791348600508907,1.7018049304225384e-05,0.4324324324324325,0.4371410338225909,0.7105007843246067,0.7681444094228747,0.9191099280644552,0.239279892627291,0.7165968127868276,0.0377228662244815,0.0288320178048635,0.0517077865826263,0.1885078214737973,0.6411287797568724,0.1578428943425432,0.6349023744132853,0.9993057815407124,0.1528353544595792,0.1795746793453068,8.609857954345637e-07,0.0323559303164544,9.3490048350167e-07,0.0467732438791673,2.102187297997737e-06,0.0376667003841481
9,9,7,0.25,0.5135285317449535,0.1940057783003109,0.5,0.4153954287528263,5.129504939872273e-05,2.6345201766268366e-09,5.128691489435791e-06,0.4592110829133519,0.6753398140920424,0.8813052269523988,0.0001094040563427,0.9994988087731724,0.8031496062992125,0.0482846251588309,0.4715823954903491,0.7986111111111114,0.1324200913242008,0.2034345630623542,0.6506024096385541,0.194139194139194,0.2160723631848547,0.0799933861428641,0.1179910612174143,0.1646897994116037,0.2081026011024121,0.0886135843328758,0.1043090099996282,0.1501835324118878,0.2205298520092503,0.4059663213545733,0.5129366411855472,0.4902028573679255,0.5328354210452665,0.4521322192266666,0.5428607663121132,0.4972301312545827,0.5787025126799704,0.462047833056129,0.3918575063613232,3.294332983844551e-05,0.4084084084084083,0.410338225909381,0.7358505957665025,0.8244454956076188,0.9438701794607284,0.1312429671381204,0.7032199243318691,0.1246598325421202,0.1681824451788618,0.2173258926253671,0.3371956823658533,0.3484025755983468,0.3343684155930249,0.3689731865585423,0.9647879824147214,0.1370977592680892,0.1627191389200705,8.69269803339357e-06,0.1527998017193449,3.621238019931343e-06,0.1283207253212799,6.7255696514043165e-06,0.1535741100006819
9,9,8,0.25,0.6940910400681553,0.4477787745425227,0.5,0.4055823417477787,5.442322230233129e-05,9.329369887433364e-06,1.2632469508185137e-05,0.0002876893972791,0.8233554311755611,0.8937498185186817,0.0006764037352691,0.999950938722249,0.6614173228346455,0.0609911054637864,0.3463116111990718,0.7361111111111112,0.1461187214611871,0.1749015228928371,0.4905335628227193,0.1593406593406592,0.1933539623547646,0.0748507353359853,0.1217668443785031,0.1598747990347468,0.1666564067451684,0.0768824145465014,0.1187287485962688,0.1524129890492651,0.1865334278833988,0.3781966675109431,0.4825523316931442,0.4561801845978852,0.4766346669527197,0.4123665750533442,0.5126220878312111,0.4594004787460717,0.5195669200982883,0.5050999326403232,0.4274809160305344,2.4289451829630992e-05,0.3783783783783783,0.5979578813018509,0.8123087231579631,0.702326091358664,0.8950993030664325,0.3393306044723298,0.7898431457093227,0.1904264184280154,0.1969491716001601,0.2374559839497254,0.4779545502265764,0.3734489272408572,0.5092656508534501,0.471062852294849,0.9535589562876918,0.123174519834658,0.1440914504536596,2.584003685071979e-06,0.2132093029919397,4.6148661095715866e-06,0.2100524472613633,6.055904616340854e-06,0.1915939002868208
9,9,9,0.25,0.841280016711395,0.7102616695514427,0.5,0.4538608049208542,5.136399038708989e-05,7.543427442296522e-06,1.3693453869285524e-05,0.0003965138735009,0.8738196450580101,0.9298419391009712,2.7041447392839685e-05,0.999848639753138,0.6614173228346455,0.087674714104193,0.2609721856628937,0.8437500000000002,0.1187214611872145,0.2333409701976661,0.4423407917383821,0.2234432234432233,0.1201231192390182,0.140627601587354,0.1200959427474303,0.1612830141978702,0.1396229005010861,0.1458285008658142,0.1062612368081357,0.1417447507721388,0.1661247435701037,0.4424643369978766,0.5208479143157314,0.4946920732919981,0.503751703157499,0.4738835113548125,0.536020773079493,0.485085884136184,0.5438105672762756,0.3257048413511132,0.3511450381679389,1.3196468015095822e-05,0.3693693693693693,0.4371410338225909,0.7561938767911638,0.725641926620824,0.923008061767109,0.3258181649369335,0.8660983834517209,0.1271624621469207,0.1932118752317733,0.2309476540546886,0.4892787677364223,0.6398471847127704,0.562677699264371,0.7045644520797425,0.971175163429497,0.0985332179718129,0.1229635053623293,1.6217333066140237e-06,0.1619093190601502,8.21830930442665e-07,0.1549468201090302,1.3293582210111329e-05,0.1446287528872752
9,9,10,0.25,0.8358863842993691,0.6992651613475924,0.5,0.5249301211628402,4.576834921247157e-05,1.053300405566178e-05,1.2495407221305884e-05,0.0002481108210317,0.936562483885258,0.908401792707907,7.46713421496403e-05,0.9999961858404476,0.6614173228346455,0.121982210927573,0.1970471252923156,0.6736111111111109,0.1963470319634702,0.1246433364752166,0.4543889845094663,0.1062271062271061,0.260070435096566,0.0557375020740219,0.128689905769152,0.1412716205162092,0.1008061870198075,0.0592212098359678,0.0963384769313239,0.1306650674435266,0.1223576342504822,0.4375664743807619,0.5739046298909494,0.5328219176263806,0.5410700173690659,0.4678867408250383,0.5725334848493324,0.5215434744309467,0.5725672308023415,0.3295249819717734,0.3689567430025445,6.9818287000400055e-06,0.3273273273273272,0.4907466496490109,0.8538069127585923,0.9073148483955408,0.9897363830625155,0.1720683949833736,0.9081136691494672,0.0614542883777278,0.0741323205277826,0.102337876081318,0.2614102278641515,0.6017810028780721,0.2333613825034442,0.6072014548396477,0.9886592495602032,0.1437207444902337,0.1648800270963839,5.904219655748592e-07,0.057229101149673,6.762449225716308e-07,0.0577064551486367,8.512320683785521e-07,0.0402688009209596
9,9,11,0.25,0.6140509737114608,0.2774265709940174,0.5,0.3108633117696442,4.818044629649605e-05,3.3560469581044773e-06,4.670638322069714e-06,0.0002965918852079,0.8035516752510816,0.928488149563246,0.0001859290039353,0.9998389274694924,0.448818897637795,0.1613722998729352,0.1161891918204862,0.6736111111111114,0.1171993911719938,0.1970351197245388,0.5662650602409638,0.1043956043956043,0.3311828942844512,0.0682075267084722,0.1133766558621,0.1456811394262493,0.1208974530582125,0.070473789750421,0.0978514673966837,0.1396379379240586,0.1380684121287372,0.4261621145791622,0.5447583574205257,0.5135375145081686,0.5251869684037604,0.4542016910181036,0.5517175251884201,0.5043162885297721,0.5539509907038863,0.4414534190192416,0.356234096692112,1.4247630107297917e-05,0.3453453453453454,0.4371410338225909,0.8396312307217837,0.935799764435834,0.9924339368592516,0.0812884337039631,0.7523188615055652,0.0715062562785424,0.1054626452406151,0.1409400176569413,0.1731335314290802,0.4974656836868336,0.1658851660132956,0.5189291036793557,0.9780635875031728,0.1712278465727163,0.2116241237829595,5.450272906096563e-07,0.0839637861130886,2.112132020808261e-06,0.0977729835013051,1.0871584928469412e-06,0.1020664530832609
9,9,12,0.25,0.7777911549684753,0.5498160035037135,0.5,0.4549055192581357,4.512925504380644e-05,4.073770727242506e-06,1.058262105561149e-05,0.0005811385268617,0.887615890874408,0.9149028028218652,2.540146214669925e-05,0.9999690075304274,0.448818897637795,0.1499364675984752,0.1245644743238232,0.6458333333333335,0.121765601217656,0.1846440140602384,0.4388984509466436,0.1373626373626373,0.1981618376482986,0.0557692216549537,0.1103662614836454,0.143113696269454,0.11551439245623,0.0580938450941785,0.0977125800423625,0.1313747628707262,0.1427405550446325,0.4023646119438106,0.5201840002533875,0.4900219064684388,0.4969643700922247,0.4346960456393607,0.5355113626325848,0.4844775646832502,0.5376700789736615,0.3509953834674624,0.4249363867684478,2.033851903821894e-05,0.3633633633633633,0.5979578813018509,0.8519817259352163,0.8999676937395442,0.960950329991606,0.1901569944066415,0.8730307166433298,0.1149177598098472,0.0752049997542112,0.1001237410533077,0.4228325114147714,0.2165637640804242,0.3459956303515472,0.2983341237760811,0.9657822182224184,0.1690439843674482,0.2008306069514942,2.508615199356185e-06,0.111791032042566,1.3385618919513748e-06,0.1224688109540503,4.271991558323672e-06,0.1147268771033935
9,9,13,0.25,0.4366756888233288,0.0996888844206816,0.75,0.3164586534525843,4.8036194580809567e-05,7.842557116596093e-06,6.827065931835734e-06,0.0001736055780699,0.758943833068354,0.8894415763561954,1.1055073242666714e-05,0.9995299313573656,0.448818897637795,0.0724269377382464,0.2336145707780902,0.8437500000000002,0.0867579908675798,0.3003044446550417,0.4061962134251289,0.2087912087912087,0.1173562108089523,0.0751654846940984,0.1219416513177954,0.1903018717171577,0.1974933521672416,0.0743424304829989,0.0945797378707809,0.1645032097973886,0.1915466277280086,0.38694291624274,0.4938472679973922,0.4847573242742358,0.5060298697142749,0.410970130035833,0.4951775169063607,0.4667755389285339,0.5225447192780444,0.4044464362647582,0.3791348600508907,2.1398845864627003e-05,0.4294294294294294,0.463943841735801,0.8847973378450718,0.8912895874060398,0.9622773795457756,0.1660913690202781,0.4972413475854411,0.1746528048728139,0.2681441296840345,0.3321981218358187,0.1610032915846379,0.6275834386480434,0.1493503166654425,0.6205912189832749,0.9517388279196436,0.1255686609029636,0.1530399978211671,6.834679743793801e-06,0.2310910228459657,5.727745765952802e-06,0.2189367284885514,3.98639500946278e-06,0.2203854909019018
9,9,14,0.25,0.5473305900041852,0.2412702257048387,0.5,0.0977609937310616,4.942428770804405e-05,4.05437262200606e-06,2.196227271301425e-06,9.603504472318272e-05,0.7695485275656757,0.737666301208106,1.5181075803051664e-05,0.9995473612217324,0.5196850393700786,0.087674714104193,0.2204687038853924,0.7986111111111114,0.1796042617960426,0.1553647421459522,0.5335628227194491,0.1776556776556775,0.1901138724830351,0.0959913176864879,0.1144604124458342,0.172763221865874,0.211160954021131,0.0930746816124514,0.0969124717209741,0.1448520289309668,0.1973105578279126,0.3917912649579168,0.4789145438005317,0.4652524808730757,0.5044196817493418,0.4114404441094526,0.4837164574886697,0.4423509416330586,0.5126701912030616,0.3962632522885241,0.3944020356234097,1.577331965958253e-05,0.3813813813813814,0.3835354179961712,0.7938576329836784,0.7212818444662839,0.902158617700064,0.2631085527156138,0.6826129150844714,0.1888219795900412,0.1761087827706073,0.227764185036557,0.2360986164885418,0.3692590701866881,0.2030170957877224,0.4206004304652365,0.9518023386516824,0.1346581752565062,0.1516964247232274,3.599609974796984e-06,0.2477083781640129,2.2314428154191364e-06,0.2194495543595186,4.533553817999066e-06,0.2173969143711385
9,9,15,0.25,0.7418225996757116,0.4907670490903626,0.5,0.2953991228996143,4.3265158135487296e-05,5.451690644054336e-06,8.83049385885226e-06,0.0003503899925426,0.9238255890566648,0.8435956179760798,2.043879062514212e-05,0.9998739772735252,0.5196850393700786,0.0482846251588309,0.346519013159819,0.7118055555555556,0.1598173515981734,0.1572590198464135,0.3080895008605852,0.2124542124542122,0.0820884526107979,0.1276591138117323,0.1203859973544395,0.1748722961965769,0.1938831767899099,0.1339287676147471,0.0991281374527236,0.1681329611362607,0.2175306454867681,0.4372811048669006,0.5233804422573745,0.5040679629615318,0.5341809837019711,0.4708886162719107,0.5357614633537606,0.5025863651631798,0.5734278809950627,0.641183136035262,0.4122137404580152,2.4289451829630992e-05,0.3693693693693693,0.410338225909381,0.8871621702050168,0.828241339790285,0.9591717098925971,0.2464496108829569,0.8274251049711754,0.1569720247058541,0.1562021770809729,0.2048752827441347,0.5089561790821566,0.5991065355442774,0.4669752268678196,0.608547092274518,0.9544038750419832,0.1505186677861913,0.1814258402786042,2.2267915642176865e-06,0.1422105524339131,1.5422665164566182e-06,0.2070455272902923,3.163465690048965e-06,0.1792790161806647
9,9,16,0.25,0.7291249899643824,0.4858156400990003,0.5,0.32090747728024,4.875726360126433e-05,8.913742208248045e-06,6.091290901250972e-06,0.0001294467025485,0.936066780352303,0.860008680943036,6.499439866544816e-05,0.9999066366165068,0.6614173228346455,0.0597204574332909,0.3517299874235909,0.7708333333333335,0.1324200913242008,0.1976930064228189,0.4853700516351117,0.1575091575091574,0.1933397730807642,0.0246959130363073,0.077476427242367,0.090380595036818,0.0800411892272083,0.0248963712610729,0.0710373837011029,0.0827242905794573,0.0837910253300272,0.4191062195400149,0.5425053682854442,0.5041424082125205,0.5247938965842702,0.4413335965999043,0.5450839234203368,0.4863999134622485,0.5396504962655234,0.3082424339936991,0.4198473282442749,2.194244805015258e-05,0.3453453453453454,0.2495213784301213,0.8184188398742114,0.8889813789232051,0.9852571177137256,0.1217979387891444,0.828430931287738,0.0481256988084457,0.0475434009423541,0.0712843140749368,0.1246103122281546,0.4707054303141115,0.1062126320366425,0.5005756651138734,1.0014336381617823,0.1161116285954716,0.1422351488805128,4.18034868010028e-07,0.0390830972170352,3.9715608839923547e-07,0.0427330852110869,1.1151866997074068e-06,0.0530304312483014
9,9,17,0.25,0.7473969662409659,0.547468367958495,0.5,0.3154287439383602,5.26472559597612e-05,1.7276583093252256e-05,7.810230177812062e-06,7.487124410499262e-05,0.7824430036320311,0.76004380756877,1.3790971915087413e-05,0.9999678806051024,0.448818897637795,0.113087674714104,0.1610469291788937,0.7777777777777779,0.1339421613394215,0.1971832420482807,0.4182444061962133,0.2307692307692305,0.1082100412762342,0.0690291220024715,0.10292365161606,0.1352332439363927,0.110599795169791,0.0679450348787098,0.0747595979890452,0.12241414326019,0.1229602928612533,0.4001027742676708,0.5037742564587742,0.4742034260780152,0.4810346532516384,0.4214209785766317,0.4986882372682276,0.4582967979405897,0.5027269152723545,0.5330753227183189,0.4096692111959289,1.2541694703189312e-05,0.3723723723723722,0.7319719208679003,0.8446050998919783,0.9067630412698158,0.9766090517284268,0.168188958719719,0.7624388838031513,0.1242212045489739,0.1431484744323323,0.1957715824080275,0.2238729083731762,0.5790190210489619,0.1976375787967704,0.5902553740345943,0.9656035310397564,0.1466743731130148,0.175462787251667,5.884995475572765e-06,0.1542390223240553,2.3924756489114724e-06,0.1541153180567034,1.9535560802895783e-06,0.1070437348663564
9,9,18,0.25,0.7789073657394948,0.6033548561108911,0.5,0.3722177364503323,4.750551226058725e-05,2.759719415611127e-06,1.2322436431364757e-05,0.001021733106897,0.7343211460205937,0.7851390147014651,7.348901697709962e-05,0.9999183404005584,0.5196850393700786,0.0355781448538754,0.4226509775808864,0.7673611111111112,0.1187214611872145,0.2160867046262788,0.3734939759036144,0.1739926739926739,0.1303827177540417,0.071570254368974,0.0979840683542861,0.1659009689239413,0.1660819865454599,0.0737280998702159,0.0899058992827861,0.131262491713421,0.1798599353360421,0.3752357435272229,0.465005905934489,0.4586213212518482,0.4749378645494769,0.4102778724433357,0.4913694048324895,0.4462905136441535,0.5153582325852597,0.2940707290320485,0.44529262086514,4.2463385734855e-05,0.4684684684684683,0.1423101467772816,0.8764123311128658,0.8458213344554188,0.938534967089648,0.2157458656268293,0.797416102561707,0.1754616688221894,0.1794475402624262,0.2286458389712442,0.2772886155332825,0.5706180999083349,0.2965222564043272,0.5896802581925558,0.948730518865868,0.158973899828993,0.1750387392079329,1.3259485375675388e-05,0.2082733136781625,5.004089220685485e-06,0.2094216344514562,6.302242413760728e-06,0.2211276818917295
9,9,19,0.25,0.7703751183487844,0.5813772503743386,0.25,0.5741486104461658,5.004200921632569e-05,7.2253408630293715e-06,1.1053966795771684e-05,0.0003291787293766,0.7991237843265125,0.916531812965088,7.208122007480345e-05,0.999980711582178,0.448818897637795,0.0012706480304955,0.9193787838904974,0.6736111111111109,0.1933028919330289,0.1264741086543354,0.3889845094664371,0.1593406593406592,0.1498212697217265,0.0687334017067557,0.0874905366026319,0.1102152107362001,0.1276504899872737,0.0746545928448701,0.0774159774471084,0.1050292739351115,0.1543888560760351,0.4338946261144121,0.541441073632009,0.506983845348222,0.5391324977098915,0.4695157076269974,0.5575047899583896,0.5053350174927365,0.5792808030359844,0.3011278555459165,0.4147582697201017,3.053696585284864e-05,0.3663663663663664,0.2763241863433314,0.8034459071448605,0.8475502482523307,0.9585744423572368,0.2373751960571322,0.8134793111829117,0.0998692879580415,0.1127606258928846,0.1541681432068564,0.4414013065538658,0.2562672894178214,0.4094909447577844,0.3271535524765736,0.9814236488835408,0.1030550386170369,0.120781175275557,1.3435886988580658e-06,0.136673656575253,1.0586760065200254e-06,0.1008240378927665,1.1669215902762236e-06,0.0740933544859454
10,8,0,0.5,0.4956821807625469,0.1697501190780775,0.75,0.1918130212098567,0.0039197835189214,0.0029848163485403,0.0008838877361256,3.807278274830322e-05,0.8805330589363639,0.4618043716093927,4.853688642882669e-05,0.9985997661910718,0.448818897637795,0.0216010165184244,0.5057432267750771,0.8298611111111114,0.1019786910197868,0.2608000577428284,0.6454388984509466,0.238095238095238,0.1733674111905582,0.1817189625215128,0.2758247998659092,0.3029346700561199,0.2932358110374732,0.1811936500531132,0.1702285646196095,0.267071092487134,0.286759415400694,0.381573518738641,0.5161985989164052,0.4697925577298734,0.4650158009853107,0.4166559450165589,0.4741545925048309,0.4657226738082192,0.5007129282174916,0.3823512491340133,0.6921119592875318,0.0294665462173443,0.8618618618618616,0.2227185705169114,0.5446323704646279,0.5671566285459964,0.6552648977663127,0.3363407523425287,0.5986430108765225,0.3310610709536508,0.3651653462110935,0.4280117750314307,0.308161219994647,0.5427902911201352,0.3802747440873211,0.5144252433329367,0.9013589627878908,0.19426005718388,0.2195177096428529,0.0208647821661078,0.3848436825515335,0.0217517524217298,0.4306296643202996,0.0192886993650629,0.416005687012261
10,8,1,0.5,0.4700490152739837,0.1312758429394546,0.5,0.4364869114756109,0.0057325012382473,0.0013862286615763,0.0013223659145961,0.0001932743323291,0.8977584411361532,0.4577471148228457,7.79901940706915e-06,0.9994010420578516,0.448818897637795,0.0482846251588309,0.3152531675771863,0.6111111111111112,0.1902587519025874,0.1188462824319771,0.5679862306368331,0.2930402930402929,0.1182266988543663,0.1529255205443407,0.1626680293224487,0.2312334408388244,0.3480266073213945,0.1521206174730014,0.1491795630517959,0.1914972225204368,0.3190732247659851,0.3518410716491494,0.4017514375494045,0.4018554121788137,0.5026909290600021,0.387245254289401,0.4449185535837757,0.3937400562078607,0.5205046833116662,0.5693440976522934,0.6819338422391859,0.0680506937100971,0.7957957957957956,0.8123803446075304,0.6603484885063176,0.393619891214497,0.7132801877932207,0.5828785948886521,0.7275088453591521,0.3357630683731522,0.3087572282254953,0.3817353984372711,0.1176126875308607,0.5298754882287711,0.130011555829557,0.5650137798682869,0.9133719281826148,0.1668924003152828,0.1820356449008974,0.0287996186465985,0.2720312802000314,0.018862115908667,0.3762508341005912,0.0335007184277356,0.4091087946530349
10,8,2,0.5,0.413692751608558,0.0748779619428381,0.5,0.2237890839502763,0.0022173140875254,0.0014466607034169,0.0010083797577848,0.000132663630713,0.910829223838406,0.6396675295251323,3.0110429297063198e-05,0.9996821293489248,0.448818897637795,0.0101651842439644,0.6780913755731688,0.7222222222222221,0.1765601217656011,0.1454023109538652,0.4371772805507744,0.1520146520146519,0.178721308663881,0.0943680581370267,0.1186239693653766,0.1470797824703447,0.2565842339725334,0.0923501265203017,0.0939080052302481,0.1264101396152486,0.2370761772307113,0.3495274068964651,0.4245263038903651,0.3935973663681743,0.4821104946072831,0.3754253749305949,0.4356371941542894,0.3851845343884882,0.4957396983012752,0.3983000802862615,0.7022900763358779,0.0287380818365259,0.7927927927927927,0.517549457562221,0.5555477790666203,0.6880023021916619,0.8643265035307683,0.2262405037771559,0.6955074679805611,0.2220965046852772,0.2367277811553234,0.2962083925904948,0.2361041762758884,0.6092366294249913,0.2127191383839518,0.6132718451202309,0.9457350766626744,0.120184373327859,0.1491553880222223,0.0021545233926447,0.2463034633054627,0.0107390433664277,0.2399600774997214,0.009169690196657,0.2760001784036263
10,8,3,0.5,0.5273433504784344,0.1910101820976403,0.25,0.4838270329309652,0.007623555570033,0.0041282056108721,0.0019408873612116,7.913206555838346e-05,0.9617813041696882,0.7825072883342513,3.910501760896156e-05,0.9998346520634878,0.448818897637795,0.0978398983481575,0.1825904477786552,0.6527777777777779,0.1445966514459664,0.1604987995956533,0.4113597246127366,0.1868131868131867,0.134787733918368,0.0844595552060026,0.1419587949982799,0.2334078307825624,0.1969305168209506,0.0870193382692291,0.1150082053318056,0.2187537745751193,0.1902075826734137,0.2956995575295676,0.3835671591731963,0.4050311860742603,0.3781501025704774,0.3436877889026337,0.4215735744676246,0.4277246823092844,0.4262165458658856,0.5833546002080983,0.7022900763358779,0.0663257191454806,0.8318318318318317,0.4907466496490109,0.7634111737240463,0.7191306708583136,0.8696576078987186,0.244441728888916,0.827140824586819,0.1897537485255647,0.257145185664049,0.2969577538793557,0.4087810278973548,0.2452002104658818,0.4334857687064312,0.2379772282997826,0.920238350560107,0.2368887886589701,0.2667887429493952,0.0076851097214115,0.2016855266154649,0.004110024185053,0.1908832068033924,0.0172627010259666,0.3244732895944441
10,8,4,0.5,0.5656387027733465,0.2660335632625803,0.75,0.4123301513392033,0.0071837966798714,0.0051175244006575,0.0016558604032349,4.454663157773143e-05,0.935870588957208,0.776907440065539,5.623156984411186e-05,0.9997447906836732,0.448818897637795,0.0609911054637864,0.2665137068016066,0.6180555555555556,0.1598173515981734,0.1406941659125927,0.5783132530120481,0.2435897435897434,0.1491664958062671,0.1158247923936962,0.184857921714452,0.3077626289995665,0.3164681554981983,0.1156558495778464,0.1391443263305116,0.2132302729887035,0.2789689994327455,0.3658007115674573,0.4792861703127936,0.5105767445822055,0.5255867610848477,0.3973423959682697,0.4827661486662954,0.4561051282848692,0.5317112456362352,0.5327567273829605,0.697201017811705,0.0240569736844767,0.8018018018018017,0.517549457562221,0.5464067884756507,0.5493580310852986,0.8042889754460942,0.3291368808481119,0.7599469473188515,0.2566107363872933,0.2462478833076657,0.3149160424729698,0.3773502525218188,0.2573078553645015,0.3876650542782618,0.2844515786019965,0.9263499304300452,0.1619030003500335,0.1783724898118751,0.0131268180052593,0.2939970487560368,0.0055342403803025,0.2517637324878275,0.0078812686747959,0.32073961496149
10,8,5,0.5,0.6317036516585832,0.3516047249121883,0.5,0.5211432977859974,0.0057295274233398,0.002498083511985,0.001871597737471,0.0001449734709623,0.9139833336121628,0.7758100335891266,5.372297896597275e-05,0.9994635355963016,0.590551181102362,0.0952986022871664,0.2246339555575468,0.6423611111111109,0.0989345509893454,0.2183181816130546,0.5197934595524957,0.2069597069597068,0.1575714295176976,0.0896855284857583,0.173416624098012,0.2230504269610692,0.3116114287847026,0.0892778140912171,0.1573734393256191,0.194912500301024,0.2798526904068167,0.376957907526103,0.5055817263074937,0.4831990687831692,0.5526353711335702,0.4044932946614929,0.5251908154739056,0.4693964283880902,0.55830705223721,0.5336681434800723,0.6641221374045803,0.0541494202408856,0.8078078078078077,0.517549457562221,0.8786440698021032,0.6912008691868703,0.8548531075568366,0.3740624541242796,0.7666900231534708,0.2391138287381211,0.1810588248050486,0.237031057292903,0.4501408532357731,0.4105339221486419,0.3944222820342909,0.4413361479747339,0.9348662886686152,0.1620742614098107,0.2017151772488549,0.0078627168033792,0.2139017796334544,0.0053765954937264,0.2472628002791311,0.0072566843738901,0.2900974405090686
10,8,6,0.5,0.5691755953720886,0.2941873917085126,0.5,0.4047054015157171,0.007200678543139,0.0019866558393397,0.0017417742477401,0.0001750612560579,0.8918181865276875,0.5672702792218985,1.7763979558207906e-05,0.9991766374529756,0.448818897637795,0.0228716645489199,0.4917690525482049,0.5486111111111109,0.0715372907153728,0.2491930296138029,0.5989672977624785,0.172161172161172,0.2224987311514596,0.0711080276976248,0.2405118779758879,0.2642052728968563,0.3166734648246075,0.0711576926329203,0.1702177870482389,0.2497061221335331,0.2794931468758307,0.2973995787976864,0.4892477562287506,0.4436198429620148,0.4901418602415384,0.3341716406604382,0.4802349182487303,0.4563510396562599,0.5011043540406458,0.3906538454217227,0.6921119592875318,0.0134315659080098,0.8258258258258256,0.2763241863433314,0.7177226952736215,0.6792085568040855,0.8063851529753627,0.2772860390597099,0.6553377720407562,0.2272221232268927,0.2330647627372122,0.2685899099782696,0.0397770503879622,0.4818787053816407,0.0551691462494251,0.4847933077177297,0.9212488473438056,0.1989208788335777,0.2458793271605662,0.0049556267407075,0.2258089860006581,0.0060800866848913,0.2940688629968409,0.0163996814075242,0.3873334465810101
10,8,7,0.5,0.573981102196575,0.2751135066380406,0.75,0.5481616876345621,0.0080629834512991,0.0047121896305332,0.002208335628089,7.877589240959737e-05,0.971484647737488,0.7450433218131699,2.622989914876041e-05,0.9995500070347668,0.448818897637795,0.0482846251588309,0.3152531675771863,0.6215277777777779,0.0852359208523591,0.2395106772807682,0.3941480206540446,0.1904761904761904,0.125611576944559,0.1030964840434642,0.1317432604281335,0.2073617160128416,0.2503759770570092,0.0989312642160367,0.1032350431695289,0.1579153044509292,0.218944610737212,0.2997333739582559,0.3580037396750922,0.3688742579307381,0.4083166756109642,0.3236978121814243,0.3720210289203523,0.3412007035109264,0.4127802371320738,0.4096927591644852,0.6895674300254454,0.0465080021547011,0.8528528528528527,0.463943841735801,0.4688808177112831,0.5210219337271962,0.7070231162351361,0.3194380224580834,0.7384437654834686,0.2851021146098653,0.2795040589006461,0.3207669264647852,0.3641398342332521,0.6072450033023942,0.2904972553117934,0.6184264348781298,0.9209159307526728,0.1892728012234161,0.202178927483379,0.0212002440852213,0.2764044315322425,0.0097558842468288,0.258489305973865,0.0161107949636309,0.3797353515420641
10,8,8,0.5,0.6482424638959232,0.3870610839850018,0.5,0.3502010721583514,0.0061986041839242,0.0061385127157249,0.0018818721899818,4.0535993799663226e-05,0.945913725558644,0.3971151113164317,3.598888734991591e-05,0.999229597772239,0.6850393700787397,0.0355781448538754,0.5111266682721657,0.3506944444444443,0.0700152207001521,0.1864528051554207,0.4733218588640276,0.2783882783882782,0.1004943453174914,0.1090317723307166,0.1663914420339641,0.2936940342588912,0.3692487672189725,0.1076586400628645,0.1322012719272536,0.2479253608585779,0.3526711516516032,0.2854441758370851,0.36715197062272,0.4258518731384276,0.4931191495757537,0.3219665169993648,0.3932632490857973,0.4167560606543503,0.5248005787176566,0.4831922704787605,0.7150127226463106,0.0399449191652957,0.8558558558558559,0.5979578813018509,0.5040466867230493,0.4871900112368887,0.6588082831399151,0.3455707965193987,0.774193209165974,0.5589101251385902,0.5850596328785265,0.6813934210153256,0.4230197183113007,0.5962977910675547,0.4373937319351313,0.6154126930251684,0.8933784157471131,0.1070151640587479,0.1326535354837592,0.052435984140457,0.6301266445724502,0.0216868404621228,0.6769225572742412,0.0157101360389111,0.6429144902605316
10,8,9,0.5,0.4332300333356143,0.0996189836465503,0.25,0.3191479399992403,0.0053476473670031,0.003012869536271,0.0014723102879921,8.350190152028277e-05,0.8076465575801534,0.5795494847083608,5.289023330063862e-05,0.9994896576207236,0.5196850393700786,0.0584498094027954,0.3024795998947091,0.7083333333333335,0.126331811263318,0.1923736230656023,0.4509466437177279,0.2032967032967032,0.1365744275015036,0.4219170981723174,0.2884911726231856,0.423647299887345,0.3711177630588977,0.398942979903636,0.2124567706204234,0.3173042835834948,0.2845967789434038,0.574566275399298,0.4989801887859852,0.5503770837962075,0.4986011004814369,0.5900341152125281,0.4789972654348275,0.4778759880240667,0.4521946294385872,0.5580368467122225,0.6844783715012724,0.0453582439445567,0.8078078078078077,0.5711550733886408,0.6073748195300435,0.4290451105913977,0.3983708433793214,0.4480051368809657,0.6111288038520386,0.2297338895826557,0.8823597148216795,0.8894969750476349,0.0945096578606132,0.4408470382349237,0.1529373248110215,0.4261918253894902,0.9149962852773716,0.1547292238654835,0.1958421810219292,0.0159191117962121,0.3682562936380165,0.007571790918194,0.4243987290105125,0.0162188895252103,0.4680120964068371
10,8,10,0.5,0.6692924525158301,0.4129495231760519,0.75,0.5826446343048727,0.0065051349748298,0.0067268501077957,0.0027739434802224,6.549855384117845e-05,0.978514002288573,0.9072288787009845,4.828983041857481e-05,0.9998328706743668,0.590551181102362,0.0864040660736975,0.2436172455142964,0.7222222222222221,0.1004566210045661,0.2362289836328769,0.3115318416523235,0.1758241758241757,0.1044439714686444,0.1964309533418717,0.2560074716078778,0.2885910269158311,0.2755371080576345,0.1909754359374249,0.1699148529994887,0.2383672723742175,0.261608410559106,0.4395501212337731,0.5588023969839149,0.5193239816660136,0.5235010130154272,0.4604913311386736,0.5249420756230109,0.4884474396676173,0.5359413009351106,0.6211171430836955,0.697201017811705,0.0309992574455686,0.7957957957957956,0.4907466496490109,0.7590422887316315,0.7228230412598355,0.8844454927672736,0.242923265956991,0.8350808788081749,0.2165457362698526,0.2639492608862124,0.3360757706404258,0.1734432833274705,0.5642062421544007,0.1466545957714798,0.5755379282634998,0.9309320429464596,0.1711329616033779,0.1926561964149522,0.0100952860909502,0.2237928992664729,0.0051607245359162,0.2471771922875254,0.0089853507958082,0.2839999192191302
10,8,11,0.5,0.5034989818143817,0.1633418863429515,0.5,0.5962666507697376,0.0078295039719942,0.0094616708101121,0.0023160712410078,2.595882731665237e-05,0.9512274296662486,0.8501517473146496,0.0004537404967068,0.9993894184540696,0.448818897637795,0.073697585768742,0.2304338462274761,0.6111111111111112,0.2161339421613394,0.1053466653167513,0.5542168674698795,0.2087912087912087,0.167831328230156,0.0888294621356324,0.1781388131610751,0.231458973989731,0.346977032427642,0.0884895032730715,0.1529783544869075,0.1881222912820531,0.3110946844625364,0.337605576932328,0.4631003796162392,0.4456562329296515,0.5385494209035486,0.3697385851592099,0.4859101563054857,0.4284731399060034,0.5463326182624683,0.5191530114233802,0.7099236641221376,0.0614877329762197,0.8168168168168167,0.463943841735801,0.6210569558716124,0.5584663103142846,0.6811177342263486,0.3706243109664531,0.7862273342816948,0.1900288797701862,0.2106925931358259,0.2756621708440274,0.2392625520099423,0.3831359396849316,0.2488862864103112,0.4180345875320962,0.9241516115980096,0.2129189260073251,0.2455244912775456,0.0102884666223954,0.2225918717457763,0.0073115675158868,0.2675751749875212,0.0150221484568662,0.2955583071282533
10,8,12,0.5,0.4900174414017519,0.1515174927455082,0.75,0.1661223185865731,0.0043271834399962,0.003452697411421,0.0010247912569802,3.823342192941808e-05,0.8383214245137317,0.4853205391587807,0.0001348210010585,0.9997022914451992,0.448818897637795,0.0482846251588309,0.3152531675771863,0.6736111111111114,0.1019786910197868,0.2209930444134915,0.3872633390705678,0.1538461538461538,0.1545738418486634,0.0744451905780428,0.0982067909020781,0.1702929982858128,0.2501161382983348,0.0731037048011748,0.0746148822804251,0.1442379672234187,0.1848211741530463,0.352848180550242,0.4320271308843495,0.4317417463767626,0.497566845223036,0.3783161172531422,0.4396298595638056,0.4177625612915652,0.4788693141607237,0.4379294090034564,0.697201017811705,0.0541494202408856,0.8078078078078077,0.2763241863433314,0.7199390100185368,0.7797004520900606,0.8921883106661994,0.2432845741379941,0.6391344500833231,0.1480935327543987,0.1623424948008229,0.2087664468604231,0.3050887362574629,0.5188807942121985,0.2837643079495551,0.5573739642965592,0.9513489344141796,0.1762195717350341,0.2152892729896323,0.0053143547891105,0.1549674619765483,0.0027948866162501,0.1627610656474239,0.0088418522604607,0.1672440811698342
10,8,13,0.5,0.4750908555278988,0.1458082476604622,0.75,0.4968703318698321,0.0070837594244986,0.0030566806832497,0.0015299349715736,8.629729298383132e-05,0.9567289886803282,0.7449405642080225,4.9694989189105e-06,0.9995343686307676,0.448818897637795,0.1588310038119441,0.1179598919793707,0.6423611111111112,0.111111111111111,0.198551119507532,0.5645438898450945,0.172161172161172,0.2086641890011296,0.1442614801417563,0.2389768422487456,0.3073472590957193,0.3357719065038838,0.1418213536804737,0.1856326129524063,0.2597135442937282,0.32742068214135,0.3816061267559824,0.517763325052834,0.5057747784134554,0.5343370039571758,0.4087767281233918,0.5162259729784411,0.4833988100549975,0.5586714446199448,0.6782463656150495,0.6921119592875318,0.0477175652883523,0.8468468468468466,0.517549457562221,0.8624200174323806,0.73099003533122,0.8839738297185882,0.2864692643947786,0.7080575798893657,0.2466226757989159,0.2878107717305194,0.356753132951614,0.2714282692567631,0.3695779820301109,0.2795654541698661,0.4009392010902546,0.9310068278652452,0.1552658994459307,0.1881536950287784,0.0068141386533828,0.2945053304283865,0.01343092593371,0.2843541195215849,0.0192945831480334,0.3227032688476038
10,8,14,0.5,0.4021241789536334,0.0776883724234587,0.5,0.7420949887948924,0.0072799342966556,0.0086395349306629,0.0023717433920842,3.29750796512169e-05,0.9316819154218002,0.8439583316618302,1.2823423934959065e-05,0.9995517173562146,0.52755905511811,0.0495552731893265,0.3437637853881693,0.4687499999999999,0.0913242009132419,0.1845564701874262,0.2289156626506024,0.1538461538461538,0.0846958407128794,0.0680552664542098,0.1637785923290084,0.2626550575908878,0.2680622776560126,0.064102189725828,0.1156486668511779,0.2260092205509032,0.2480719404604427,0.2757363179575712,0.3970054029888916,0.423816427373815,0.4305105721608743,0.2927911109250473,0.3861593285924811,0.4051721172236201,0.4390750945911499,0.4044131572549259,0.7022900763358779,0.0663257191454806,0.8468468468468466,0.3835354179961712,0.3566894599992585,0.4547741867510151,0.5740636586492243,0.3503319191604139,0.7340754521960368,0.4340500365238059,0.3737977314755381,0.4478599874356388,0.3199475824034012,0.6110014979824502,0.3286147863830881,0.6465708887038901,0.9117595120693228,0.1169032538110882,0.1345172746903253,0.0178755199008134,0.6041907564328898,0.0212750756211971,0.5407826182211434,0.0183983280441003,0.4837353138242232
10,8,15,0.5,0.5604870352008275,0.2357596527838188,0.75,0.3731614325377803,0.0071858188799918,0.0067504321533271,0.0023218996323152,4.935894628428182e-05,0.9766752729052588,0.8186739467956944,0.0001982709613378,0.9998351879866266,0.448818897637795,0.0228716645489199,0.4917690525482049,0.6111111111111112,0.1400304414003043,0.1568555382524298,0.6316695352839929,0.2087912087912087,0.1942427268807857,0.0778309050576809,0.2443992277432942,0.2551153399176915,0.3067029675665675,0.0771462327564907,0.1831525341191746,0.2152606594889675,0.247262991510722,0.3491481120682237,0.5367611508972872,0.4830208371056032,0.5289861103686756,0.3778095379080007,0.5281404426137057,0.464539187824232,0.5173407371351959,0.5233077131034007,0.7048346055979644,0.042022665242671,0.8078078078078077,0.4907466496490109,0.7276646758189567,0.6980822545448042,0.8128016243505476,0.2881351752367231,0.7992619426255116,0.1966503104408248,0.3551129663386991,0.3795844467832547,0.2540328142046029,0.5244484837854051,0.3017796619433986,0.637841016392185,0.9285577507334162,0.1840073834883278,0.2208538272755186,0.0021337097583337,0.2193928214727142,0.0120619253688724,0.3404612030012789,0.0081268189108835,0.3057440438579029
10,8,16,0.5,0.7416091695187705,0.5423576114637407,0.5,0.5897030095829922,0.00927270613402,0.0018087332623389,0.0036154097698409,0.000439814965103,0.972498863234112,0.8602330255922273,1.0582836683105268e-05,0.99991843980718,0.448818897637795,0.025412960609911,0.4659705770524406,0.6180555555555556,0.1445966514459664,0.1538254991154915,0.4079173838209981,0.1208791208791208,0.2068195833810856,0.0634536771982567,0.0937702224526342,0.1669804035922511,0.1918421990912748,0.0622385843354252,0.0811857955458127,0.1464890685113032,0.1828936898489482,0.3565945704924889,0.443564712968683,0.4427574891536665,0.4729727650771427,0.3808368093875923,0.4571097293365031,0.4301772188268637,0.489423253002458,0.5492611062031596,0.6844783715012724,0.011828558403966,0.7957957957957956,0.4907466496490109,0.7182157799854645,0.7060653085768136,0.8842338635159832,0.2941257916379585,0.86099039793858,0.164541990362692,0.2630131265644468,0.3269442866909298,0.315958238328137,0.5472243096123502,0.3591219555801384,0.5742069787689758,0.9485141425206228,0.1517352172432328,0.177861350265649,0.0035710851575728,0.1686610814571647,0.0023277234328334,0.1598217130561416,0.0051377948868112,0.1953126505938378
10,8,17,0.5,0.4430959076839716,0.111218029065821,0.25,0.4437224758894945,0.0048496058672031,0.0028282837314761,0.0012234545294537,7.026680692743829e-05,0.8222891883348896,0.6656660380914192,5.983646440564266e-05,0.9994014812023032,0.52755905511811,0.0241423125794154,0.5306401038130993,0.75,0.0395738203957382,0.4677375537022997,0.4733218588640276,0.2399267399267398,0.1199559905419002,0.0876435339072312,0.1504723314888985,0.1857788994754797,0.311045201172074,0.0831584029847428,0.1208534646148341,0.1559290601004277,0.2900089079598085,0.2873141049642909,0.3777115944251777,0.3510322476423392,0.4617368263762824,0.3071594076153887,0.3890079306120065,0.336495030496485,0.4741658472654195,0.4683102577518996,0.6793893129770993,0.1101291554321119,0.8288288288288287,0.6247606892150608,0.7171707683923563,0.6005360052769539,0.8331158715752269,0.302472392380302,0.6130532040597969,0.2769451477559225,0.3427550009805549,0.436704334220424,0.2232530756534848,0.4785139498836681,0.2490387669153345,0.517710498032183,0.9093331384345584,0.2026442065038885,0.2405925570269965,0.0199606285013819,0.3363416186962733,0.0090767602334,0.3716472849334712,0.0195968993874323,0.4180995487181467
10,8,18,0.5,0.4326953742915441,0.1013123994054109,0.5,0.2488733217062414,0.0033466375453759,0.0009944205635421,0.0012054426129492,0.0002542117038323,0.8336566094163662,0.4602563259578616,3.860217350620489e-05,0.9993881395538498,0.590551181102362,0.062261753494282,0.3148444637133611,0.6458333333333335,0.0867579908675798,0.2432477255496589,0.4905335628227193,0.2564102564102563,0.1158851962005628,0.1381899759387442,0.1582253215989802,0.1951259394902702,0.2005975060889866,0.1401187439564448,0.1428712102615236,0.1752035471926384,0.164105842907507,0.4045039270330222,0.490756010505658,0.4615273123869493,0.4791392636809291,0.4368049067941674,0.5148363227323922,0.4575645090600685,0.4873092101718851,0.6107950406869165,0.6793893129770993,0.0294665462173443,0.7717717717717717,0.6783663050414808,0.7281228959006993,0.6390424111029533,0.8656661559947998,0.3323110366941479,0.6929687794791926,0.1128709074744479,0.0933498007686466,0.1163005831834873,0.1244309703830987,0.5790561846463648,0.1120836180165016,0.5828144086245964,0.9671356761956984,0.1703565468477739,0.2102618487108258,0.0055327691313378,0.1250135693956718,0.0028021168650843,0.1105519078842503,0.009866511497319,0.1807951242583609
10,8,19,0.5,0.4694159656942904,0.1398216317976282,0.5,0.3773450166365006,0.0049904623250435,0.0013514627876364,0.001300008958208,0.0001951610758384,0.881912664703297,0.5147189115057936,0.0001163899651151,0.9989508656309242,0.448818897637795,0.0838627700127064,0.2076823106183773,0.7152777777777779,0.1095890410958903,0.2183878479367486,0.4922547332185886,0.2087912087912087,0.1467022093096521,0.0514301981970915,0.2058617072268543,0.2531423343032344,0.3015245082535408,0.0491822066188237,0.1776509111614721,0.2224161886651777,0.2628472408536459,0.3330534479232283,0.5088082364340447,0.4834019342870002,0.5272395817916194,0.3514988993231357,0.5171519935090624,0.4633087523333892,0.520904330603509,0.3186997448987423,0.6921119592875318,0.0326116929818718,0.8228228228228228,0.3299298021697512,0.7245136152389042,0.5992068483236173,0.7301500256141131,0.3287297450981325,0.708306326452545,0.3338112532447359,0.2621803997495791,0.3295717053550038,0.4010786856615175,0.5566689049059838,0.4381778078825126,0.5954413442803851,0.9210266042381604,0.1523008120281599,0.1836824696670266,0.0180243530496137,0.443379284609785,0.0078828436656786,0.3465802322735933,0.0205777331201355,0.3830473760563674
10,9,0,0.5,0.4246216939190276,0.098588898806568,0.25,0.3456835476657472,0.0030913805948499,0.0009668609303936,0.001162007811583,0.000251764893543,0.6849662851388824,0.697365567902121,1.1928372461130228e-05,0.9989816132580144,0.448818897637795,0.0495552731893265,0.3096229195220762,0.6076388888888891,0.0867579908675798,0.232236779757392,0.4836488812392427,0.1703296703296702,0.1780786336525625,0.1844720143116445,0.2080381468538871,0.3537139486353129,0.3232965536214269,0.1751346944112201,0.174012950375713,0.2494517790683725,0.2777293017101017,0.3990261854276385,0.4755023282089293,0.5277929880109833,0.5099206395698994,0.4159297960981648,0.4834864318786037,0.4556578515674448,0.4991360550993385,0.654689520012933,0.6666666666666666,0.0584475676133437,0.8258258258258256,0.5979578813018509,0.7895651713957417,0.5370524656933497,0.6999075949183671,0.4184000963773439,0.5761750791699337,0.2661681930930705,0.4465055602241579,0.5135732516540759,0.368016866694019,0.6152898267651095,0.4579246544354642,0.6968112462210934,0.925482909497806,0.1437847705956948,0.18025412694874,0.003667200923489,0.3327245980532745,0.0025621365119264,0.3548263888754636,0.0085597806334989,0.3749988296346246
10,9,1,0.5,0.4780474483830036,0.1337368783536954,0.5,0.2025193508454214,0.0008359423055643,0.0009267878244236,0.0006504001716914,0.0001337818700353,0.8091879819513578,0.6076144953821847,0.0001241966339309,0.9991473808538232,0.448818897637795,0.0228716645489199,0.4917690525482049,0.6145833333333335,0.1902587519025874,0.1193745853866565,0.42512908777969,0.172161172161172,0.1526342932922935,0.0395215293028913,0.0997117016278261,0.1981482891858091,0.2849319389068334,0.0397273819856212,0.0847940654486213,0.1487016358476498,0.2380030347585945,0.3553389990186603,0.465377571653309,0.4776542471556867,0.5454629068777046,0.3847262747950115,0.4808420899036532,0.4506351630619309,0.5430866879503107,0.5253724221219209,0.6590330788804072,0.0223021875989469,0.8138138138138137,0.5711550733886408,0.5565592681573315,0.5895157576117107,0.8387954842158649,0.2888760820712936,0.7329669508220027,0.1256623965423687,0.1126812623009592,0.1518182694738472,0.1694039737099818,0.600790871348093,0.1462791266120463,0.609360591968427,0.9522923771088362,0.2054173263447164,0.2259491289095203,0.002294415549851,0.1211686830623221,0.0040608736374048,0.1694998426752684,0.0024592957254368,0.1768503398753607
10,9,2,0.5,0.5962331916885941,0.2736544073503417,0.75,0.4567446851596453,0.0022465998351204,0.0048360705691056,0.0018535533189514,5.8634582417723744e-05,0.8444361324430854,0.5993848401406512,4.456340526422772e-05,0.99974193553419,0.5984251968503935,0.0457433290978399,0.3955337529014811,0.59375,0.1476407914764079,0.1464273401348984,0.5817555938037865,0.2417582417582416,0.1514445226673651,0.1099840642376065,0.2255080269368172,0.31049876820382,0.3680203800488968,0.1071665254650211,0.169336423745132,0.2578642348078328,0.3166091649083375,0.3534970054290549,0.5029581820898347,0.5048450874385877,0.5542753145628575,0.3786086265325868,0.4960134114332522,0.4774091853722277,0.5459042163522714,0.6137236290121391,0.6819338422391859,0.0259665145187192,0.8018018018018017,0.5979578813018509,0.6754148929990897,0.5530117287073617,0.8387822537761349,0.3836283593928419,0.8991368674022715,0.3516879288224333,0.436150079414118,0.4734773287193041,0.5091283922265837,0.7859828526723813,0.5260190839021567,0.7750617469518742,0.9168633478873972,0.1314764056324248,0.1632332864986633,0.0221543383645698,0.4293096212216903,0.0083611546728632,0.3624269644111057,0.0069917485617613,0.3558816683581831
10,9,3,0.5,0.5501375757348596,0.2128183375574161,1.0,0.0816897112290837,0.0013914081295312,0.0017609431984506,0.0007178249575225,6.438207682988372e-05,0.864458026066224,0.7154365556106418,2.886261029709929e-05,0.9999267211897408,0.448818897637795,0.036848792884371,0.3764821151765083,0.6423611111111112,0.1308980213089801,0.1728539387703527,0.6712564543889844,0.3131868131868132,0.1337527052093433,0.0392716274296748,0.105397388014564,0.2132350279369595,0.2068266724189262,0.0413464672904424,0.0958035429709875,0.173476973405891,0.1818776248480232,0.3965743131942707,0.5205455671897001,0.5290542403725533,0.5463606888588535,0.4307513186686889,0.5389301620879785,0.5098805427435196,0.5614468283267203,0.5815690578848494,0.6590330788804072,0.0228675126246335,0.7777777777777777,0.463943841735801,0.6741312443097205,0.6883593594315656,0.8889256624939041,0.2340478850000807,0.7025672943259048,0.1076202284966488,0.132927266614204,0.1680945441597496,0.5454606330956304,0.3452097305991443,0.4866061390665488,0.3755087080227967,0.953919227450568,0.2096774505891979,0.2365041369119945,0.002753687781204,0.1010768949383769,0.0013350394023751,0.0908669756050864,0.0021472617056809,0.0946276308972429
10,9,4,0.5,0.4902581304883109,0.1387726087159729,0.75,0.0891539055867973,0.0013352067429433,0.0025856433838436,0.0005346914920835,1.6995009198695783e-05,0.8189251221036796,0.5653453832483999,3.542198099770287e-05,0.9999324527180996,0.590551181102362,0.0482846251588309,0.3777848587424515,0.7048611111111109,0.1019786910197868,0.2289544470793589,0.5989672977624784,0.1739926739926739,0.2201970551122896,0.0495154894045649,0.11126277632725,0.1534685643374665,0.1255772247818938,0.0497968703082155,0.0953535656461057,0.1399219617745197,0.1260496682258661,0.3832147240949014,0.500692364633587,0.476347270859639,0.480019432198277,0.4101617097294663,0.510805820573291,0.4664257535489862,0.5023124994706344,0.5721221708310238,0.6615776081424938,0.0217368625732602,0.7867867867867867,0.5443522654754309,0.7836008371127972,0.7350450040514724,0.8973062354013459,0.3010273606529282,0.694792850817656,0.0740730779010961,0.099214883661769,0.1280429289276077,0.1798195881804857,0.4030598659549866,0.2168058980658826,0.4029923338283443,0.9678333076455814,0.1944103954660696,0.2277932067851974,0.0025905771165261,0.0771308517795391,0.0012920496842718,0.0678775505006809,0.0031551806725978,0.1322840680420643
10,9,5,0.5,0.4385414090527649,0.0983890006442783,0.5,0.1303719058318017,0.0011120556776885,0.0007103578633652,0.0006616820549343,0.0001879767290452,0.4360620476860378,0.7213368399678962,7.472547637957037e-05,0.9995174960390044,0.5196850393700786,0.0482846251588309,0.346519013159819,0.6423611111111109,0.0852359208523591,0.2455967273186757,0.5851979345955248,0.2216117216117215,0.1675188672389254,0.0627893796439014,0.1373610045695993,0.1876247865055879,0.3251216333076684,0.0611699170144644,0.1096870607567398,0.1622172649638722,0.2600318476233381,0.368746278124068,0.4904344808805356,0.470510599512673,0.5690239640683576,0.3901228555380922,0.4912771919663143,0.4513201897366079,0.5489719821809648,0.552512071088378,0.6641221374045803,0.011828558403966,0.8078078078078077,0.7051691129546904,0.7216772167556473,0.6134307515086856,0.85432759031367,0.3482392924887603,0.6092993699964593,0.1212172585987907,0.2860721211908965,0.3321427372870951,0.3279778792456854,0.5073846176415439,0.341474098037811,0.5462054773658672,0.9570557896237056,0.1579352358179962,0.1944124860389305,0.0012918222746715,0.1232128046771928,0.0018824230445603,0.1503489113089287,0.0041051328616729,0.2197039929918612
10,9,6,0.5,0.5458448511056475,0.2076047184006687,0.5,0.3234901605797552,0.0021073845353659,0.0002796009485198,0.0016868114946873,0.0013916092120196,0.7747883415528979,0.6668566815199736,0.0004097354736964,0.9998803080004224,0.6614173228346455,0.0978398983481575,0.2382827352227193,0.6111111111111112,0.278538812785388,0.0821370731652391,0.6901893287435453,0.1593406593406592,0.2789436631248055,0.0284038433640497,0.1833298150151353,0.2244994237974653,0.1832743923742019,0.0297672476900442,0.1727993907375214,0.2161125394327577,0.1848617810059389,0.3844463313514564,0.5585112150030211,0.5283929306692576,0.5266911714690653,0.4187633296530166,0.5794238576324147,0.525627782336863,0.5556438427285146,0.5100836650558778,0.6743002544529265,0.0124438258577664,0.7837837837837837,0.3299298021697512,0.7621766505223486,0.7259849934196376,0.9233246564835342,0.3099301949961042,0.7873013880282147,0.0547304373186059,0.1331821980768961,0.1504188161873161,0.0539929178913949,0.4836602143828466,0.0502316332760426,0.5024802945062623,0.9723262888451126,0.2045364420622931,0.250782296529234,0.0029198952103035,0.0542623025168662,0.0011948181428002,0.0749434709445516,0.0021073508010419,0.0804284045892692
10,9,7,0.5,0.6847626156758023,0.4467954368492722,0.5,0.3458669323481697,0.0009615961989189,0.0027702303570644,0.0020891779987997,0.0001461389436888,0.9465247976585446,0.7153906940083408,2.7359635019720933e-05,0.999929831562521,0.448818897637795,0.0838627700127064,0.2076823106183773,0.6111111111111112,0.0563165905631658,0.3197523489115131,0.5593803786574872,0.2087912087912087,0.169592088140198,0.1289365636106784,0.1438744800893437,0.2396444603729843,0.2668814170245897,0.138303624421828,0.1309406016280677,0.2147603044405973,0.2874055645497737,0.4471681254159281,0.5504612634540782,0.5492131727702447,0.5835134765327402,0.4832262660616547,0.5688141352354906,0.5381272884777121,0.6194152641663374,0.4925796104551074,0.6463104325699747,0.0206621157136707,0.8048048048048049,0.5979578813018509,0.638031175421474,0.6582949240512344,0.9146507085840064,0.2276637396670643,0.7907410434005246,0.1226972113372266,0.1379533908888071,0.178499210124124,0.3010051261394174,0.3983622119408927,0.2757879027647088,0.4477119409279277,0.9555878165938348,0.178311790975465,0.2051979861112738,0.0064289126183618,0.1268127667534509,0.0029139434646207,0.123998582049821,0.0032435668642291,0.1336312618772463
10,9,8,0.5,0.5689920793224414,0.2759837605634939,0.5,0.2727204749203659,0.0003204726911506,0.00235060228311,0.0013704175942201,0.0001057588347564,0.8848953992259534,0.8298723762786396,0.0001409791781038,0.9997111885960132,0.448818897637795,0.0749682337992375,0.2273346787166213,0.6805555555555556,0.1476407914764079,0.1628229490732268,0.4268502581755594,0.2087912087912087,0.1243992504491203,0.1578551109233439,0.1681415929958373,0.1792062238135337,0.2102696602325478,0.1694163286663458,0.1557437008345577,0.1749127245506957,0.2322507396547973,0.4309568191513914,0.5187498990838274,0.472730613830735,0.5076099871439661,0.4740764889776075,0.5511792008741225,0.4855083622572252,0.5591108853023095,0.4360777683252221,0.6692111959287533,0.0096570248122785,0.8168168168168167,0.6783663050414808,0.875179523624952,0.7739282725004841,0.9435265022042724,0.2658506429969232,0.6959319533633554,0.1842637361424925,0.1996602216407041,0.2400830630363026,0.4395494595276555,0.5699706973320219,0.4831110881805904,0.6100728908090038,0.9451786396753752,0.1551673945806916,0.1901842629170943,0.0084297276946217,0.208905014205694,0.0031448083606994,0.2074674423623931,0.0030635704217333,0.2038645478387072
10,9,9,0.5,0.7062786911963496,0.4613592891491878,0.75,0.4775441402042007,0.0015869868816955,0.0037038623788403,0.0014602116955379,6.122131822506224e-05,0.939192424342798,0.7739700090672748,2.5087890968143754e-05,0.9998976394706708,0.448818897637795,0.0609911054637864,0.2665137068016065,0.7465277777777777,0.1324200913242008,0.1926691443632254,0.3941480206540446,0.2435897435897434,0.094268100730256,0.1432959707561346,0.1829222668856016,0.1945559597199875,0.2841441364965412,0.1494822891522511,0.1489613276128092,0.1802586064933505,0.2269771050431497,0.4318379398861269,0.5415469905959637,0.4952753190202799,0.5630675068732562,0.466752153066548,0.5510414214602591,0.493158494880073,0.5612136692540555,0.5967303086689286,0.6666666666666666,0.0130910965820683,0.7897897897897899,0.4907466496490109,0.6714586729788774,0.662463367246704,0.8933373272329606,0.2925464639551481,0.8646295556723511,0.1507644387544362,0.0987705838379933,0.1388228219793013,0.3950904204011147,0.2782652785704735,0.3341851780346992,0.3220955670815271,0.9587454792626534,0.1521991541571236,0.188912392556983,0.0084522257783707,0.1824961246536864,0.0033124860955605,0.1609807165206668,0.0036235942300617,0.1618129239339288
10,9,10,0.5,0.7259646970739717,0.504145121062879,0.5,0.5422830575436691,0.0007787959912854,0.0023843352809706,0.0029042058352522,0.0002555871276682,0.9521649627892662,0.8844974623335368,0.0014847507142739,0.9999671605268884,0.5196850393700786,0.0749682337992375,0.2501827966423913,0.6736111111111109,0.1461187214611871,0.1629940336882354,0.4991394148020652,0.2454212454212452,0.124491922023333,0.0738755809463231,0.1594442078892027,0.1704261862285741,0.1922438311994816,0.0788196120931922,0.1254397548597569,0.1622306570675405,0.1899098112905201,0.4311626630378473,0.5719356479764489,0.5281379268408015,0.561302525934911,0.4646098115101685,0.5746781044004655,0.5223358619634787,0.585506128251094,0.6930929558845143,0.6844783715012724,0.0196405080015457,0.7807807807807805,0.6247606892150608,0.6874577295298852,0.7312187314571972,0.9271886964082549,0.2072089627084924,0.8646651819673844,0.0689209950379534,0.1100321492868923,0.1450711580396206,0.1387169722733857,0.4850375973950769,0.117126112685719,0.506830283913172,0.9840489541666884,0.1436293667925744,0.1706150844216233,0.0018651198874471,0.0641940090994275,0.0008817320695945,0.0726533520211061,0.0014080423213426,0.0662384309918799
10,9,11,0.5,0.6814412896951094,0.4312037646359263,0.5,0.4488217991084505,0.0011646837618237,0.0021951663370074,0.0018807018126669,0.0001703448363973,0.8568130329863716,0.8055996453610014,0.003266624166257,0.9999590580581312,0.590551181102362,0.073697585768742,0.2767235396874775,0.6423611111111109,0.0867579908675798,0.2422467304776345,0.5903614457831323,0.2271062271062269,0.1648223300740278,0.0772942534406053,0.1632939615646339,0.1695395888964011,0.1970417111461663,0.0796384760582683,0.1087763302362387,0.1391230913435356,0.2132376943262091,0.4370896907230396,0.5791298682759998,0.5331171354988657,0.5691421434480223,0.4635688864212117,0.5641101999162408,0.5103768616846716,0.5938223550693005,0.4590982159759869,0.6844783715012724,0.0049952256668354,0.7897897897897899,0.3567326100829611,0.7501751525865754,0.7862240451578506,0.9244009425560176,0.1945788706949445,0.8104924839899851,0.0936652976769509,0.1059852743782145,0.13214074393218,0.497763025303729,0.7114689471751718,0.4453865116466677,0.7052965994698477,0.9684254867231568,0.180148209536099,0.1975576935819746,0.0010271046560118,0.0977203684249411,0.0009618045077275,0.102907804502546,0.0015485683576047,0.0882467762025719
10,9,12,0.5,0.4243812933899631,0.1016796489178695,0.5,0.4124003021345728,0.0020908054837334,0.0024993578241754,0.0011646651226559,7.814891271250721e-05,0.6601135354696597,0.5863153981173769,0.0001083167355478,0.999623013003256,0.448818897637795,0.0609911054637864,0.2665137068016066,0.6770833333333333,0.0715372907153728,0.2918414863188366,0.4165232358003441,0.205128205128205,0.1233157058890944,0.1140523146414655,0.120292855565978,0.2616438437572458,0.2008580152624578,0.1074941513793876,0.0951720093888531,0.1788327358682068,0.1653494275068543,0.3587893328510734,0.4190194144410284,0.4711221530797201,0.4360457181561206,0.3732753636809276,0.4193289096259888,0.4095277267339958,0.4253366531070118,0.5582611967794877,0.6641221374045803,0.0177463304041446,0.7807807807807805,0.410338225909381,0.5533183300268285,0.5518189082595635,0.7955133260134675,0.3328095987566489,0.6698428980850626,0.1390941622782641,0.3927945415662919,0.4261941414458849,0.1275446945920456,0.5766069228261812,0.1649552656125294,0.6077928242350712,0.9403748428744612,0.1929212575943876,0.2254374439170079,0.0022482691063228,0.1912822311840244,0.0017677831650521,0.204324460165829,0.0032732183085445,0.2583406608764703
10,9,13,0.5,0.5556430483022265,0.227055693059463,1.0,0.241268677644337,0.0019573100984587,0.0040894201847954,0.0012187798223323,3.852210009154899e-05,0.8387008828574894,0.744499483314037,3.846446778431995e-05,0.9998822119994528,0.5196850393700786,0.0355781448538754,0.4226509775808864,0.75,0.1445966514459664,0.1791840409401062,0.5352839931153183,0.3095238095238093,0.1028558350791947,0.1101211488069046,0.1929838435448822,0.201603302099801,0.3193589581065969,0.1059440930974452,0.1304175014375847,0.1602383458874037,0.2750249005959845,0.4060244085232178,0.5391239771481361,0.490062746954161,0.5748397182867809,0.4231229422714782,0.5139962441300231,0.4568863964251044,0.5642993693060347,0.4435546865532891,0.6488549618320613,0.0160348313958625,0.7867867867867867,0.3835354179961712,0.6817256860049166,0.6077825620791844,0.7991664180576952,0.2773760776327118,0.8285402990437931,0.2035174289824888,0.2598268723365382,0.3263700818300901,0.2585060474282546,0.488221065624039,0.2478651833324333,0.4965125271412084,0.945483754388664,0.1314500125320143,0.1510391234844996,0.0035331274341821,0.2485116034607898,0.0019862681233629,0.2460011849472104,0.0043230657594316,0.21615720726165
10,9,14,0.5,0.4880858582377841,0.1476888040039782,0.5,0.2697861778588397,0.0018374220260802,0.0026468871561233,0.0008824133729953,4.686147345451348e-05,0.7447633345902764,0.485572511333685,1.4351152215435838e-05,0.9996177546043123,0.5196850393700786,0.062261753494282,0.2886363284455662,0.6458333333333335,0.0867579908675798,0.2432477255496588,0.5370051635111874,0.2234432234432233,0.150559111969744,0.0969219497802232,0.1619073820230223,0.18307382327426,0.2633151263182017,0.0939676742844114,0.1280312643572701,0.1592472969792019,0.1783863637921061,0.3898700420835018,0.5079440018901354,0.468366238826477,0.5324430163713515,0.4096948271223124,0.504875580100443,0.4488347874985791,0.4980475479100968,0.6720026052310835,0.6564885496183207,0.0309992574455686,0.7927927927927927,0.7051691129546904,0.7662009112030348,0.7566149246103313,0.9043845357041578,0.2362231378189678,0.6381149532384208,0.1636901845777733,0.2390693475746446,0.2967649152341547,0.7465707869448903,0.2398537771616049,0.7376181886187082,0.2401466274462103,0.9527578067249944,0.1294746081717854,0.1577425196951041,0.0038425376938654,0.220180122549525,0.0017938006351275,0.1635686526934453,0.0054320101264322,0.1641636051272605
10,9,15,0.5,0.574244879209604,0.2553569292778653,0.75,0.341507882539255,0.0027238535115502,0.0029497332878748,0.0010193627278098,4.973996474731413e-05,0.7950577604838217,0.5225821465637204,1.07468141446811e-05,0.9987758939451444,0.448818897637795,0.0482846251588309,0.3152531675771863,0.5486111111111109,0.1156773211567731,0.1703752843062926,0.549053356282272,0.2765567765567764,0.1214820150952045,0.1643294709580311,0.2134508602598928,0.2999539851884661,0.3990508092643198,0.1620576313320456,0.1665072748678374,0.2755502701324516,0.378011714459568,0.386430906441382,0.4838998141473641,0.4892818136271281,0.5701649199331186,0.4155613973771325,0.4887583487974422,0.4874987227346425,0.5882564517212845,0.6475531906402741,0.6615776081424938,0.0465080021547011,0.8138138138138137,0.3567326100829611,0.6577231117722202,0.583750249846875,0.7703070627194282,0.3564549512985459,0.6986909191198518,0.2902303896865217,0.2633410768515523,0.3058145489132111,0.2252203006377405,0.4570756284733772,0.1731208398672625,0.4982447224657782,0.9191087892759886,0.1755723432103379,0.2121919487212057,0.0099623464293978,0.2514630612561673,0.0082333712095836,0.3849474723003969,0.0084683985765151,0.3776813843968258
10,9,16,0.5,0.6437225052523973,0.3452800491949594,0.5,0.3288339542758623,0.0005426475229382,0.0024692681402018,0.0025980854529917,0.0002164524254917,0.9344706793423784,0.915730588323461,2.35370621756038e-05,0.9999338324610376,0.5196850393700786,0.0381194409148665,0.404938643001291,0.6111111111111112,0.1887366818873668,0.11974033358605,0.59552495697074,0.2490842490842491,0.150559111969744,0.0796347171343569,0.1087616778167669,0.1321293564331722,0.196415375923543,0.0824213678071769,0.0894319741303491,0.1028747835192076,0.1710727497665914,0.438827231841108,0.5523262391159233,0.5170218418512578,0.5697646841271795,0.4659958006715755,0.5552119395965532,0.4956715817375934,0.5772744932721425,0.5037619239783715,0.697201017811705,0.0273171708364762,0.7747747747747749,0.6247606892150608,0.7877747697637636,0.8303299163673303,0.9681247680779368,0.1757553521770901,0.8413146778672859,0.0662085668519981,0.0565661502149135,0.0730111690797339,0.2794955818487723,0.6774144158003286,0.233939953844725,0.6746223169776773,0.9846616602665472,0.1594365442746199,0.1739237235586452,0.0007177801985076,0.0564523405860655,0.000485675731474,0.058998392547773,0.0015962356255663,0.0578773488656469
10,9,17,0.5,0.5465649650217668,0.2222981282838617,0.5,0.2748032698824818,0.0024463603032915,0.0003685348113138,0.0009917944199492,0.0006031606069679,0.6854321596591011,0.7980966771117067,0.0003197288852918,0.9996443249768264,0.448818897637795,0.0495552731893265,0.3096229195220762,0.7361111111111112,0.1019786910197868,0.2369158497452262,0.7074010327022373,0.1410256410256409,0.3204181642238998,0.1344123384391875,0.1296544442789958,0.1438477508631108,0.1316473686650789,0.143539190708841,0.1173405175410811,0.1287657028615785,0.1321642587578903,0.4348478015316209,0.519837412373829,0.4787321096071067,0.492050853048734,0.4732405010611039,0.5436306908108481,0.4790738712408278,0.5277677744507738,0.5695766408063188,0.6564885496183207,0.0144883930579954,0.7657657657657655,0.7051691129546904,0.7414720694882941,0.7766599837831487,0.9492079024036796,0.1718791887451225,0.740775734517142,0.0822456094058388,0.0678102712790171,0.0910062459781131,0.1764629421007438,0.5128989454886518,0.1210060026995822,0.5421017493033291,0.9825839072519592,0.144175057828743,0.1796058693888949,0.0039186167081426,0.0951907576592271,0.002737592676012,0.0961469139514215,0.0037418740537653,0.075147230177441
10,9,18,0.5,0.4531104029654736,0.1277301198056032,0.25,0.2582345317509705,0.0021974474990865,0.000370364699739,0.0008173627069714,0.0004889024061115,0.6621146227648426,0.522053173950676,2.9081106564866786e-05,0.9993656480941752,0.7322834645669289,0.0584498094027954,0.3847328244274808,0.5798611111111112,0.1126331811263317,0.1815950398232614,0.648881239242685,0.2252747252747251,0.1849394209731171,0.1221799865623587,0.1163918733981285,0.2574629359962266,0.3629991145787358,0.1196035567856027,0.1070556531645363,0.2160951703463213,0.3205944519653212,0.3640917278608102,0.4149487118148007,0.4673966488799234,0.5522805736316736,0.3903461512298104,0.4413458403069812,0.4477003636973998,0.551370568515313,0.6827945554980568,0.6564885496183207,0.0399449191652957,0.8018018018018017,0.410338225909381,0.5254567106215968,0.4977400697195291,0.6749992829235825,0.3606181583190085,0.7146127599892438,0.1876777215579538,0.2585191363751589,0.3082564993868653,0.2697385478331765,0.5096262101846303,0.311514414566596,0.553917238926209,0.9352717809947412,0.1820684052032864,0.2043478470454441,0.0050063106513509,0.2255318516284753,0.0087584943358867,0.2032324223462457,0.0086787136523373,0.2994868144162222
10,9,19,0.5,0.6378064141960847,0.3775713549497171,0.25,0.2809530968876542,0.0024066346632908,6.469043784885765e-05,0.0010584655486393,0.0038286478492089,0.7177954316753212,0.4358134791036109,8.863891203317617e-05,0.9994055475756392,0.5196850393700786,-0.0012706480304955,1.1217961841810222,0.6111111111111112,0.1156773211567731,0.184789613343442,0.5697074010327022,0.2069597069597068,0.1747220374964271,0.0656856296020828,0.1151752641293335,0.1548061739136805,0.2282392763112823,0.0654212842891415,0.0893909208695937,0.1433363968071721,0.1994326476492385,0.3502103745602679,0.4489468313576816,0.4252163545086189,0.4868383561302449,0.3793374719573756,0.4594758084532579,0.4240670017992877,0.4959100957056128,0.5996724871004635,0.6641221374045803,0.0465080021547011,0.8198198198198199,0.4371410338225909,0.4018284159193048,0.6370668050374704,0.624633055931548,0.2885637713500774,0.6830892598758302,0.1939094263644668,0.4083676399421561,0.3901513410434267,0.5129679011303611,0.2691434943756224,0.6205389153898646,0.1435705235047595,0.9500667857671468,0.1247878673590133,0.1413274490457682,0.0207752718814619,0.3079518557757188,0.0081750652816869,0.2278361621705836,0.0071902892114974,0.2553999084593101
11,8,0,0.5,0.43994424995618,0.1029135804337731,0.25,0.1920352422774193,0.0033990720723262,0.0004510222169501,0.0005737081046792,0.0002683236723678,0.6354954566622188,0.257099768010058,2.925485536920208e-05,0.9987849767672788,0.448818897637795,0.0584498094027954,0.2750618583837852,0.5798611111111112,0.0974124809741247,0.2045586630068416,0.6781411359724611,0.2417582417582416,0.1803679387896549,0.195942509520245,0.3562330811914257,0.5017688298339735,0.5531314494755835,0.1837136822579879,0.2472785089244719,0.4311662721370747,0.4561345141302086,0.3417218343461072,0.54514551598916,0.6091179524287292,0.6495994182881959,0.3580061145890081,0.4944088099927987,0.5804974439304588,0.5980088248026675,0.5718827362252688,0.6793893129770993,0.0273171708364762,0.8378378378378377,0.5443522654754309,0.4636825199602361,0.4917335048987103,0.5871748964499912,0.3499648578851497,0.6998414371799533,0.3171041242086789,0.5504317189813686,0.5714879576178054,0.0971181214695156,0.5102059750904407,0.087828923585188,0.52697178659558,0.887249691542386,0.2194034740328084,0.2352801719784903,0.0209182028342166,0.373506400642112,0.0084521438287437,0.4893352305738428,0.0130297483027093,0.5323190653088786
11,8,1,0.5,0.578654154588282,0.2881904188581257,0.75,0.2854280519129479,0.0036474681229875,0.0001831400266668,0.0013537798477569,0.0017122800147343,0.9008788973018452,0.8029879525111706,0.0001481014766626,0.9997433955730384,0.448818897637795,0.0470139771283354,0.3210844959199789,0.6458333333333335,0.1902587519025874,0.1241293119787718,0.5335628227194491,0.2234432234432233,0.1494523485977177,0.1758064143043569,0.2414683555779296,0.3542027606794279,0.3171373051666132,0.1763745061022173,0.1941893882382941,0.2552724441664114,0.260178397871342,0.4317620499506596,0.5552121818627584,0.5676266074368188,0.5573073977968637,0.4604612381861446,0.5563781047949985,0.5110206345475973,0.5488761161357506,0.6588960701658224,0.6590330788804072,0.0148652027240718,0.7567567567567567,0.5979578813018509,0.3482617740922293,0.5049958265925083,0.7304131720558855,0.3370336354733603,0.7550375255708959,0.1438675268641856,0.3039197291912054,0.3741927224880563,0.1866704390485557,0.558350708594009,0.2133545547492474,0.5530330900568401,0.939415958284202,0.1920545218534091,0.2261060277580349,0.0025481977699367,0.1611493715030354,0.0014892893336468,0.2331303236503941,0.0043272396773206,0.2328616592301871
11,8,2,0.5,0.47618070723783,0.139347826106129,0.25,0.2202828814144409,0.0041041460739091,0.0009099506007112,0.0013309053696347,0.0003132925149721,0.8008887673626762,0.6940101309726012,0.0001973504713719,0.9996813435832738,0.5196850393700786,0.0241423125794154,0.5254291295493273,0.6111111111111112,0.111111111111111,0.191108938754656,0.5180722891566265,0.2600732600732599,0.1217140915863062,0.0957731855881533,0.1470726867592378,0.1762945136977544,0.2868184220961144,0.0942122895751346,0.1170902583620833,0.1383021665993349,0.221854063682566,0.3511058287066402,0.4482353864785999,0.4154262503877411,0.5041255999006642,0.3784800125666022,0.4586423232030694,0.3962723824433883,0.486870040186825,0.5067868965504787,0.6946564885496185,0.0734050672586685,0.8408408408408408,0.410338225909381,0.4967004879431393,0.6624379180198083,0.7307928040566627,0.1881057601272133,0.6219159327130251,0.1650343020928541,0.1660706327807957,0.2160200249238235,0.2704028879752866,0.4648752251474998,0.2604294490575953,0.4695185724298876,0.9401332544152372,0.1932504988611584,0.2250949419155351,0.0079316603392009,0.1725207678502615,0.0038395181792853,0.165674045873934,0.0051605179207874,0.2176431532235589
11,8,3,0.5,0.7095082268714519,0.4928660437951082,0.5,0.1911378071664952,0.0032048666697679,0.0024571152601202,0.0020202579665991,0.0001621955828926,0.9195489442537834,0.8704707968664968,5.6084533423380527e-05,0.9997513152044618,0.448818897637795,0.0597204574332909,0.2707230238685885,0.5798611111111112,0.2617960426179603,0.0838012644435535,0.5249569707401033,0.205128205128205,0.1608605248939897,0.2160290770479052,0.2128664571701251,0.3510245602838978,0.4134018953765104,0.2129315197378158,0.1744000278350402,0.2899461632386564,0.3888984282936848,0.4497712733277652,0.5234539366606998,0.5573054764695446,0.6089550374348847,0.4746125561310279,0.5283534292143452,0.5235577997561082,0.6191940567679473,0.7058895463695722,0.6666666666666666,0.018669412056337,0.8288288288288287,0.5979578813018509,0.852313151484879,0.6309218616801813,0.8036416307054934,0.3469658133137992,0.8036095816180034,0.2820254725187675,0.3955627638479064,0.477569126487011,0.5270570564246752,0.2922597070263398,0.5791209688235375,0.2959735016490914,0.9152161304011956,0.1769652965095209,0.2190377978049583,0.0058271535215072,0.3171958085686754,0.0031291675736721,0.3227011971360782,0.0077999773586623,0.3389689066476867
11,8,4,0.5,0.4762198112117513,0.1385168907896533,0.5,0.3780470725517513,0.003618357613613,0.0022908797750566,0.0015514901443497,0.0001279936245511,0.8664173773944136,0.7052257094298785,5.3355359328595016e-05,0.9997905953451878,0.448818897637795,0.0470139771283354,0.3210844959199789,0.5798611111111112,0.1308980213089801,0.1598124029748366,0.6712564543889844,0.172161172161172,0.2515512696671523,0.1025768029700343,0.2803782062898435,0.3466042433803668,0.2350320601014161,0.1005670447589004,0.2186300377790762,0.2836528129045814,0.1864445653675857,0.388818100457079,0.5851230588292294,0.5649638172837343,0.5097539101734614,0.4118885951473685,0.5734819072509252,0.5275794019016048,0.5005235533765653,0.5653419405832687,0.6844783715012724,0.0409837922039833,0.7957957957957956,0.7051691129546904,0.7424212661548282,0.6637243211792185,0.8328597425507485,0.3427737184840987,0.7926678984567018,0.1438539029713478,0.2591709638786164,0.2870126683439804,0.2999237460986264,0.4480115280734643,0.3081953380499075,0.4243352277601162,0.9508976308022504,0.1533006081636956,0.1636386882690346,0.0053456879185799,0.1630313526035237,0.003336531667718,0.1376671388487884,0.0134069130954378,0.1740918224882586
11,8,5,0.5,0.4404680065489094,0.104040298749304,0.25,0.3374019229816126,0.0046058514710004,0.0014061456929738,0.0011677621595281,0.0001641451794533,0.8106349553009148,0.7687618059366601,0.00035017132927,0.9993646634063044,0.448818897637795,0.0825921219822108,0.2102892574069199,0.6423611111111109,0.0958904109589041,0.2238626014719207,0.6574870912220309,0.1520146520146519,0.2769054652317669,0.1374413709253754,0.3543528487237123,0.3839190720062335,0.5164174015917717,0.134813790778797,0.2747200922685875,0.3390188927956995,0.4680292172427444,0.3588118736755066,0.5990931708415327,0.5477520657962964,0.6541469224205839,0.3873075978795404,0.5864081518532535,0.5324888082333243,0.6525208226129642,0.6326346069855533,0.6717557251908398,0.0343079997034879,0.8408408408408408,0.2763241863433314,0.7099898632591652,0.6091590351320608,0.7491839222042307,0.3154377346069887,0.7363131845072117,0.203446611659482,0.3304705898912039,0.4079703789941984,0.0810134446887441,0.4925353838243284,0.0764842389211291,0.5268651811713362,0.9003788068094668,0.2561270942273921,0.2842663200936019,0.010432167780741,0.1780957135820008,0.0071423583391355,0.2300620879146285,0.0168337451359174,0.3352529626058974
11,8,6,0.5,0.5440514277264608,0.2075571542066459,0.75,0.2557204527330131,0.0026945442806803,0.0025228819797891,0.0010122482763269,6.28697669173756e-05,0.8052283831486475,0.6989374153399432,0.0001342865556077,0.9998471104311396,0.5196850393700786,0.0470139771283354,0.3529086601737299,0.6423611111111109,0.1613394216133942,0.1437568233510235,0.6402753872633388,0.1739926739926739,0.2366515902008235,0.261203033528373,0.38126515499357,0.4743575190430259,0.3399234379814191,0.2828754440434333,0.2969675007144662,0.4248598724202242,0.3025362936090068,0.5093019456385622,0.6795842872559038,0.6636448409971762,0.6149355841239657,0.547137354141734,0.6616827724534659,0.6364330367618896,0.6243152320340142,0.4962076244686457,0.6793893129770993,0.0280096174557076,0.7987987987987987,0.6783663050414808,0.7916192041498626,0.7265951412356211,0.9397522224184892,0.3686200715579336,0.8389057516121898,0.035986813847652,0.1157785527367174,0.1482741573785173,0.0740725268367699,0.536644281434003,0.0536194417731928,0.5455223545802227,0.8545170935162776,0.4618098691078517,0.483243129747161,0.0005201066107839,0.0386088837412769,0.0014455115833592,0.0520595132147347,0.0018323027521845,0.0492309704005096
11,8,7,0.5,0.4485552233587287,0.1136001255688496,0.75,0.1409492298299155,0.0013769036424966,0.0012326547975438,0.0007452512726998,0.0001108512473941,0.5880945188847796,0.6118477244416018,0.0002153067384025,0.9983939955715084,0.448818897637795,0.036848792884371,0.3764821151765083,0.7118055555555556,0.0958904109589041,0.2424176320752972,0.5679862306368331,0.1703296703296702,0.2122786189322969,0.0824100825050926,0.1823402894419015,0.274260198239392,0.3931024354054085,0.0787908417432369,0.1424112893654902,0.2243304930693057,0.3041654980256234,0.3024356147617569,0.4316022173220751,0.4479188221204043,0.5479870835278877,0.3239126821186452,0.4353003885882681,0.4202349999998602,0.5058562406132919,0.4237041363224176,0.687022900763359,0.0360925401883725,0.8228228228228228,0.4907466496490109,0.4693365258311122,0.4763058605146355,0.6246146876880165,0.381609336971129,0.6979847862728854,0.3287976193566525,0.3518852584777521,0.413806055197174,0.3839187620203373,0.4730096104590258,0.3451551543387482,0.4950169527820023,0.9261884455128948,0.1199183505352109,0.1448992297272131,0.0513130444075481,0.4136719632130621,0.0217511789202129,0.3844466100585203,0.0112087012312849,0.4191109983747728
11,8,8,0.5,0.5925511398109784,0.3133283489006131,0.5,0.519826015965281,0.0061578317977799,0.0049863056503373,0.002436397590692,8.34886804234955e-05,0.8609483722778819,0.9057273265549878,5.818165962175983e-05,0.9996749276519225,0.5196850393700786,0.0724269377382464,0.2570639549650646,0.6111111111111112,0.187214611872146,0.1206469770098986,0.648881239242685,0.2802197802197802,0.145899055666475,0.1763897680819152,0.2917062192723252,0.3474305600686413,0.3848867061972856,0.1906580791230342,0.2803314295977372,0.3096325244968924,0.4114339784636396,0.4061402842883105,0.5624745484776559,0.5365851133706032,0.5710963461972227,0.4600101722382052,0.6155135594637187,0.536982846928715,0.6339199203508457,0.6848178036915273,0.6743002544529265,0.0326116929818718,0.8198198198198199,0.5979578813018509,0.4317796673207841,0.434639717126589,0.6057898032714739,0.4430518184539446,0.729876936248054,0.3126786084911842,0.2796818631534665,0.3571200405493848,0.3545014196147512,0.536148750300634,0.2862178043004932,0.5342378148244268,0.9258118842231996,0.1262362694660787,0.1563382683885583,0.0268807413383194,0.3676932326661251,0.0137820957594361,0.369379492988035,0.0077664424617165,0.3522846231152442
11,8,9,0.5,0.4248982183149765,0.1033612170395395,0.5,0.2429172987774707,0.002467506100114,0.0010898145960527,0.0012876658717693,0.0002469777411215,0.6895764721856008,0.6991198478659141,0.0001520346729872,0.9991601100667348,0.5196850393700786,0.0482846251588309,0.346519013159819,0.6736111111111109,0.0684931506849315,0.3000541958870356,0.7418244406196213,0.3296703296703296,0.1420068495495401,0.1652044422651955,0.2116208364537244,0.3128567064931595,0.393947788903467,0.1640190969423277,0.1766879948486638,0.2487360057649516,0.336988059634358,0.4132471077462071,0.517883831470364,0.5282086800398261,0.5928601845352321,0.4409532699309733,0.5280575294732689,0.4933081295791863,0.5832012663113093,0.6441282371806212,0.6641221374045803,0.0326116929818718,0.8018018018018017,0.5443522654754309,0.4363413478113904,0.4360720171427896,0.7049060471598172,0.4086973276848332,0.6390245797631847,0.2084006981672749,0.2830192617310794,0.3199335536395229,0.1986145508343159,0.5707255521986704,0.1614900730583777,0.5883051327629146,0.944176855320798,0.1404435180360654,0.1697231558201656,0.0198688576871096,0.2603069796058931,0.0080508772706958,0.249308072142558,0.0084595267095773,0.2624517579870833
11,8,10,0.5,0.5257345587543834,0.1843080704296507,0.5,0.2383825365397864,0.0054031411324932,0.002591435143264,0.0012014425743778,7.759086720534076e-05,0.8742241462515471,0.7426692096214471,3.197654852807491e-05,0.9997814361970372,0.448818897637795,0.0609911054637864,0.2665137068016066,0.6111111111111112,0.1308980213089801,0.1663331708725947,0.5662650602409638,0.1336996336996336,0.2663435878125051,0.1403531184199664,0.16502047945249,0.2946637759632057,0.3578537068791273,0.137010743786842,0.1343090380590219,0.2218605417587471,0.2933949739713374,0.3725224799875265,0.4483080098727547,0.4897015456149631,0.5436030647924894,0.3982378251846752,0.4601610944337707,0.4467142337226172,0.5258743867896596,0.5784334166978824,0.6921119592875318,0.0266247242172448,0.8018018018018017,0.6247606892150608,0.6694897029365325,0.5761511469250955,0.7812809783083186,0.351977906579288,0.725581228466954,0.2149054697171724,0.4196116179115028,0.4997130123003086,0.3255873010484266,0.3681225023722919,0.3650617984537273,0.3651899900951544,0.9327647049608204,0.1504398451543036,0.1684589470329115,0.0037163527023304,0.2551178894308391,0.0025013641114209,0.2530693177242115,0.0160252382835841,0.3238268641725803
11,8,11,0.5,0.6962592663782734,0.4680056380636707,0.5,0.5130498199303364,0.0066254191966745,0.0031158397722988,0.0022358389065372,0.000137507967192,0.8840592588461759,0.8351538830600771,7.915431334166609e-05,0.9997348149706126,0.448818897637795,0.0864040660736975,0.2026482064749848,0.5520833333333335,0.0426179604261795,0.355188791476457,0.4268502581755594,0.2087912087912087,0.1243992504491203,0.0831582467275384,0.1940211437229522,0.2466510133383619,0.2301602941594456,0.084734532968964,0.1574078388074959,0.204187630385842,0.2144939053222234,0.348529067505748,0.4931044562089294,0.4727323852827156,0.4719693461222402,0.3854342871214074,0.5086938581349305,0.4591635351556729,0.4980227815045469,0.49252269155647,0.6768447837150128,0.0182078712302408,0.8198198198198199,0.410338225909381,0.7097948519325072,0.585515662079926,0.8134794813314903,0.340367062491139,0.8106578040865071,0.1563180144956377,0.1943027751185524,0.2320687269922261,0.0485981869510754,0.5448238630048707,0.0674433595571278,0.5721128959433904,0.9422513091470656,0.1983990925478243,0.241505077125276,0.0036282624132018,0.1763477056288087,0.0044685435136179,0.2061752720824729,0.0092563260975054,0.251732320029231
11,8,12,0.5,0.4221445871062265,0.0883587394055193,0.5,0.1630770455940062,0.0041265194553379,0.0001105552280938,0.0013961927153119,0.0029478636789776,0.8272826234484646,0.6410443684950516,0.0004381476904704,0.9993255043339022,0.448818897637795,0.0724269377382464,0.2336145707780901,0.6458333333333335,0.1902587519025874,0.1241293119787718,0.5886402753872633,0.2893772893772893,0.1252796304041412,0.0810079015934313,0.1683485310377519,0.3344526478040707,0.2942147666572521,0.0750581909387619,0.1135589843555983,0.2122935527716548,0.2179187001948314,0.3365275349028226,0.4604613093346732,0.5259825573869411,0.5049981043191544,0.3458270607150716,0.4335648689445623,0.4334038896809223,0.4620344504733461,0.5265788912556055,0.6819338422391859,0.0614877329762197,0.8048048048048049,0.463943841735801,0.4344159011338191,0.4650641429877211,0.6592604014208812,0.4273940382830435,0.7264448551616856,0.1690351017905877,0.6048614081054036,0.5434023538556692,0.2075111863446927,0.5391740830231009,0.2728009794678183,0.5493978229225394,0.9390248255686882,0.1709257974173755,0.2093338990259033,0.0072208418355758,0.2249520290306209,0.0077395292130981,0.2483920820753052,0.0079635427265067,0.2422511310072496
11,8,13,0.5,0.4432269357367977,0.1013906295954354,0.5,0.2960225994081566,0.0023404155068381,0.0020428749656379,0.0009221374072767,7.470568103552001e-05,0.8223422774029826,0.7564698844092465,2.442037143222559e-05,0.9997843995874608,0.448818897637795,0.0470139771283354,0.3210844959199789,0.6111111111111112,0.2070015220700152,0.1097731052361271,0.629948364888124,0.2289377289377288,0.1758676170503476,0.0992145688007975,0.1725572477471466,0.2432213318721305,0.2822523615674208,0.0990472907154329,0.1315948389146077,0.1516743290038393,0.1611470193898975,0.4231984186003417,0.554630450425134,0.5404975468885462,0.5801590055436572,0.4466135654610068,0.5470136565906414,0.4851981504667544,0.5354507684296097,0.6846377418039262,0.6615776081424938,0.0309992574455686,0.7927927927927927,0.5979578813018509,0.5954009372502789,0.6163703132600684,0.8988666357036825,0.242845363923728,0.7574904378545357,0.0500876776247344,0.099233496347755,0.1222658732845922,0.1079159969264268,0.5711762161286232,0.1115280647837842,0.5878367160951492,0.9708938680591652,0.2320701193360279,0.2702508599061811,0.0016695042791313,0.0553833340237403,0.0020706104183386,0.0646095717008388,0.0018409991123195,0.0688967408706914
11,8,14,0.5,0.4968084089122596,0.157521082119504,0.25,0.131421713717463,0.003122651833548,0.0010894365241721,0.0009630098559485,0.0001767637064082,0.8047251263130477,0.678307204289892,8.678008077530987e-05,0.999838896297273,0.448818897637795,0.025412960609911,0.4659705770524406,0.5486111111111109,0.141552511415525,0.1431482183472327,0.5645438898450945,0.313186813186813,0.1083381388887372,0.1313158350832314,0.1531671621711915,0.1719364047753145,0.3389728027308097,0.1253832103255188,0.1292011969215538,0.1475041304510809,0.2059664998920622,0.3945316071764007,0.4791274149671236,0.4385074961718061,0.5605758498081863,0.4112810350743811,0.4831580562342085,0.4174946659081924,0.4904103816606583,0.3947913777084841,0.6895674300254454,0.0514720860685403,0.8408408408408408,0.2495213784301213,0.5563956970424386,0.6162226233766654,0.7904773102404108,0.2747786632521228,0.7654208346134601,0.1924762825643489,0.2890311564966583,0.3444492027268246,0.2988590008629704,0.461640857199639,0.2767917318397465,0.4724406266919512,0.9512532771587382,0.1184410285613134,0.1372870268535639,0.0093131435971348,0.2782771088486141,0.0061853705946487,0.2340389876927607,0.0178415167222352,0.2328005780326769
11,8,15,0.5,0.513512588366243,0.1913473275821726,0.75,0.3709021752026257,0.0038675949489004,0.0007733424705946,0.0014211624086106,0.0004017876106946,0.7093211704806235,0.5722514742458347,4.511521167067541e-05,0.999504791877968,0.448818897637795,0.0813214739517153,0.212959022190367,0.5798611111111112,0.1293759512937594,0.1614356283169067,0.540447504302926,0.1373626373626373,0.2473116519114061,0.3045804649663908,0.2331783282301756,0.3399920505770692,0.3168235201515719,0.3145706793486983,0.1782941198920646,0.2807661368055792,0.3082387190315356,0.484972599114613,0.4837657943692788,0.5063782438726833,0.4914663738452347,0.5294040606743156,0.496955726589309,0.4891879979455665,0.5324338496174046,0.5616734894691353,0.687022900763359,0.0854657574078116,0.8378378378378377,0.6247606892150608,0.616306518455195,0.5347591626536925,0.7405551695166386,0.4412191605031285,0.7020733617821324,0.2643316645521734,0.1241408985400636,0.1466115926366871,0.0538349798042778,0.5114522036819451,0.0603208565849126,0.5463061932837888,0.913095160996222,0.2344775359461239,0.2972075183573433,0.0089898998534798,0.2005398371205129,0.024710744315679,0.367083851269737,0.0139351139647903,0.3925172889004655
11,8,16,0.5,0.5276174602306369,0.2174632381550943,0.5,0.3745125351914746,0.0032831160721046,0.0014604664247401,0.0012974678199449,0.0001778113809317,0.8401546834947257,0.8031657992600406,8.347650562240721e-05,0.999023257338874,0.448818897637795,0.0724269377382464,0.2336145707780901,0.5486111111111109,0.1004566210045661,0.1914786157070864,0.6643717728055079,0.2252747252747251,0.1898845339119584,0.11260419353477,0.2985698000092246,0.2879782854300397,0.3591125451837392,0.1103530413167594,0.2239615106757426,0.2438177924365655,0.295106304699348,0.382090356436175,0.5866911805343081,0.5151955639174031,0.5734128709904152,0.4062707239221379,0.5679646685600059,0.4905537108465405,0.5561292692097817,0.4404321271315079,0.6743002544529265,0.0148652027240718,0.8048048048048049,0.517549457562221,0.7786855677121811,0.7106201786577167,0.8929135755447013,0.264188952019838,0.7329300427772665,0.2053632918622095,0.2201871326248463,0.2866079603922968,0.1235806837693749,0.4543684146922097,0.0915137274638443,0.4871516430536663,0.9343938889088588,0.1779298910301489,0.2154285451701139,0.0033552661528218,0.2041019767642214,0.0126533287947391,0.2299078034039733,0.0123292736571964,0.2664852805788663
11,8,17,0.5,0.5060974159412397,0.1594399815923186,0.5,0.4117481068948084,0.0060520023647098,0.0014323927722028,0.0013848974600197,0.0001963206362087,0.9058277438432714,0.8269498571853561,5.840844760485731e-05,0.999491202030531,0.5196850393700786,0.0457433290978399,0.3595306579881467,0.6111111111111112,0.1293759512937594,0.1680190959059894,0.5490533562822718,0.1556776556776556,0.2234120795652678,0.162168977902692,0.1639586025025253,0.2151326738958397,0.3176200273399842,0.1731540061153972,0.1379720728952776,0.1999420051200489,0.2939382724329039,0.3978648426593234,0.4614944380040385,0.4430777819902633,0.5255689465167623,0.4480641110580269,0.4974593343236453,0.4609994188385231,0.556065204978182,0.4724855202620297,0.6641221374045803,0.0196405080015457,0.8318318318318317,0.5711550733886408,0.548053059072168,0.6626225647132067,0.8374792089281904,0.2542359522564313,0.8783049501285601,0.2291833500963949,0.2514221010437649,0.3226332004690282,0.2687851395170951,0.536208381737798,0.2280040854482723,0.5246371629204383,0.932031737421932,0.1661796199690544,0.2015086564250083,0.0271628691012319,0.2849366696564822,0.0105106053557175,0.2673647769855367,0.0063714962918539,0.235498476374059
11,8,18,0.5,0.5206996432333162,0.1836535324763454,0.5,0.5031455395635624,0.0061364945366799,0.0031538495414893,0.0015096271617259,8.113967424076601e-05,0.8752636637101644,0.88360360520831,9.479057201775984e-05,0.9996513860476576,0.590551181102362,0.0470139771283354,0.3847328244274809,0.6736111111111109,0.1887366818873667,0.1293162864428975,0.6213425129087781,0.2619047619047617,0.1495967090375472,0.1237031315138152,0.1923906986015435,0.2521069832679532,0.2723570598045898,0.1329397552144355,0.1834759888936957,0.2390953225444186,0.273900723444141,0.3735855666212061,0.4881276734850991,0.4731599067961431,0.4973287800954249,0.42527279576612,0.5388641369992659,0.491637779630643,0.5470771856275422,0.7376061487404071,0.6844783715012724,0.0477175652883523,0.8228228228228228,0.4907466496490109,0.6105356461437195,0.6548627940305263,0.8565801972489018,0.2819594243468655,0.7589228821590416,0.3060440786393316,0.3903843278943728,0.447760447946421,0.4893635628099893,0.4036650415847402,0.5909900050677733,0.361427207482766,0.9245943884740048,0.1281275084985826,0.1527613226274224,0.0103151701958022,0.4128561528019916,0.0130842870516709,0.3514609328201938,0.0099084600510995,0.3647080796976312
11,8,19,0.5,0.5997853464986841,0.2799838603206658,0.75,0.427619699326505,0.0047852588355694,0.0022390123950523,0.0023660641507951,0.0002175321673863,0.7193282617186505,0.8019832129902811,0.0001346005026166,0.9995738402796732,0.3622047244094488,0.0228716645489199,0.4328991270818067,0.4791666666666666,0.171993911719939,0.1085683885863946,0.5301204819277108,0.2234432234432233,0.1483455852256913,0.1908049319965025,0.1927438800803504,0.2742294325133326,0.4011789529193721,0.1874153872047116,0.1604180026378666,0.2144456433958422,0.3490343816109484,0.4382989421701244,0.5163248924795738,0.5131640381198332,0.606395610068179,0.4617600625021957,0.5223444775319391,0.4770909569005186,0.5973687133334251,0.5003968771658411,0.6844783715012724,0.0409837922039833,0.7987987987987987,0.517549457562221,0.651573560803079,0.4798248574413497,0.8120977981257327,0.415886289656428,0.7854866568365613,0.2342944335239608,0.406986459327967,0.397305961386742,0.2562854681195322,0.4655245387895618,0.2699672213990259,0.497927627994196,0.9385744349301848,0.1404186985967705,0.1753006101807995,0.011021106232988,0.3374336633600983,0.0053961497037962,0.2768008259794438,0.0060895614711381,0.279852968768172
11,9,0,0.5,0.4574110279287179,0.1154857879814102,0.25,0.3126312746182037,0.0032256729856063,0.0004996526947546,0.0008185626240222,0.0003547354508589,0.885873277411292,0.5612717981989999,2.892580170057586e-05,0.999368478057401,0.448818897637795,0.0355781448538754,0.3847328244274808,0.5486111111111109,0.1278538812785387,0.156442987847516,0.4698795180722889,0.2252747252747251,0.1277958936798395,0.1149921469220683,0.2220832282724059,0.3662850888668791,0.3720396152557549,0.1179055723215812,0.1771687168139239,0.3283551985341223,0.3579750761344853,0.3783322379184223,0.5239507383997577,0.5629795000279918,0.5768770459882712,0.4154761370572001,0.5336025289264283,0.5518229935249486,0.6013104086291712,0.4474707417267449,0.6819338422391859,0.0326116929818718,0.8018018018018017,0.5979578813018509,0.5998792303515206,0.6251820722674273,0.8600656067180927,0.3070538710433869,0.6628730520295583,0.182412360825991,0.182623292955137,0.2054024063148227,0.2615045031264739,0.6499231031400547,0.3117573415491055,0.6937079198032899,0.923069212891553,0.2126534778904224,0.2378541151914546,0.0046888633408086,0.1951683390279612,0.0052004346596782,0.2147851282076955,0.0044803051105839,0.2140093885437649
11,9,1,0.5,0.4631997857424426,0.1416465694270112,0.25,0.4553032633468604,0.0038790765264294,0.0025249333769971,0.0008296410166249,4.572934050360007e-05,0.86653154627131,0.693082638075723,0.0001579958835,0.9985654699196176,0.448818897637795,0.0457433290978399,0.3271278725661457,0.6840277777777779,0.1887366818873667,0.1309122785857055,0.4888123924268502,0.2032967032967032,0.1497869514776326,0.0833347891901211,0.1714312665054903,0.3877277725819378,0.4364900326806402,0.0822539987510077,0.1182210791716868,0.3365527486473616,0.3868261704695246,0.3534210868834485,0.481004321469315,0.5750464635806302,0.6172067896790198,0.380782244127963,0.4721400953791111,0.5505148388069538,0.6120244123730535,0.5009362576728127,0.6793893129770993,0.0489271284220035,0.8198198198198199,0.5979578813018509,0.4626008629996763,0.4808813382446928,0.7293921736940896,0.3287841398594899,0.6783176458371674,0.1736796325686347,0.2239264381516128,0.2625414431221826,0.1878435667324215,0.5798412890533151,0.194672375279485,0.6000290485275022,0.937676455782438,0.1985939846677646,0.2158970301649978,0.0054044197619927,0.1790261446915282,0.0035301440539904,0.261190275346742,0.0053816395668073,0.2627085155181852
11,9,2,0.5,0.4371250234759081,0.0983023907280213,0.5,0.2067235826202463,0.0018026418421686,0.000153860438996,0.0005428487539713,0.0008006438207877,0.7121406100119868,0.4038654593311443,0.0002063416188784,0.9991069117396882,0.448818897637795,0.0241423125794154,0.4785303611753785,0.5798611111111112,0.0715372907153728,0.2595669785420543,0.5370051635111874,0.2600732600732599,0.1270403903141832,0.1150622466824796,0.1609827461841918,0.2775121826680727,0.2510352871089237,0.117683437695616,0.1243152295113172,0.1678620329517637,0.216998594996122,0.3963014759589329,0.501338670852381,0.5215234741981465,0.519312051334183,0.4300375284243309,0.5093523415897667,0.4615773323853574,0.5295499925507434,0.4986860974992284,0.6641221374045803,0.0266247242172448,0.8138138138138137,0.6247606892150608,0.5544574201553374,0.6404659747515504,0.7961935943988534,0.2772268907022389,0.692743867211834,0.16073779428131,0.2730011538628758,0.3056810790441786,0.3719514420482877,0.5075291789954764,0.3914637384137878,0.5368218720311863,0.9261116638325618,0.2026431489173962,0.2018516117593733,0.0070613135038283,0.1845116129401967,0.0031668138417093,0.1549803840505845,0.0056737123939761,0.1754854252643074
11,9,3,0.5,0.575467264302357,0.2723670492378094,0.5,0.3513954313974645,0.0031609456391559,0.0044394030691277,0.0011674296166954,3.0249480844734446e-05,0.8553937648543943,0.5899267971613359,4.844119854129155e-05,0.999530764030266,0.448818897637795,0.0241423125794154,0.4785303611753785,0.6145833333333335,0.0700152207001521,0.2754027672479151,0.4836488812392427,0.3095238095238093,0.0904269415965454,0.1007194082283651,0.2783513292084529,0.2788018824741112,0.3205412088283844,0.1040716924704569,0.205770012181056,0.2253927807587056,0.3229580144606227,0.3498109363337474,0.5495878234173033,0.4844062761224917,0.5229379589311998,0.3921593432963073,0.5440329313168274,0.4679101512095117,0.5652952134894159,0.5797337658539865,0.6743002544529265,0.0514720860685403,0.8108108108108106,0.5979578813018509,0.7151367597818616,0.6228754831862888,0.7780078903218164,0.3806412419168086,0.7506036226158495,0.2592730181697931,0.3433350735372882,0.3915567036785652,0.4012555716987094,0.343351377950369,0.3941352275352633,0.3738499108162788,0.9230453042591786,0.1687422568303581,0.1957888211692887,0.0115165011373624,0.2436531563632331,0.0077672694084114,0.2498329297287834,0.0062995102748378,0.3320474176545495
11,9,4,0.5,0.4983338068108361,0.1532262021853513,0.25,0.1667998327650238,0.0021447091292594,0.0004909631824458,0.000770520291223,0.0003384891991618,0.7652791068819915,0.7520749638761426,0.0012189182024181,0.999358338373442,0.448818897637795,0.0482846251588309,0.3152531675771863,0.5798611111111112,0.141552511415525,0.1492614382513809,0.5972461273666093,0.1904761904761904,0.2005449003292966,0.0807945604618712,0.1946415136435678,0.4413929321321467,0.3180547660459185,0.0811973325411992,0.1462534034353764,0.2163360386250495,0.2297628876118749,0.3875776429971735,0.538585745151964,0.6305373414161206,0.5726323712238481,0.4156914621647277,0.5334789922805163,0.4988342798788313,0.5455382200762068,0.4959143818432592,0.6641221374045803,0.0465080021547011,0.8078078078078077,0.3835354179961712,0.4185935242143834,0.5774436399522473,0.5861043170574316,0.3170926579857117,0.6998372449537635,0.1169654025423022,0.3922214431780084,0.4330757519840316,0.1530707055845252,0.4659214593008963,0.1789169384024274,0.4666928515520058,0.9441635538201896,0.196830954322015,0.2161781770873035,0.0010466008635802,0.1508702552247056,0.0022179580305657,0.1349297509598737,0.0052466095019919,0.2233016833275425
11,9,5,0.5,0.6673217342153699,0.4140255804769337,0.5,0.3891628296385742,0.0022729267293383,0.0038778605831589,0.0012451130615937,4.39605140662978e-05,0.8497296265839107,0.5724132581937076,9.57137653034769e-06,0.9997412689865396,0.448818897637795,0.0482846251588309,0.3152531675771863,0.7083333333333335,0.1856925418569253,0.1366736970303098,0.6609294320137692,0.1886446886446885,0.2262031870660933,0.1638826197098769,0.2697565957230931,0.2687333298636592,0.279213219747887,0.163899146173874,0.1669011099885035,0.2019733097613788,0.2622908875011807,0.455597474627277,0.6104944056204367,0.5528255582710119,0.5774956017851345,0.4790720138032459,0.5690553572556827,0.5114418281822584,0.5864888970698625,0.5567339748291356,0.6768447837150128,0.0228675126246335,0.7867867867867867,0.6247606892150608,0.7791114101613585,0.6421994329738512,0.8671030283759409,0.3428291353792356,0.8181793608445735,0.1423928027694391,0.2243127024139524,0.2954934326980329,0.3129579234652787,0.5496607312802898,0.2458296777529245,0.5435310216622384,0.9370973492863016,0.2141963360036902,0.2427675330918615,0.0012943745126706,0.1354150579757554,0.0050475914465831,0.1564849015361736,0.0053755465636737,0.1952230652483124
11,9,6,0.5,0.6473316629180117,0.4001681289839367,0.5,0.4298591666677568,0.004651898754728,9.932457300726376e-05,0.00149757418981,0.003525599902163,0.6698640575582742,0.6892619401741057,0.0001222784796065,0.9998647986183872,0.448818897637795,0.0343074968233799,0.3933422601676261,0.5486111111111109,0.1141552511415524,0.1722835642733857,0.5180722891566265,0.1923076923076922,0.1696350335038575,0.0718865934289113,0.1742109787320074,0.2722121061671503,0.2764706955237103,0.0754004819358981,0.1051036959187371,0.2413410038997377,0.2463138721748107,0.3435546506710003,0.4807452227924937,0.4933628015753214,0.5068528881955392,0.3880933620673274,0.4750493492124189,0.4929618706867624,0.5290027353042186,0.6414496265709295,0.6946564885496185,0.0206621157136707,0.8108108108108106,0.463943841735801,0.6083254727697058,0.6467769555244658,0.8346447953367293,0.2483054434143171,0.6943137019022685,0.1243245467860864,0.382724271825426,0.395002873285502,0.3772864014668343,0.4670175770177853,0.3721082084388428,0.4788836304480167,0.8774963491305784,0.3559922212366934,0.374388178878863,0.0030961980553675,0.151859275629407,0.0025365378939244,0.1770738206836977,0.0061107984775989,0.1930261365742127
11,9,7,0.5,0.5230443330461207,0.20986274473803,0.5,0.2544433982489809,0.0025037560195445,0.0003720646577318,0.0008381807338675,0.0004997247917774,0.8704702330850564,0.6515741490844709,0.0002336778198639,0.9994357501776026,0.448818897637795,0.0355781448538754,0.3847328244274809,0.5486111111111109,0.126331811263318,0.1580650076558296,0.5697074010327022,0.1886446886446885,0.1922685415271023,0.0967249948007148,0.1907870752439563,0.2273219234365123,0.3489949766796645,0.0975282790786371,0.1543259592663661,0.1892406826971178,0.3510784252477773,0.34576073234833,0.4763997614502656,0.4453006272593085,0.5422746079636707,0.3811565175614435,0.4923572401979555,0.4346437234084899,0.57946341835398,0.4975601516696342,0.697201017811705,0.0326116929818718,0.8198198198198199,0.5711550733886408,0.4438952612030498,0.5579734004187165,0.7961402332635275,0.2609713087972065,0.6618551441603131,0.2112376093512046,0.2998547384863346,0.3699004479683743,0.1007502512221666,0.5140299295001911,0.076395851931384,0.5308645969502871,0.9356749571812928,0.1540447478831483,0.1946069678518978,0.0082747611657977,0.2519128207500518,0.0074046073651358,0.237288017805225,0.0118762201501625,0.3310430600113346
11,9,8,0.5,0.5738247469858483,0.2618807446953864,0.75,0.2071501291899563,0.0004043337442545,0.0006155588855749,0.0013551815028472,0.0004876361083888,0.8072204127791701,0.6828279129213929,2.943895514830034e-05,0.999773456065116,0.5196850393700786,0.0228716645489199,0.5399353552025307,0.5798611111111112,0.1248097412480973,0.1664981627996006,0.5851979345955249,0.205128205128205,0.1817187576744872,0.2194055541091269,0.1580223232369984,0.2819427551218565,0.3185784418341328,0.2210005512356351,0.1069948545164393,0.2106117436887791,0.2197693525062614,0.4552512470976406,0.4891240140746927,0.5164182865046263,0.5525197412033932,0.4853058449107897,0.4839364437201516,0.4781663423478035,0.5190281832757812,0.469963966285416,0.6717557251908398,0.042022665242671,0.8138138138138137,0.5443522654754309,0.4086395534532507,0.4990621857961903,0.7273940678640911,0.3439878413552124,0.7575183732950277,0.0797452077729343,0.3659307046625013,0.4183256155870967,0.0177023774355395,0.5161540961993217,0.0192774272713574,0.5269692883378273,0.8779457316482749,0.3569114322625871,0.3845233059729028,0.0034465515693477,0.1144494855826969,0.0017583976378834,0.1448380918704462,0.0057270095458891,0.2012432854921308
11,9,9,0.5,0.5340668823118004,0.216787008929672,0.75,0.2711344371153797,0.0027444712043621,0.0026415733948723,0.0012995321663826,8.427580491092388e-05,0.8001654294889845,0.6234538092306389,3.102851146371303e-05,0.99979759256024,0.448818897637795,0.0609911054637864,0.2665137068016065,0.7777777777777779,0.1004566210045661,0.2505491013691299,0.5111876075731497,0.1336996336996336,0.2391001817318555,0.0505864789809961,0.1637496778138089,0.232232857201722,0.2881725269292092,0.0520906110954387,0.1418761305228847,0.2026237455694716,0.3090587667091589,0.3743045676208107,0.5229132545615276,0.5108383155079353,0.5595543830543827,0.4078126509388402,0.5389197281951769,0.4986379130263013,0.5985186151186486,0.6456416872780006,0.6615776081424938,0.0253083048201936,0.7807807807807805,0.5979578813018509,0.6393946764838105,0.6195591221727064,0.8493980524456308,0.2771890765636773,0.7826550873466909,0.1749818809331488,0.2106618629698537,0.2746352121121171,0.3742847415613557,0.6621576376598812,0.326194792841513,0.665749494235353,0.9532393551336216,0.1248019591451556,0.1431316067943184,0.0096299599251696,0.2274311528108332,0.0043594087679045,0.1911589164147161,0.0022134582875501,0.1880271147469382
11,9,10,0.5,0.5986467218653452,0.275472563597638,0.5,0.1752278102227302,0.0035422205392713,0.0017394817517943,0.0015106125794845,0.0001731006122371,0.8930274375792576,0.7195681148507904,0.0003497070817282,0.9998128221682304,0.448818897637795,0.0482846251588309,0.3152531675771863,0.5798611111111112,0.1917808219178082,0.1132426276437217,0.6333907056798622,0.1923076923076922,0.2118360108599858,0.3422049382931439,0.2101614867292575,0.2419949762694994,0.3405484531601058,0.3472266954136302,0.1693836737288452,0.2195355233765513,0.2616279221604523,0.533339829797149,0.5262280108759465,0.4897853714848977,0.5658515175933833,0.5643602191535144,0.5340553139591668,0.4849243670130647,0.5463420914323851,0.6409768072880015,0.6819338422391859,0.0294665462173443,0.7957957957957956,0.5443522654754309,0.6034587958052358,0.6565412427774442,0.8108761612818061,0.2769612974620561,0.7770588526927615,0.1450907716472139,0.218640335867235,0.2707210378809188,0.1394846196705876,0.5932634209992554,0.1296735541461157,0.6098198212578239,0.9433185143224048,0.1869139028845558,0.2146890217562566,0.0036866977685986,0.1488093574348907,0.0030825307986597,0.1631628733308361,0.0074174574528937,0.2295935308241191
11,9,11,0.5,0.4258436929184163,0.0837261447665188,0.5,0.2020689918104785,0.0007820827981516,2.3372056656546177e-05,0.0006141490328203,0.0061680019813721,0.6575377337394701,0.3806249494899694,2.3581956470451503e-05,0.9991252986558355,0.5196850393700786,0.0698856416772553,0.2643170677916663,0.5486111111111109,0.1293759512937594,0.1548521607278241,0.6247848537005163,0.2435897435897434,0.1630193618534848,0.1441605027490246,0.2697334100231984,0.320412341238777,0.4306245198838583,0.1469878754719325,0.2447105928815339,0.3013015699686122,0.4096281458785243,0.4297372192707245,0.5939011149450418,0.5640976300158174,0.6423426159255188,0.459957996610819,0.6101987747321055,0.5556241774103734,0.6541060681287996,0.5771022364199907,0.6412213740458016,0.0240569736844767,0.7777777777777777,0.6515634971282704,0.4933874787424246,0.4406167542649708,0.633099697436518,0.4404629001746816,0.7089403248730848,0.2018579634303558,0.399783118523864,0.4727324096260408,0.7442420977327444,0.4487372667411299,0.7873508167115816,0.4816344368976119,0.932749972527441,0.1587001047280012,0.1757226549376177,0.0074349737083237,0.2667117102975044,0.0041677674533036,0.2398587603165985,0.0049271251762179,0.1889362607547904
11,9,12,0.5,0.6432459634121248,0.3874718585458867,0.5,0.2631266741140059,0.0021878012374659,0.0042141408617236,0.001921822831134,7.580264168734417e-05,0.8628850168309368,0.6517070596130802,0.0001408104908699,0.9993625513581136,0.448818897637795,0.0343074968233799,0.3933422601676261,0.6736111111111114,0.0669710806697106,0.3049598661804879,0.5989672977624785,0.2435897435897436,0.1553233251605861,0.1724412422068523,0.2055583473036979,0.4796181609966829,0.4043833811351052,0.1658165819565261,0.1666487653024938,0.3670246902426258,0.3202423528171691,0.3750472655784835,0.4523513820345693,0.6173456687925091,0.5566206400422145,0.397618681854739,0.4619392709791429,0.5464883779836184,0.5203078842072586,0.5267118759950145,0.6895674300254454,0.0453582439445567,0.8468468468468466,0.4907466496490109,0.5321001586112226,0.4901191678088441,0.6678116185178968,0.3975973465728626,0.7268415869880596,0.3666319712477778,0.3303978098460414,0.3953406800147201,0.2931433083001381,0.4555421381621924,0.2687062103873927,0.4550926279326381,0.9161745708003736,0.137858872738638,0.1720960973424732,0.011345442298156,0.4166781860882386,0.0142221568577469,0.4413244748646565,0.0102440425936632,0.3814178008046764
11,9,13,0.5,0.4823848068487393,0.1345414699118944,0.5,0.1831530458149746,0.0021821775389257,0.0008574791585483,0.0009288438385564,0.0002237802851259,0.6394780142140095,0.5035920564924501,9.038608246254718e-06,0.9997266958458954,0.448818897637795,0.036848792884371,0.3764821151765083,0.7083333333333335,0.1156773211567731,0.2072119029567854,0.648881239242685,0.2234432234432233,0.1865289215606018,0.0734896040986841,0.1571762144264046,0.1560807621590008,0.202603755537187,0.0705141384907424,0.1217843136572301,0.1331217946044333,0.1865576682854651,0.402962753570161,0.5372394062700578,0.4861169219707973,0.5305010357448914,0.4184396962878106,0.5255943038454693,0.4591908514003369,0.5315648898005638,0.4021656323872498,0.6564885496183207,0.0130910965820683,0.8018018018018017,0.410338225909381,0.8208287407791572,0.8056236302613762,0.9365655078968408,0.2087214187486241,0.6922156167047726,0.1192856514359113,0.1628567430135199,0.21848404857129,0.1805813908433776,0.586514195017714,0.1944886489207361,0.5982222375795201,0.955434587232914,0.1793296719676193,0.2021580902433297,0.0009427486325707,0.1382521503456519,0.00531890677977,0.1380655564081907,0.0059919715521793,0.1432346697873991
11,9,14,0.5,0.3954934987237576,0.0668728892312164,0.25,0.2167479205486104,0.0022844905880101,0.0028248816114486,0.0008071124935424,3.561606549368058e-05,0.5892841814623954,0.5989195044656017,7.404462268265202e-05,0.9993797266026774,0.448818897637795,0.0228716645489199,0.4917690525482049,0.75,0.1004566210045661,0.2433890425010034,0.5714285714285714,0.1758241758241757,0.2070622946468809,0.1332381708523509,0.1437602796725308,0.1807621206596348,0.3224047153137831,0.1256501437308007,0.1118152491620514,0.1440271306031985,0.2390672875643469,0.3522259368020069,0.408424669349148,0.3827129588868158,0.5004349235546445,0.3678425133253977,0.4092335059142826,0.3557832723028211,0.4569036116044256,0.3872568904829738,0.6768447837150128,0.042022665242671,0.8168168168168167,0.5979578813018509,0.414025617413178,0.4875536303130463,0.6045717408971445,0.3871972057192324,0.5807918911500021,0.2289746292174524,0.3369239841431697,0.387076822935076,0.1531279758827225,0.5455613374269699,0.1222832193390679,0.5599337567422513,0.9353526628746394,0.1463839474932876,0.1674999166771285,0.0071409596795104,0.3299552395393299,0.0044963486367419,0.2880307012595614,0.0169798073196423,0.3669367141761831
11,9,15,0.5,0.6194167648919393,0.3347914620541674,0.75,0.6147890668336762,0.004642602566034,0.0023609535264189,0.0029264649183038,0.0002606576653174,0.9617961350905274,0.9184315728942972,0.0001828444282647,0.999933471517946,0.590551181102362,0.0825921219822108,0.2527214764119213,0.6423611111111109,0.1019786910197868,0.2130316417476241,0.506024096385542,0.1923076923076922,0.1652259761681426,0.2097156738687023,0.3172345101845614,0.3070946134193198,0.3148347624729201,0.2212450383815536,0.1923009583815176,0.255228744899073,0.3013745074835918,0.4760828557337386,0.6348263104763336,0.5687510418889918,0.591024434178519,0.511143882148155,0.5896872462648952,0.5440450159776327,0.6110769518832802,0.4369653222550664,0.6997455470737917,0.016451860225276,0.7927927927927927,0.4907466496490109,0.6671398540895552,0.6080665255580939,0.8650118962726077,0.3664149055556646,0.8713699839547004,0.101956054318507,0.159498555089679,0.2028790393515429,0.2562765924042968,0.3627579873169578,0.2681048412247559,0.3687579316979618,0.9060580057431477,0.306889860485182,0.3584426315878969,0.0021771032332693,0.0978417985889709,0.0021255825388823,0.1601992755259178,0.0027196684677713,0.1483824757948044
11,9,16,0.5,0.6081487558190615,0.3195606773021396,0.5,0.5998643931009858,0.002889718228229,0.0003884497971267,0.0017601587551027,0.0010373022724733,0.8763436459064837,0.8754587324127634,0.0001991403283956,0.9999399910439216,0.5196850393700786,0.0355781448538754,0.4226509775808864,0.6423611111111109,0.0593607305936072,0.3202207948811795,0.4406196213425127,0.1062271062271061,0.2519153365658452,0.1056827824626869,0.1946217659280556,0.2087024926051268,0.1931036857814243,0.1086763097188931,0.1117798260001231,0.174584469753959,0.2000900372357343,0.4304545780084077,0.5721762838283767,0.5272842418374598,0.5401129390722653,0.4594156871500612,0.5444674810738134,0.5067651430984945,0.565939391207454,0.1155302435043124,0.6513994910941477,0.0211994891434655,0.7777777777777777,0.463943841735801,0.8398272050064315,0.7916721287033308,0.9451222364441988,0.3472571034041293,0.7978738642048802,0.1185416841066157,0.230386245532586,0.2684533613156987,0.2932909102967309,0.4257303988273498,0.3211099430154947,0.4305471612248631,0.9585146374359786,0.1583644344445049,0.1780017482703002,0.0065807823529644,0.1205435003391946,0.0026036302699566,0.124049300496262,0.0026727977202535,0.1186533493842353
11,9,17,0.5,0.4197412811886809,0.0810015171220097,0.25,0.2544443035844581,0.0029009325040546,0.0016671057065369,0.0011367371803684,0.0001290827979918,0.5802292579153413,0.4774717575084756,0.0002794894441855,0.999676698196632,0.448818897637795,0.0698856416772553,0.2402339164645034,0.5868055555555558,0.1293759512937594,0.1628986211144806,0.6592082616179,0.2234432234432233,0.1898492116766809,0.1925203004373079,0.2315203772427794,0.3329798334230406,0.3370444845314103,0.1850002875160045,0.1960266517415278,0.2705744239013845,0.3180894834225351,0.3947327056574684,0.4811171484503309,0.4997551029674595,0.5064712289896278,0.4165367518237859,0.4965224874285475,0.4650755737906563,0.5221710699179383,0.5840759217856681,0.6793893129770993,0.0223021875989469,0.8108108108108106,0.5979578813018509,0.6325612851906404,0.4738011184066248,0.7431187568687161,0.430709921099475,0.6636146197812276,0.2082757943600653,0.347840574268802,0.4318993123200196,0.1045908925129057,0.5265629034050459,0.0974048593376936,0.5531060874651054,0.9091471822861416,0.2252796183098976,0.2629834161854654,0.0235855048624429,0.2830656384653304,0.0122882043374205,0.3085439921230281,0.0114746799909301,0.3150866860757392
11,9,18,0.5,0.4703796679201778,0.1300687263014711,0.5,0.2582402727608066,0.0042788927515867,0.0027860831823562,0.0009397789263434,4.778967732763165e-05,0.8362417355391178,0.7336496468804433,4.517103011891957e-05,0.999485553043444,0.448818897637795,0.0470139771283354,0.3210844959199789,0.5798611111111112,0.0989345509893454,0.2020162618686595,0.5043029259896729,0.2600732600732599,0.1178404197842138,0.1996011200248302,0.2963657170758616,0.3127179668346184,0.4458846020525296,0.2025361184869026,0.2270942130166345,0.263262099615986,0.3797750857498606,0.4437090276641922,0.5907415636220932,0.5377527708173699,0.6344395891046275,0.4756437497213942,0.5808393750332765,0.5151125681445023,0.6216684206475004,0.5309324295080851,0.6717557251908398,0.0294665462173443,0.8348348348348349,0.5979578813018509,0.7197858454034556,0.6733474153129615,0.8771859570952896,0.2859054332296806,0.7729886699760193,0.1280607778429142,0.1632558003790891,0.1877042197624396,0.134817639789003,0.5521031282826339,0.1060414403434146,0.5607396588242248,0.9264699723880188,0.2708529534770019,0.3045215224975591,0.0032016393310182,0.1523882350354302,0.0016250739588201,0.1360523076955291,0.0047945554465328,0.1767001379151992
11,9,19,0.5,0.5292120101978729,0.2120617995980344,0.5,0.2336606731943949,0.0009679530792143,0.0012345281158284,0.0005030621463978,6.434832231597032e-05,0.8223756318446482,0.584340013237611,9.29015784851323e-05,0.9995580406030372,0.448818897637795,0.073697585768742,0.230433846227476,0.5173611111111109,0.0700152207001521,0.2426317285822592,0.6247848537005163,0.2399267399267398,0.1657121138417833,0.1618428592752717,0.1985567784465836,0.4943350100121139,0.4013450797436959,0.1589254470575438,0.1503050160857825,0.3028913837920552,0.2822650930747294,0.4477242209990535,0.5591923261382432,0.668052365698066,0.6336277266665632,0.4680818397635531,0.5470322360151746,0.5579487687469894,0.5859038865454955,0.3855762457094935,0.6412213740458016,0.0191549600289414,0.7897897897897899,0.463943841735801,0.307877843367629,0.3570992237973547,0.6474064720176638,0.4243710907249989,0.6569019965517117,0.1437093414069044,0.4026957237389372,0.3766343763485644,0.229656522430959,0.4677050332626044,0.2549583711443163,0.4884668437882898,0.8740246974171514,0.2836464754596959,0.2604764181172048,0.0085344358507309,0.2632915356265501,0.0034404907760114,0.1878191415083272,0.0032425194056666,0.1663504941199279
12,8,0,0.5,0.6855495824280511,0.3813767986044762,0.5,0.4316329808282879,1.5308677781676572,1.6915338583333186,0.4634086035909632,3.2841884144557093e-05,0.8863067268122193,0.7460914685837287,0.0002182124134657,0.9988997897494132,0.5196850393700786,0.110546378653113,0.1811115470638583,0.7743055555555558,0.0578386605783865,0.3767137351528937,0.4165232358003441,0.1007326007326007,0.2489549240855151,0.1079350222144142,0.1326335394635487,0.1731996219206067,0.1785929412748121,0.1043519973594025,0.1143283118045349,0.1556811699140182,0.1770853320168967,0.3200064746819718,0.3812862615412065,0.3601964419466226,0.3697928097926695,0.3453650893535497,0.4056176526175605,0.3597669266972134,0.39868127706192,0.4883408462371785,0.9821882951653949,0.1419098234625519,0.8948948948948948,0.1959157626037013,0.7069245319189519,0.680812034307408,0.8380375044163064,0.3058133559697462,1.0430373275173457,0.3366545279710533,0.2961577583366637,0.3680790169707442,0.5093514369186108,0.5424592736983626,0.4549136794769319,0.574225000188949,0.9251372262611618,0.1202752274336849,0.1495896462604131,0.0630428865708854,0.3773915186125105,0.0324295601205179,0.3801072476509652,0.0993937534013443,0.4080207308402732
12,8,1,0.5,0.5403200677731748,0.1827203142935675,0.5,0.5181896630127405,4.1908143683357215,0.7649568557678915,1.0602437459263172,0.0002952206192523,0.8753283558915307,0.7768788437904234,4.079590620521507e-05,0.9958445232904626,0.448818897637795,0.0343074968233799,0.3933422601676261,0.7638888888888888,0.1765601217656012,0.1521645887737623,0.2203098106712563,0.1703296703296702,0.0712909245137997,0.0858506859271958,0.1755946065867689,0.2025317588884551,0.199290980998376,0.0836415008918959,0.1406540312733997,0.1827099623112269,0.1986194442465113,0.3017125519371538,0.4212231065746551,0.3845131860381946,0.3865138014564597,0.3300107821906131,0.4356302146841791,0.3857217499437577,0.4193371059632241,0.4251274043482951,1.0559796437659037,0.1923732265471849,0.9369369369369368,0.410338225909381,0.7082781370214617,0.6184532966738168,0.7273571303804847,0.3028511656642281,0.9077316933554772,0.2675278091226634,0.3519007374425653,0.4026597227000037,0.2349165687851261,0.6076585856121376,0.2469327245095725,0.6427979823333586,0.9258069437047188,0.157788189952127,0.1874427764893076,0.023542822288718,0.2730966301225463,0.0203843839806471,0.3603969301170617,0.0516758809310857,0.3990921177088845
12,8,2,0.5,0.7313157754344732,0.4527918947606557,0.75,0.4240712162727535,10.99956548235204,0.8496315629125729,2.342153155439504,0.0006186112444575,0.8834895665887789,0.8046617695211238,4.774361557441331e-05,0.9995317418885906,0.5196850393700786,0.0851334180432019,0.2258587021064295,0.791666666666667,0.141552511415525,0.1906954842683851,0.1480206540447503,0.1575091575091574,0.0473321436172825,0.0530303936025548,0.2080133028438645,0.253207472679235,0.267083726222961,0.0526952328717024,0.1383878396481219,0.1983100603790624,0.276933830594035,0.2122810122715461,0.3895133101178735,0.367361625392053,0.376711567090394,0.254109856314655,0.3834023445771464,0.3526499030463335,0.4386534755001801,0.5218163426380449,1.0966921119592876,0.1973763953755383,0.9099099099099098,0.410338225909381,0.7711349129894907,0.6887156679237156,0.7911658499507404,0.2923254880472639,0.9432440564567924,0.4367081330195701,0.3580258809624346,0.4433966680171615,0.1581122838015417,0.5341368771348639,0.1595229993943745,0.5210329225637599,0.9025013153105284,0.1515928941383465,0.1811190477037888,0.1138751333664532,0.4935340126235947,0.0576944703285643,0.4883532467199468,0.1242941475078053,0.5988718510898653
12,8,3,0.5,0.963636175699523,0.9320483898864466,0.5,0.2419603897854972,19.16997489914429,9.642925814545231,5.489823000195544,0.0001025273494942,0.6991673028638962,0.6474189841222562,0.0001133331068323,0.9990991063706742,0.590551181102362,0.073697585768742,0.2767235396874776,0.59375,0.1126331811263317,0.1848671097361148,0.0860585197934594,0.1263736263736262,0.0318682813834654,0.1129875754423441,0.1261043908373238,0.197879416920898,0.236343056437278,0.1088983144324881,0.102405339952265,0.1697663526879397,0.227355751511826,0.3009306061762446,0.3418511690268313,0.3510522058520399,0.3864835686830145,0.3270037293271914,0.3637147116750613,0.3456280100772975,0.4133456192260984,0.3708708127442275,1.147582697201018,0.303628731909818,0.9609609609609612,0.3299298021697512,0.7350044576655703,0.7080490267129136,0.8366751493413385,0.1823497343334694,1.0135419490313848,0.3349032179526328,0.2943173887002754,0.3667059288375229,0.2969555680801911,0.4694187748769735,0.3133159188562519,0.4577020237927326,0.9176869397813464,0.1598235921404001,0.1930404201345334,0.0890155761182517,0.3652330493838805,0.0359438251119587,0.3789229022461365,0.3812276264419806,0.5084729519084069
12,8,4,0.5,0.8362800889642095,0.6998690230340284,0.5,0.3224343832112343,1.855155941353288,0.5195055237121188,0.4584705976977346,0.0001764241446081,0.7351655546265544,0.6722767811080312,0.000126118029276,0.9977727249169256,0.448818897637795,0.0495552731893265,0.3096229195220762,0.5729166666666665,0.0730593607305935,0.2532875567198125,0.4079173838209981,0.2032967032967032,0.1215601957104478,0.0524918891233146,0.1429585600364213,0.1529360613531012,0.1896326824935361,0.0489730893316361,0.1138679638417019,0.1274687754672976,0.1827965386845507,0.2399090323170842,0.3503411104712159,0.3016628784837032,0.3361453904729638,0.254351284717712,0.35751018399674,0.2847853724385166,0.3513251732443899,0.4503555500547147,0.9923664122137408,0.1695231956080934,0.9249249249249248,0.2227185705169114,0.6548234370645831,0.6956691507902217,0.7800213272749281,0.2366601582430299,0.9330106324718916,0.366453519716249,0.3967308678377399,0.4351085258952856,0.1352633249782775,0.5099766652020015,0.1102248708921644,0.5117914323755727,0.9229464385918608,0.1142112509560081,0.1371690315166786,0.0716821365839139,0.4279136272337249,0.0429542581181295,0.3808468083801884,0.2113857921710071,0.598784291090397
12,8,5,0.5,0.7589093647101323,0.4787458029460789,0.25,0.3845223138471246,4.973200158567993,1.238757228360836,1.3403436282550565,0.0002234924607504,0.8778840985361707,0.66037441758821,0.0001696918377795,0.999837116538174,0.448818897637795,0.0597204574332909,0.2707230238685885,0.854166666666667,0.1308980213089801,0.2170502545218239,0.1566265060240961,0.1062271062271061,0.083716429369729,0.0983248250807243,0.1579013249279447,0.2165485431459095,0.2236655431324554,0.0949049925358278,0.1233741687759184,0.1839656461105193,0.2236827907002692,0.3217541243045948,0.4171880239038527,0.4077540247178775,0.4191747374158685,0.3458777943931743,0.4251540655024737,0.3939622660260256,0.4481787418883304,0.5390067142082433,1.025445292620865,0.4014242212665061,0.918918918918919,0.3567326100829611,0.7219717101759282,0.60589074955538,0.7285149191799105,0.3640807557675744,0.9347629872950304,0.2555722773045476,0.3494104833675209,0.4092311634070205,0.2025267531411524,0.4896753232128014,0.2706828041960891,0.4506438067592919,0.922617481507532,0.1723116400566457,0.2076214623056997,0.0787302656118913,0.251598220599742,0.0719277300342905,0.2947991132821869,1.1854704575146249,0.4520120980507118
12,8,6,0.5,0.9458833180155636,0.902651258554544,0.25,0.3964787317793892,4.382195398188965,1.1863790008239077,1.837982591762498,0.0003337305431101,0.7992036852340904,0.7888269618249701,0.0003245846201344,0.9993810598673608,0.448818897637795,0.0597204574332909,0.2707230238685885,0.625,0.1308980213089801,0.1692312899382649,0.3115318416523235,0.1373626373626373,0.1365163078945704,0.0824512848890498,0.1240499237998155,0.1601609586785825,0.1798050100526329,0.0836373833748281,0.1024932693196925,0.1431145225826263,0.1845634847024913,0.293457398660677,0.3658142814464437,0.3421026351574738,0.3631384548855825,0.3362890738262503,0.4032106155698614,0.3585588019870233,0.4156394877538437,0.5285646430426953,1.045801526717557,0.3360368586876496,0.918918918918919,0.3031269942565411,0.7432418671998802,0.702168139139248,0.8946487199639201,0.3071784069839812,0.9988849391386035,0.3320759077964058,0.3462252556419984,0.4111940301825387,0.2792084569519644,0.527106453936996,0.2300167269765191,0.5484076958079074,0.9291989227304684,0.1001030399236501,0.1173727952764165,0.0417156857117858,0.3221233662172559,0.033876445053809,0.3077181192483629,0.0383691088496303,0.3710494392637108
12,8,7,0.5,0.9823466039739948,0.9687531684002376,0.25,0.2407445595607579,14.256023738348953,0.2212305807982568,6.160664760250774,0.0065384682111903,0.6343242657233628,0.5453269461886824,6.484548289651481e-05,0.9947939247038918,0.6850393700787397,0.0597204574332909,0.3607307611519246,0.5034722222222221,0.1430745814307458,0.1330496839922977,0.1824440619621342,0.1593406593406592,0.0612801999596151,0.0814925545037287,0.1927250322820413,0.2316832481572022,0.3285689745703283,0.0784216876139001,0.129264712399795,0.1996853041567028,0.3180997157694371,0.2602335410325967,0.3950180621820248,0.3678403919573004,0.4559049391349803,0.2870078418270277,0.3810253612776147,0.3619993869185805,0.4857465649834728,0.4341042514832205,1.1628498727735372,0.4555321820790231,0.957957957957958,0.2495213784301213,0.7695956384170137,0.627741297195656,0.7296720581014617,0.248542992822408,0.9917631650832648,0.5156919234720948,0.330878607148461,0.3979302047580728,0.4839112751089682,0.5553517349366038,0.475782825061927,0.4811032676579495,0.9057085506345388,0.1148947120175588,0.1332362729674425,0.3366792943842653,0.6244095409307938,0.1547623909444549,0.5744588569522967,0.1276229895168121,0.6409909760214509
12,8,8,0.5,0.7124586572024778,0.4437020640215879,0.75,0.5301309671731307,2.3050748778333734,0.5845685113417172,0.6710506050873981,0.0002390491345328,0.9226287846831448,0.8440268694564281,0.0004077653199131,0.9990623970078176,0.590551181102362,0.0864040660736975,0.2436172455142965,0.7534722222222223,0.1796042617960426,0.1481458871739816,0.2650602409638553,0.1227106227106226,0.1282936370736837,0.1990411712165776,0.1590359006994288,0.1762721201186312,0.1875048489564674,0.1985182872088474,0.1284260144867531,0.1485788238834261,0.1967208526147879,0.3807577757063897,0.3811097648080197,0.3375768618315955,0.3498078333713379,0.4181119397302157,0.4099830413766823,0.3424829580823835,0.4035135433469081,0.6426041743608133,1.0152671755725189,0.35351589143367,0.903903903903904,0.517549457562221,0.7498745776546469,0.7272752701210647,0.8516243215777415,0.2668685374938666,0.9765497673831512,0.2818681077900121,0.2082833576920624,0.2276964356659852,0.1943146161350237,0.411199583931487,0.1976169446413959,0.4100373045927061,0.9161622789276284,0.2181792707870665,0.2590326487305902,0.0217736369833255,0.3162799634551262,0.0170064139618948,0.3380804521755693,0.0411150284188566,0.4059498355619554
12,8,9,0.5,0.8070391610869591,0.6366051534704062,0.5,0.3472978250814639,3.7792059681732657,0.8749151577531965,0.93286632150575,0.0002197716070172,0.7789067399138546,0.6380508408774462,9.20356333380186e-05,0.9981803696805668,0.448818897637795,0.0978398983481575,0.1825904477786552,0.6145833333333335,0.2526636225266361,0.0909233295084318,0.308089500860585,0.1043956043956043,0.1762360222007563,0.1473735627930128,0.1390108541206618,0.1747772578980033,0.1959096765081283,0.146774377050012,0.1082949747503055,0.1530218406312674,0.2083618070188912,0.3382374996737812,0.3653531611790411,0.3403009342382057,0.3614442444864855,0.3753031162511706,0.3909363863703505,0.3493983446797449,0.4166653288826539,0.510968089209348,1.0559796437659037,0.3447763750606598,0.9249249249249248,0.3299298021697512,0.7151883859408441,0.714833585203376,0.8853678271626833,0.257814355325723,0.923189608989428,0.3093997424763881,0.3163303757749816,0.3877732324122211,0.283246996674635,0.4569074358918259,0.255047529678326,0.4911275402122214,0.928800013823324,0.1151812782669804,0.1386461858062646,0.0594037840023456,0.3825267712394604,0.0294179436122385,0.3356379905377776,0.1005592584395063,0.405271333831057
12,8,10,0.5,0.9621133212325724,0.93296938546047,0.25,0.4397621372240196,4.086371860196486,0.9426806643617924,2.811256928163341,0.0006718214981552,0.924320971710466,0.8608234546416568,0.0001739757523671,0.99985714228677,0.448818897637795,0.0749682337992375,0.2273346787166212,0.7048611111111109,0.1004566210045661,0.2317539468402978,0.3580034423407916,0.2252747252747251,0.0920811891215411,0.0402436241746435,0.0956443183828157,0.1418716595646719,0.128849054683282,0.0411321844982366,0.0684576309173978,0.1328307158704894,0.147946634894641,0.2967154234581883,0.3876842729178483,0.3725968220789217,0.3724571402914053,0.3376800672953432,0.411320836985612,0.3887997469480133,0.4301978139466123,0.4743421232726992,1.0,0.1492912962261596,0.918918918918919,0.3031269942565411,0.774314991150407,0.9403229446749196,0.9328298195610532,0.0339501670747878,0.9723331413521416,0.2295629681464086,0.2314946649694065,0.2760015179247781,0.2068839293433632,0.5139982801265093,0.1909866671452009,0.505125056102008,0.945486931028623,0.1257819928613291,0.1365472848504947,0.0175586118634081,0.2366247080158706,0.0158784992059833,0.2440843620834774,0.0953840025105887,0.3435695122250166
12,8,11,0.5,0.5774346132754098,0.2201355940237314,0.75,0.4774092907460938,1.4656753617153928,0.7456046880940065,0.2773815156082995,5.59791819466613e-05,0.8914708290768752,0.7187889297318378,4.4423521682112105e-05,0.9987706146720968,0.448818897637795,0.1372299872935196,0.1352625604610689,0.4131944444444443,0.1628614916286148,0.102695306388919,0.2306368330464715,0.161172161172161,0.0808121372043073,0.0987625935901685,0.1348000137374585,0.1862726696978345,0.2625828555303375,0.0963971945299369,0.0987188777727465,0.1791719472391342,0.2260838583556683,0.3037155431446778,0.3714748580681601,0.3600485161363769,0.4280804962246277,0.333305964160085,0.3821768702791025,0.3744261421655877,0.4335084767151718,0.5253699557313571,0.9567430025445296,0.1923732265471849,0.933933933933934,0.3031269942565411,0.5345830841919312,0.5517263076432828,0.7058671780041563,0.330890922529567,1.0296197805293417,0.3898295127334305,0.3220207293866088,0.4047230019366932,0.4116821196607331,0.6284791192146824,0.3813669275222859,0.6592282519712771,0.9197722365024956,0.1069176285167028,0.1286591660187943,0.0986977098510863,0.3467463800639712,0.0632913549028614,0.3841916930481263,0.1366302847853891,0.4500135080236668
12,8,12,0.5,0.9998788572779822,0.9997913913339354,0.25,0.2251810909389453,53.12139717598295,2.6765079150907853,15.60779196419614,0.001344061568087,0.802269264324148,0.6304460672271491,0.000130481414169,0.999382635650752,0.448818897637795,0.0978398983481575,0.1825904477786552,0.7847222222222225,0.1308980213089801,0.2025596591934727,0.2030981067125645,0.0879120879120878,0.1337899699693441,0.1021368610801282,0.1199112054992122,0.1724507284514913,0.1935060803955853,0.0976659992108105,0.0925900788208317,0.1315895827851146,0.1882722850406291,0.289961386632344,0.3337149242972028,0.3263141135484825,0.3467030817573369,0.3132324266921437,0.3477750842642619,0.3045611784989131,0.3728332015409543,0.3571910032143095,1.0152671755725189,0.1738203315402131,0.9249249249249248,0.1959157626037013,0.6145751447592627,0.6196042906748129,0.7167033121905435,0.3106358998560634,1.0037754819174034,0.3560738076487131,0.149841769905735,0.1920403567467772,0.243543077276931,0.6182944431712976,0.2042626101872617,0.6294293887640751,0.9213843226575416,0.1521418185002546,0.1785745188140175,0.0758252428641173,0.3694116197831963,0.0506764947676238,0.4017966096281382,0.0612199208072839,0.3937357087765034
12,8,13,0.5,0.7065856186524178,0.4107181200938076,0.25,0.4202599981409523,2.767739136490996,1.2489559439319249,0.9783116809335302,0.0001530166420261,0.8348798277902324,0.6704603314108862,3.078990147896604e-05,0.9988503719094176,0.448818897637795,0.0381194409148665,0.3685681695684328,0.71875,0.0578386605783865,0.3553591736163761,0.3752151462994835,0.1373626373626373,0.1673390727714345,0.1070335345940053,0.1077183550838659,0.1398826339969622,0.149721617541808,0.1052864796400312,0.0960662765984536,0.1301893255096614,0.1565770315221174,0.3351945884090814,0.3814395666060465,0.355107282935324,0.3706943823605487,0.3649312594349506,0.4112996591172458,0.3620310183876988,0.4088828019819506,0.4511332390589451,1.0356234096692114,0.2886162903455915,0.9369369369369368,0.410338225909381,0.6352859255888528,0.6697745794706877,0.8433501762056239,0.2925981246103736,0.886869531988768,0.2338213148181799,0.2605663257771686,0.3246228225778105,0.2245417885961431,0.5661291494164372,0.2107833747911683,0.5885697079202791,0.9428370501441962,0.1192186701636132,0.1463304138899525,0.2121561672287907,0.2978931248714598,0.0810398492273318,0.2774832670580061,0.0871837023886141,0.3485538424070265
12,8,14,0.5,0.6920830632865937,0.4111862314251003,0.5,0.34464410885655,4.803690715384944,2.7398779609230903,1.1257685865578435,6.514790838973347e-05,0.7987940975217913,0.5789798766083092,0.000199101676203,0.9937430421560424,0.448818897637795,0.0609911054637864,0.2665137068016066,0.8888888888888888,0.0578386605783865,0.4207575183219611,0.2512908777969018,0.1391941391941391,0.1058176139516559,0.0927194437318589,0.1042400622017422,0.1509559849516621,0.183894744087508,0.0863116327808221,0.0871315773982547,0.1187243941601171,0.1759931092725062,0.2043294885005341,0.2078434054582107,0.2032123893259022,0.2311165509303445,0.2199085352209878,0.2345951400424768,0.1862291284272457,0.2519163832168432,0.3590935359529466,1.0534351145038163,0.4555321820790231,0.9729729729729728,0.4371410338225909,0.5157989269950662,0.6052152555065433,0.5947391604174457,0.2790671741316037,0.8781594714138449,0.3944039083044595,0.3490658116211305,0.4158428534359339,0.1667655015813736,0.6324511609242336,0.1837885993361448,0.6430621473187822,0.9155140065437224,0.1275893141275407,0.1454125383604464,0.0985427242833862,0.5459422307657064,0.0792924909294822,0.5095516109652487,0.4029157287326175,0.6068863572040694
12,8,15,0.5,0.796956263251454,0.5662768598928778,0.5,0.4082360031141191,32.03750741372353,14.537801709497211,9.776038874093228,0.0001268634438927,0.8725730420286696,0.8038178805661116,5.120041406559294e-05,0.9999669144231726,0.448818897637795,0.025412960609911,0.4659705770524406,0.71875,0.0837138508371384,0.2716543424584554,0.3080895008605852,0.2069597069597068,0.084829195676879,0.1579359495267734,0.1296954857574589,0.1593924626708582,0.1894940697060954,0.1634935879738223,0.1054470213980857,0.1336549652406704,0.2005417080358811,0.3896301571332816,0.4253135723629493,0.3945002355808417,0.4263942299211847,0.432239032741148,0.4554850720704497,0.4001452443584347,0.4790858285133862,0.457657276857081,1.1399491094147585,0.1695231956080934,0.9309309309309308,0.5711550733886408,0.7162394834455768,0.8387880459377728,0.909072459980234,0.2257162947827726,1.0457773231152163,0.1897578610167725,0.1073719347116131,0.1260924416136426,0.0893011093616381,0.5416167145737555,0.0616893166887825,0.5413976395215857,0.9388839667110502,0.2075722711280112,0.2524701264090559,0.0146328861825383,0.1728434715332435,0.05729423930718,0.2854206785698118,0.0386628004749497,0.3009630444667613
12,8,16,0.5,0.5807100315840626,0.2277529193565608,0.5,0.4376086608347662,5.600868228020319,2.2788462918231085,1.0319299748484234,7.504491670453942e-05,0.7622335538567867,0.7359762828750599,6.112323901827264e-05,0.997354849349424,0.448818897637795,0.1118170266836085,0.1626576595414927,0.7881944444444444,0.0852359208523591,0.2881990775840282,0.182444061962134,0.1391941391941391,0.0728501943593803,0.0907373692973395,0.0993839538177189,0.1973943132334948,0.1974354286433077,0.0899193363544833,0.0896313313172991,0.1531786800254123,0.1976692110492123,0.2626095374051937,0.2882891607417551,0.328250132200746,0.3271421344119,0.3013905841153545,0.3382431616445435,0.3198984006715606,0.3755614865803496,0.3634011444774589,1.0559796437659037,0.2076429739476221,0.8858858858858859,0.517549457562221,0.6723032577511896,0.7104593692986869,0.748837219210114,0.2364885629905022,0.8489368075810815,0.3552850042949808,0.37261061985819,0.4571049520104866,0.3291998954020597,0.5148604891579396,0.3516474203902345,0.5233712707794078,0.9148568279974024,0.1384213148757304,0.1575987568625128,0.0473242947140329,0.383444395514722,0.0275761999816816,0.3903218070222473,0.0960993158429027,0.4764141704920696
12,8,17,0.5,0.6023592505457596,0.2568830146059147,0.25,0.3860713147241394,1.6706289634008846,0.0231568593806083,0.4145603163241692,0.0041920541693483,0.7149264232214839,0.657669413654671,2.1837777974594157e-05,0.9972384265974484,0.448818897637795,0.036848792884371,0.3764821151765085,0.6875,0.0456621004566209,0.4008738066871935,0.2306368330464715,0.1556776556776556,0.0842607624027262,0.0240372662648638,0.0979976783137286,0.1392372084329579,0.1504191730364581,0.0228778190896977,0.0786182047112688,0.1268452926865959,0.1464316175753044,0.2107947232253124,0.2999418574605352,0.285182941537229,0.2965925807094235,0.2336822673118826,0.3196700253626699,0.2887291490993818,0.3213868500791369,0.3385347108460039,0.9949109414758276,0.1348933158683615,0.9489489489489488,0.3567326100829611,0.7661474543274012,0.7328772316796686,0.8484100825246199,0.2376893323708163,0.8435420909755215,0.2820353884464225,0.3423552386168187,0.4041083720774998,0.1201347369379895,0.5736466718770986,0.0903323708330132,0.5751711821329782,0.9301258686534736,0.1357796352259278,0.1592019617141557,0.1525211320394136,0.3569912084327394,0.068514525180233,0.4104017185620068,0.4744845307859784,0.4149822206132539
12,8,18,0.5,0.6878047132160439,0.4126000463657824,0.75,0.4070051650705542,1.172922957064651,0.4384957142668044,0.3862149807058138,0.0001760134001797,0.8132763511614285,0.8389407697879053,0.0011742636358617,0.9991553992981566,0.52755905511811,0.0381194409148665,0.408979806716053,0.3888888888888887,0.0578386605783865,0.228566464493303,0.2099827882960411,0.0842490842490842,0.1439877044483374,0.0978640429446957,0.1524033720512055,0.2024241058797571,0.2277052596932597,0.0941967772723605,0.1201955538309123,0.1658968977318198,0.2214313669543223,0.306074298752001,0.3924350473821889,0.3777329989778223,0.402701274639597,0.3304106941223631,0.4041459627036511,0.3613218612025842,0.4282750345802633,0.6101409701425107,0.9567430025445296,0.2129063836913527,0.9279279279279278,0.5443522654754309,0.7964778113649187,0.7199899647614298,0.8348358456580032,0.2820142244577272,0.8469881884596584,0.4080026741420715,0.3755069213426714,0.4223449846890696,0.3816191154483712,0.7075494564205091,0.4450370337184425,0.7895520608043944,0.917228362616773,0.1045814188593956,0.1299904708083784,0.0674986037328259,0.4881004769046958,0.0420966021365415,0.4455010517539149,0.2658240593184284,0.4593459947225228
12,8,19,0.5,0.5918210019081014,0.2423464269975685,0.75,0.5390554836245017,1.888149852083585,0.2299665972420856,0.5852655569397623,0.0005686707338629,0.8957544533078823,0.8581973749947278,0.0005170863904391,0.9991721690851968,0.448818897637795,0.050825921219822,0.3041835273332411,0.7430555555555556,0.1035007610350075,0.2358380608785827,0.4182444061962133,0.2234432234432233,0.1123757756348335,0.0413388047196928,0.0672575100083237,0.1334310039447262,0.1890816316735924,0.0410453195707898,0.0574003023888701,0.1102312321521989,0.1941409543890941,0.3178794480849837,0.3911225182260888,0.3910069684294286,0.4415701987150216,0.3479893798132884,0.414095365943799,0.3836436398402446,0.4751517515485834,0.6034618125826787,0.9974554707379136,0.303628731909818,0.9219219219219216,0.4371410338225909,0.608547910062808,0.685649622120974,0.7667392929615819,0.2562383511127223,0.9148442913052433,0.1978760435446668,0.1973787193804865,0.2282630377462953,0.2093939511394202,0.6267159105850901,0.2269525936603017,0.6720807772767319,0.952395486944456,0.1279427625352832,0.1498997022209179,0.0661073464374926,0.2674814906279434,0.0283190414848151,0.2159036931298539,0.0884401007549286,0.2653782846684929
12,9,0,0.5,0.4582000911008178,0.1156368573827386,0.25,0.5575773008121631,0.0783854229975254,0.0156330327130224,0.0226759721705489,0.0003104384333006,0.7379922289816452,0.8837156879664826,1.6425507619437776e-05,0.9977621648777668,0.448818897637795,0.0851334180432019,0.2051359904993358,0.4652777777777778,0.0700152207001521,0.2250758150113722,0.1841652323580033,0.1556776556776556,0.0639521917898147,0.1110569597808261,0.1223965935155946,0.1914591662087632,0.1840740367119138,0.1056795675240616,0.1005346889521466,0.1319046616270139,0.1786455430699731,0.2936566217488852,0.3301011818561259,0.3380584184158218,0.3320994944744448,0.3152129666206458,0.3499126219333868,0.2977821014912945,0.3563812275165772,0.3654285271721535,0.8295165394402036,0.2478875771769732,0.9249249249249248,0.3031269942565411,0.8393347432068623,0.7373717187035451,0.8599742419389926,0.2716075784847317,0.6728241164035319,0.3950348217160888,0.2724849112872571,0.3021830797907125,0.3323480201432153,0.6930627122521216,0.3245437293698329,0.6816496927415219,0.913947873189906,0.1458427043711687,0.1599324002465862,0.1085882633796485,0.3934481205881524,0.0463078972024912,0.4159412088471667,0.0645336423654876,0.4828588910957178
12,9,1,0.5,0.78499803725175,0.5913364553911029,0.5,0.2975862307034986,0.2849244206932149,0.2411614105285655,0.0900323869916847,5.628734393512848e-05,0.7256716190593402,0.6595454122861453,7.284680071055836e-05,0.9987969094639786,0.448818897637795,0.0584498094027954,0.2750618583837852,0.9270833333333336,0.2085235920852359,0.1533891679302502,0.2960413080895008,0.1391941391941391,0.127246436686635,0.0554032493639512,0.1427906358876439,0.1864393417466627,0.2773678441968214,0.0529663296012236,0.1166514419642196,0.1470195456590881,0.2359711486730848,0.3029209067780136,0.4215791206998706,0.4006138725327393,0.4773304560442621,0.3232751297255981,0.430513880239082,0.3747830149501505,0.4700908715934297,0.7270356578973582,0.9414758269720104,0.3912487749731961,0.957957957957958,0.3031269942565411,0.7183097733096142,0.6117016468228424,0.6987046970714266,0.3099198537735479,0.8843566252087546,0.2330017194579156,0.2160840815226008,0.2646530435683565,0.1158531063869635,0.4825739169425219,0.1389195709229575,0.5422323148944216,0.9216886522270432,0.2104221775836981,0.2417219460865589,0.1926453572816366,0.2339043117057575,0.1327723673089416,0.3358916956987413,0.298360130304835,0.4156146443705744
12,9,2,0.5,0.520322205629971,0.1652880496579761,0.5,0.3202073948593723,0.1019512698763941,0.0147471484146064,0.0341654753596079,0.0005148173092694,0.5250829084776895,0.729850313970144,9.414335145314508e-05,0.9989219798861486,0.590551181102362,0.062261753494282,0.3148444637133611,0.7395833333333335,0.0593607305936072,0.3569469589030352,0.5163511187607572,0.172161172161172,0.1892958299906678,0.1015568152330898,0.1186139059001961,0.1420097071872524,0.1794396693919588,0.1056394148338215,0.0992519958404881,0.1244442565991312,0.1745924197391676,0.3717297034838601,0.4486917372107156,0.4138865780373252,0.452100417375225,0.412442477157422,0.4767772910396935,0.4205000899231996,0.489498471659811,0.5621372120206387,0.8727735368956745,0.3912487749731961,0.9369369369369368,0.4371410338225909,0.7959023333063899,0.8772597982271355,0.94060243112972,0.1624443692343897,0.7360414676815572,0.1938941512081625,0.1610167100007971,0.2127950723930418,0.3825878542445017,0.6527780347941977,0.3214324566755277,0.6477369789586589,0.9516930978843148,0.1328566854387275,0.1618472292575417,0.1700693687216365,0.1916769186238209,0.064637428563617,0.1796618395600618,0.1195298909842305,0.2361478537179851
12,9,3,0.5,0.7732496259293263,0.592346124687573,0.5,0.5168651416885658,0.1531872411081407,0.2179851145447177,0.0629126338184075,3.6298901470339386e-05,0.8650990019146945,0.8311769228666877,6.0184880735780495e-05,0.9996739541412644,0.448818897637795,0.1016518424396441,0.1767149427059929,0.6562500000000002,0.0882800608828005,0.2429357270856513,0.3132530120481926,0.1043956043956043,0.1793349596424303,0.1019052249881177,0.1099628849415298,0.1547569469515005,0.1542640653613385,0.1016617734854749,0.0954933965487828,0.1459947466341482,0.1625175201947323,0.3688097359137821,0.4376410921500501,0.4181626479510296,0.4307730000833605,0.3986826523121562,0.4589501865977822,0.4206431403873016,0.4657819886416608,0.5454710120687287,0.8778625954198473,0.1738203315402131,0.918918918918919,0.5979578813018509,0.8476152534963393,0.919199501219369,0.9428757090651518,0.1168716363618542,0.848326465001723,0.2120457155155558,0.148852410166278,0.2001419973060376,0.3402398593085217,0.7555551380728972,0.2810899056824902,0.7321439940009155,0.9491181088048096,0.1277585669939508,0.1570832784168557,0.0295189085581373,0.2041441037678568,0.0141705640651416,0.2066794366058579,0.0283502625090557,0.2567408889166654
12,9,4,0.5,0.737995059284598,0.5273314324228173,0.5,0.3433588028244098,0.0759324712690894,0.0125167964880046,0.015002463701432,0.0002509982371846,0.5833043435899691,0.6210331058186737,4.060870469819751e-05,0.9912726384124052,0.448818897637795,0.0749682337992375,0.2273346787166213,0.2743055555555556,0.1156773211567731,0.1071123957543593,0.2925989672977624,0.2069597069597068,0.0795065932007215,0.0572808239012674,0.1680930867652594,0.2073012572709348,0.2487524977139749,0.0535892824987679,0.1154167620257646,0.1603015580248503,0.2372250189885767,0.2435797523563281,0.3755102013191368,0.3510831319281638,0.3888055675430553,0.2591015542168986,0.3597340764314052,0.3182222468135484,0.4041853207838264,0.7148906144299434,0.8753180661577612,0.2886162903455915,0.918918918918919,0.4371410338225909,0.5974415866625145,0.5972377342011344,0.7077765986471185,0.2700376278317356,0.8193014340437026,0.5110945062241794,0.3980369200328164,0.4830135206204837,0.2703014814106568,0.6425265915475071,0.2402234882442347,0.6316103220276522,0.9062201070822572,0.0998372176386436,0.1137477265887025,0.1229528122873873,0.4739033512685427,0.0498386203550455,0.4549942993252428,0.0886532475463547,0.6435642796014374
12,9,5,0.5,0.7763901563507855,0.5308018180804194,0.5,0.3816214839014203,0.3047509124448723,0.1010644072280974,0.1412676251828547,0.000298000052578,0.8521919695526551,0.6638969596140648,1.4149340997745008e-05,0.9994758821796632,0.448818897637795,0.1461245235069886,0.1276062435912042,0.6909722222222221,0.1506849315068493,0.1618447703704655,0.2030981067125645,0.1062271062271061,0.1112398869109117,0.134905492880016,0.131881556820786,0.1744221594652282,0.157547234775774,0.1283890694151623,0.1018849546056064,0.1418747161476131,0.1552832402960917,0.3153149033411424,0.3399959947237803,0.3225071490433723,0.3083385734970022,0.3366307051236202,0.3516765654940327,0.3077762890261377,0.3345094614617488,0.6770529823039277,0.9083969465648856,0.2356311682680287,0.9009009009009008,0.463943841735801,0.76360559743412,0.6971013143547076,0.8115708086676467,0.2881603478651323,0.9212516274022148,0.3420930853643965,0.2984152241336357,0.3593556602987311,0.1357486865757638,0.5587675380477445,0.1431927379272289,0.5686250611260696,0.9266033835968166,0.1118437261155686,0.1404466812636789,0.0321232724581227,0.2917965282687784,0.0285668394456863,0.326658265976095,0.0680517471972212,0.4596279050855721
12,9,6,0.5,0.9783346072908926,0.962402619886185,0.25,0.2818554818304977,0.4607900168286664,0.5835261240773464,0.2007353716737561,4.936860050011153e-05,0.7487361980125741,0.6501839412853899,7.124654954553572e-05,0.9995562062407216,0.448818897637795,0.073697585768742,0.2304338462274761,0.4444444444444443,0.1278538812785387,0.1342850386803771,0.0499139414802064,0.0842490842490842,0.0314091177000278,0.0481689144765171,0.0951321239173749,0.1778420616784461,0.1977330535591401,0.0464509609268822,0.0845958903837908,0.1530389744246711,0.1870522340588016,0.2380798735011124,0.3037299135380207,0.3269921533487663,0.3459717897867481,0.2654844207060248,0.3377947592212617,0.3247080235017742,0.3710204579921492,0.4036937675867653,0.959287531806616,0.1456005598443558,0.918918918918919,0.4371410338225909,0.5939301535726056,0.5844843733743046,0.6881563544527034,0.2974644911699893,0.9761852207909107,0.2913096346074404,0.2243377513400988,0.2812058708679528,0.0730773259626055,0.5208775723675685,0.0507180083478796,0.5370531898947933,0.9243357003753716,0.1712186888792994,0.2010595644852315,0.0362698070012518,0.2887233315299754,0.0320289482055569,0.3472263977440865,0.0446716376715647,0.4494987823095047
12,9,7,0.5,0.755042775259173,0.5562363250325377,0.5,0.5376529669859544,0.1433170724601628,0.054506587855481,0.073092086951079,0.0002845937732342,0.876245031433073,0.8496580107109364,0.0001467239281396,0.9993806407166868,0.448818897637795,0.0127064803049555,0.6305470586633505,0.6597222222222221,0.1035007610350075,0.2148516814375223,0.1944922547332184,0.1538461538461538,0.0695049709007524,0.0633709606616229,0.1203829808280674,0.1494340654108863,0.1942585117944756,0.0645425421632613,0.0949293480530744,0.1273500984876298,0.2144998488687752,0.3261324462154892,0.42414804701231,0.3935356745873815,0.4362881558967823,0.3642232499984231,0.4468252855200637,0.3960820833369408,0.489311190250973,0.4011813970931213,0.880407124681934,0.4555321820790231,0.915915915915916,0.410338225909381,0.8753723394816326,0.8650325045290357,0.9473093356907824,0.1384939034879279,0.8856912589964457,0.249761820422087,0.1924114085628157,0.2491145017902611,0.2674418617442211,0.4050409709357239,0.2378383403655893,0.4275273627838541,0.9439831183342476,0.1077027629780393,0.1319873985877156,0.0634851188103061,0.2964285241509963,0.0358318346171643,0.279112814116586,0.0446129694690237,0.3492788450304135
12,9,8,0.5,0.4590923462799577,0.1129299872279944,0.25,0.6553678184282056,0.0884991014337186,0.0258398852144477,0.0274896994197449,0.0002192080125547,0.7009568867691841,0.8560392065546254,3.280900273901066e-05,0.9995447545218558,0.5196850393700786,0.073697585768742,0.2535786929574769,0.6770833333333333,0.0882800608828005,0.248863697901795,0.3339070567986228,0.0695970695970695,0.2695361744625811,0.0589999198611914,0.1272651520739481,0.1968388150462988,0.198527585481809,0.058856313027695,0.0876680723242294,0.1726141114618035,0.1984371351915892,0.25366903827609,0.3438902625325313,0.3508885087836401,0.353866787054848,0.2931833664856526,0.3607009951294813,0.3603177122985877,0.4004182360552019,0.7657409397984671,0.7964376590330791,0.2743461150545482,0.8978978978978978,0.4907466496490109,0.8083867942607563,0.8639401935249804,0.9161450375190476,0.1346093004168057,0.6643309568463127,0.2759214471454342,0.43988878275495,0.456092380925702,0.3899476125841369,0.3834037410424732,0.5386735062097149,0.404208934930568,0.9226183903080184,0.1600176839781891,0.1863625362013513,0.0401657958454192,0.3504625699829721,0.0274496259993618,0.3450898137689634,0.0860793730517715,0.4096306671457994
12,9,9,0.5,0.5806917703272363,0.2468964659764358,0.5,0.4625253286272053,0.149961015046014,0.0002077239931523,0.0570992188385677,0.0648232681723714,0.5438392044352397,0.8158157773407129,0.0001501211203814,0.9942248826944852,0.448818897637795,0.1359593392630241,0.1364257650648806,0.8576388888888891,0.1491628614916286,0.1945155210176059,0.2495697074010326,0.1025641025641025,0.1435296689311981,0.1117221761165105,0.1400261630882004,0.1855502687593335,0.1529126262738819,0.1091840439700373,0.1177027533565999,0.1664712273805065,0.1697337154272152,0.3288220439052173,0.3960912063390391,0.3780090420455393,0.3576334945562665,0.3573489136015366,0.4191832479716911,0.378874471769871,0.4039035448190692,0.560555195408432,0.8753180661577612,0.2129063836913527,0.9069069069069068,0.3567326100829611,0.7546766473235307,0.7802174655408933,0.8390756904736243,0.2213148418744572,0.8065820249553135,0.2528344664674547,0.1855243341699428,0.2419088432992311,0.2463432167338294,0.6297576694546254,0.2517286709692662,0.6542246036200999,0.9356081938585986,0.1457278213238938,0.1705944739869654,0.0343396849470866,0.3148352533469202,0.0200295427275062,0.2809689544142471,0.0304698170682547,0.3139377880411941
12,9,10,0.5,0.9487915356230706,0.9094819217159716,0.25,0.2976582413021761,0.2089815981722275,0.3509932524544914,0.076859119416271,1.9869568712342392e-05,0.8921281974593376,0.7749609527466398,0.0001002638950508,0.9997530316787688,0.448818897637795,0.0228716645489199,0.4917690525482049,0.7152777777777781,0.0852359208523591,0.2668979024513521,0.2960413080895008,0.1575091575091574,0.1113967157288102,0.0351288790062476,0.0890649980223945,0.1230313901556927,0.1706676363507909,0.0361400957201929,0.0870738515359388,0.111129081438811,0.1685387120102888,0.2405465780764641,0.3155770695163243,0.2941513684955589,0.3391288241703806,0.2904224102859541,0.3792720497720406,0.3230221849337998,0.3940699227272838,0.376686399639925,0.8269720101781171,0.1828616363257225,0.9129129129129128,0.3835354179961712,0.6758861421700222,0.711561779652162,0.7756153240061772,0.273033813883426,0.944473865098314,0.2730948694599972,0.5613824496800073,0.5647140026938322,0.4105789841302007,0.6927298012807172,0.6385857201081301,0.8063609985138105,0.9272445577553642,0.1210853567821555,0.141635462973185,0.0296163972992324,0.2820421254448839,0.0252172131422842,0.2888344315724636,0.1064654211198379,0.4589312623255894
12,9,11,0.5,0.4624893761624223,0.1241000917943282,0.75,0.4748365798628061,0.0557743133738314,0.0294094872761699,0.0179456227135359,0.000112174322593,0.6913541170450725,0.7559045605110375,0.0037911247065536,0.9944166710151922,0.5196850393700786,0.036848792884371,0.4136103068058846,0.7465277777777781,0.0867579908675798,0.2722765826383624,0.3734939759036144,0.1208791208791208,0.1883735271806458,0.1724836004732732,0.1424750782364046,0.165090819611244,0.1808936805816409,0.1670193698125408,0.1082390115060942,0.1438739788693785,0.1801524040004397,0.3931915839802834,0.4241849871178452,0.3870540832093812,0.4076929648906752,0.4163655162620843,0.4286825993727141,0.3786029573430655,0.4332219008395939,0.5299184707115048,0.8371501272264633,0.1218839079134554,0.9009009009009008,0.3567326100829611,0.7278510025230314,0.7561772661807602,0.8125291376623438,0.2454976235480302,0.6475427187150683,0.2314170522228127,0.274084246715724,0.3514055546857855,0.258039176062208,0.4931308031091396,0.2719989641280484,0.5158876485458235,0.9374479721101492,0.141478082608183,0.1743267783676384,0.0259451666965446,0.2832361702204766,0.0313804157446508,0.3261525987156459,0.0258662752882493,0.3463406283053826
12,9,12,0.5,0.9858655617627602,0.9747679870465203,0.25,0.304003093172737,0.4945212311924832,1.206734543018433,0.359881485225485,3.856811364492749e-05,0.8700168049954216,0.72455197615683,1.6178515893507963e-05,0.9997810540005168,0.448818897637795,0.0355781448538754,0.3847328244274808,0.75,0.1035007610350075,0.2375869258320044,0.3304647160068846,0.2106227106227104,0.0905608870651554,0.0803679981940074,0.1469923412578936,0.1731040167338923,0.2055395335996851,0.0775662931952133,0.1070318217654403,0.1406983015445637,0.1928119930104977,0.2912188868314594,0.3870148688195909,0.3524992761502094,0.3839410966591863,0.3167355623852026,0.3905884995904344,0.3392878308520982,0.4042943368442048,0.6873774407182163,0.89058524173028,0.1783409839329678,0.8858858858858859,0.7051691129546904,0.5800444733875092,0.6166569757924192,0.7463808663799014,0.2821279383431259,1.020818364280233,0.3035734730916877,0.253095444000416,0.3268504878754612,0.3040033572597223,0.468176237156391,0.3233642995513156,0.4785538665875159,0.9264831785762188,0.1351501131209841,0.1616667261456586,0.0334937461336511,0.3240148164735225,0.045131313281938,0.3569574715873146,0.0629554518884511,0.4001733263837072
12,9,13,0.5,0.5984992612717094,0.2550634487999157,0.75,0.4752631492784969,0.1572341485589295,0.072055210080282,0.0551106430748309,0.000148660145699,0.8076934869033897,0.6471657519268581,6.116367212101184e-05,0.9959501975973214,0.6062992125984249,0.0482846251588309,0.3847328244274808,0.2951388888888887,0.0578386605783865,0.1925306419004296,0.2375215146299483,0.1227106227106226,0.1137104020540419,0.0703049848400016,0.1596421274618436,0.1885756044510828,0.2009959781022846,0.0687645452727628,0.1436072078598383,0.1692706522969762,0.2060767333398798,0.3485321646616684,0.4765613088834095,0.4422616095611177,0.4631024876485656,0.3730646171781814,0.4953169208879607,0.4328145881914922,0.4903827185790874,0.4526404179271028,0.8778625954198473,0.0922496583918832,0.9249249249249248,0.3567326100829611,0.6381992010003366,0.7874328007398779,0.8761241316035475,0.1394324974417592,0.8688542231984864,0.2597902797461034,0.250551612224589,0.3251454040210042,0.2582102542937717,0.429364596947462,0.231500093918768,0.4716245278936445,0.9389580607437358,0.1145663821157313,0.1405058731484533,0.0943492388649468,0.3042503368880759,0.0385997901451691,0.2936161942801099,0.0374071309362942,0.2817879159360522
12,9,14,0.5,0.724218199186515,0.5105459447978756,0.5,0.262672773419104,0.1452684729453379,0.1797057435459383,0.0378059759982476,1.784073967747205e-05,0.7254292015489351,0.5836324807961809,5.99803937844474e-05,0.9985920246575548,0.5196850393700786,0.0609911054637864,0.2931130082674283,0.5277777777777779,0.1187214611872145,0.1619710535160189,0.2633390705679861,0.1556776556776556,0.0985519787599602,0.1298986069549299,0.1450881276060427,0.1740273232034755,0.1857684103716234,0.1201779685714188,0.1154082969274376,0.1458688097146249,0.1721191337524381,0.3493623518472457,0.4092659295912927,0.376987085672229,0.3930730567563665,0.3583662033438636,0.4064151401952829,0.3507718362416582,0.3941023175391203,0.3511996426473156,0.8982188295165396,0.1923732265471849,0.9489489489489488,0.1691129546904914,0.7199382015567908,0.6766992286170552,0.7505071755606543,0.3105277560517785,0.7989887104115567,0.2958835246691746,0.2061600098046845,0.2783993815643901,0.2340949157165534,0.6075015336341243,0.2177556286994923,0.590405321915109,0.9355440278577336,0.107820632817241,0.1363922546705561,0.0756666280555636,0.3738592413166697,0.0356867291072779,0.3152243695015578,0.2643567818821223,0.3501123988129923
12,9,15,0.5,0.9599083766477656,0.928011231126048,0.25,0.2697701942532099,0.61315920264767,0.5739493160531237,0.3027356069988443,9.26531934893266e-05,0.7457883844486444,0.5486030346861607,3.101891283739427e-05,0.9910163152174656,0.448818897637795,0.0940279542566708,0.1888450176947149,0.6493055555555556,0.0974124809741247,0.2228901390246353,0.2960413080895008,0.1739926739926739,0.0995304644630405,0.1192474249452781,0.1461664093015794,0.1880559252018389,0.236985718195024,0.1168414634860142,0.119742553469834,0.1608817403836815,0.2255848437033712,0.3130175825010193,0.3712283165157475,0.3508822880429206,0.3957862986329076,0.344577369798187,0.3969042761967942,0.3501686002994758,0.4250743736106597,0.486991017630825,1.0101781170483464,0.1876174314364537,0.9009009009009008,0.2227185705169114,0.8372032213649883,0.8292390716941593,0.8982788385162004,0.2126377405637557,0.9906075179443228,0.2881982105759856,0.3305157252173358,0.3803439556152184,0.2158479708374259,0.6286273112140959,0.2320399780469617,0.6414585294746239,0.9100408369647102,0.1982865293208768,0.2418438923455502,0.0343127582477024,0.3047856507591292,0.0383459815143143,0.4543185715425922,0.0351776619665132,0.4603977912840015
12,9,16,0.5,0.6410732614286665,0.3185288455606389,0.5,0.4733654007083822,0.4614544027652415,0.2695392378480138,0.3368083892649626,0.0002630274496082,0.8352708954957243,0.7641087721972226,0.0003900050661302,0.999830180912596,0.448818897637795,0.0495552731893265,0.3096229195220762,0.6840277777777779,0.1491628614916286,0.1620045699604077,0.2495697074010326,0.1227106227106226,0.1200905673751352,0.0794662524635288,0.1009903862839353,0.1387700808690182,0.1503055876803429,0.0788033176894431,0.0841539825312476,0.1259044508703995,0.1389751412162052,0.3420241645803841,0.4145400550342946,0.3916669611433563,0.4113724984242313,0.3716733988625411,0.4343796160006393,0.3920887624740869,0.4334470039419647,0.3147388434446316,0.9770992366412216,0.3447763750606598,0.9609609609609612,0.3835354179961712,0.8375642029042671,0.8726429148198163,0.9317111099435786,0.2314393175731723,0.8623923068975133,0.1899898479575876,0.168003274020128,0.2249076298526215,0.2021690115113141,0.5816021132407806,0.2087460144508712,0.5935154414127242,0.95364604378463,0.1196698144635063,0.1479252996701472,0.0255952662643136,0.1844374325270004,0.0541226596041913,0.1966554843147118,0.0440476764634163,0.2459074386143554
12,9,17,0.5,0.6996619069595753,0.451320876506717,0.5,0.3255513106979079,0.1587379744217489,0.0499318448131816,0.0482099980836607,0.0001960077350018,0.7256825054962,0.7918425145047352,7.591792370899159e-05,0.9978973697770208,0.448818897637795,0.0864040660736975,0.2026482064749848,0.6736111111111114,0.0593607305936072,0.3320256333167761,0.4079173838209981,0.119047619047619,0.2097642851239269,0.1172540807293967,0.1090636289292426,0.1523985213955379,0.139675645459699,0.1130642203485992,0.0855618266189889,0.1281216005279377,0.1496183071343314,0.3597647356223968,0.4077632712235008,0.3888455529879077,0.3898123106423459,0.3814829175887189,0.4157686176423844,0.3745884211636893,0.4194374582378091,0.5794779783124051,0.8702290076335879,0.1738203315402131,0.8918918918918917,0.517549457562221,0.85797767096892,0.9327428511924234,0.9737640164155548,0.0690896326217456,0.7427173377943048,0.2245816390070094,0.1928518358644897,0.2547764222030455,0.1984599809865103,0.4672686945163168,0.1910673851933848,0.4790873638906548,0.9453949901809652,0.1251531894011953,0.154084163975388,0.0397645857189166,0.2600583449784009,0.0701811606862751,0.272363355342858,0.052119327560206,0.2809348354931584
12,9,18,0.5,0.7788728711764028,0.5552078768370277,0.5,0.4171848845120732,0.2184100249262572,0.28585270508015,0.075847330053933,3.08079644811771e-05,0.8012575573503989,0.6597965142650519,6.510993409358944e-05,0.9995533608871576,0.448818897637795,0.062261753494282,0.2624281931777712,0.5798611111111112,0.0882800608828005,0.2211998340931245,0.4320137693631669,0.0842490842490842,0.3001450989701862,0.0872594309952211,0.0969533915591839,0.1229580679670765,0.1176731804285876,0.0906581020438859,0.0905154142635255,0.1160287149454309,0.1313707582994726,0.3761488168903585,0.452170198677899,0.4204665777567545,0.4328185819734664,0.4144622486626853,0.4846234226381519,0.4298280644837119,0.4790639036657584,0.5482523901946235,0.9058524173027992,0.0753141587396289,0.9009009009009008,0.1959157626037013,0.7697239455561782,0.9226605718089632,0.9529825264409246,0.0809308581635677,0.8743875448193427,0.1355091566326252,0.2263753057671576,0.2620805575316884,0.1730854616770684,0.5963110758291525,0.2290068770172801,0.5978392471710148,0.956877495883802,0.1615274436200494,0.1815062899820888,0.0236005007440162,0.1762082132136592,0.0135648989466315,0.1522883439154659,0.0237192849737754,0.1891813593975438
12,9,19,0.5,0.5128671516314462,0.167716560752713,0.5,0.5891439003331127,0.0456783221871686,0.0037112181176742,0.0242811332547519,0.0015118688109194,0.7037652575243442,0.7297165542956803,2.404008918893734e-05,0.998603989806044,0.448818897637795,0.0241423125794154,0.4785303611753785,0.7152777777777779,0.0426179604261795,0.4312644169503008,0.3769363166953526,0.1245421245421244,0.1849202538687029,0.0232527134381009,0.122338011104235,0.1435986345373336,0.1691558201378464,0.0229587428784006,0.0929710210804922,0.1329456635519934,0.169492890305832,0.3496968187046676,0.4856550725972178,0.4489758032913008,0.4809552075848891,0.3743636949457937,0.4864700309194051,0.4403759457061531,0.5018076348612577,0.5712165839047008,0.8473282442748094,0.223980757985261,0.9069069069069068,0.3835354179961712,0.4991180080998489,0.6943149347739324,0.7927259549575969,0.1891900149649521,0.8094919077422158,0.2004632638333223,0.1403159931013258,0.192138815125632,0.3417605799536028,0.3677181671605758,0.293146100812958,0.4245539670590363,0.9569588221337676,0.0961953709969624,0.1122698681819097,0.0719404799592224,0.2449477320734881,0.0288976036124059,0.1935943587111053,0.0369495400006703,0.2125851503127062
13,8,0,0.5,0.3497960977070941,0.0530999849137284,0.25,0.6912871812204411,4.603112733728112e-05,1.7236660502869665e-07,2.1743168657141847e-07,0.0002663876403353,0.7522738361359228,0.9397071415047,1.5982978794997456e-05,0.997412109672354,0.448818897637795,0.0355781448538754,0.3847328244274808,0.6805555555555556,0.0578386605783865,0.3406779125600203,0.4061962134251289,0.1355311355311355,0.1847244160627327,0.083280046851852,0.1201321679026063,0.139318506569335,0.139111958537114,0.0821714151275449,0.1019936594420201,0.121759481332952,0.1481121896900658,0.3353231122526637,0.4172475209043984,0.3795046809696236,0.3897693357446921,0.3644157689478288,0.4383955201352822,0.3770153789295365,0.4265193693858212,0.8579399836703239,0.1959287531806617,8.562232205236729e-06,0.2972972972972971,0.463943841735801,0.6872303713243886,0.7708678101606736,0.8918945059896539,0.2234475916489613,0.520184904784075,0.218835596177784,0.2760336217258903,0.3164773316475631,0.4410323108703313,0.4610040498446844,0.5260728735102634,0.5376441648677828,0.9463838426188022,0.1134531178925058,0.1432697898667523,3.636278806984782e-06,0.2489962899015759,1.9018646036845064e-06,0.2493905306732326,1.890628478672862e-06,0.2686194155226317
13,8,1,0.5,0.2607759820136504,0.0109015333296667,0.0,0.7531599332335441,4.599857545876105e-05,1.4874570632189048e-08,2.0913784175021818e-07,0.003291875607646,0.8769368970651381,0.9089751430378136,0.0001095259026705,0.9965632309707262,0.6062992125984249,0.0584498094027954,0.3359901728525049,0.5381944444444444,0.1308980213089801,0.1511180457778259,0.163511187607573,0.1227106227106226,0.0745179579387543,0.2204449478132406,0.2450180716434642,0.2452157563206764,0.298076607433658,0.2125391946639415,0.2115314192892926,0.2116350104574517,0.2800461304976999,0.4198879885140381,0.4976385332401133,0.4328237735993769,0.4799620306371618,0.4422325021892512,0.5166281004092429,0.4189048083106406,0.4955963680514609,0.8186417809300339,0.1959287531806617,1.1919295615284232e-05,0.3063063063063063,0.410338225909381,0.912652084885616,0.64344597812374,0.6928356921116614,0.3563974567439859,0.6006152729181637,0.3927328024007873,0.362722648625464,0.4531050521244251,0.4400254938039533,0.5790697116333623,0.4472791391950457,0.59434341452998,0.910584025062862,0.1363238870268169,0.1702059325467685,4.627885997050708e-06,0.4333323785612889,3.410785120597924e-06,0.5393380713773483,3.4318328337198686e-06,0.5310610196143276
13,8,2,0.5,0.374560629205917,0.063925261995057,0.25,0.6604022412145608,4.606512845850658e-05,4.124215154138311e-07,1.907734746557415e-07,7.757611142640244e-05,0.838330210897019,0.8826064059567192,6.943869420812308e-05,0.9965208550031008,0.448818897637795,0.062261753494282,0.2624281931777712,0.6527777777777779,0.0152207001522069,0.6573145146532118,0.3562822719449225,0.1007326007326007,0.2118101259832595,0.11379175781638,0.1114679912373187,0.1435127129799144,0.1380634082604382,0.1186883969718315,0.0984374096727682,0.1338619389869156,0.1477154209505359,0.3525181754401328,0.402716232311528,0.3754363400980055,0.3810586740566636,0.3986122807460757,0.445734818997188,0.396716538366174,0.4382002902388617,0.592485654655337,0.1984732824427481,1.1919295615284232e-05,0.3213213213213214,0.0887045309508614,0.7960786224190906,0.8270843168098425,0.9396973676110432,0.1550696481576606,0.5950941527270259,0.2322163814632181,0.2113157101073073,0.2470526890700726,0.3732311812202092,0.609148540165423,0.3902958468654575,0.5900070162627747,0.9436339300739196,0.129680852211808,0.1596732987277422,3.1201579664110765e-06,0.2460042814745538,2.00624723859412e-06,0.2206260212497726,1.997735476453204e-06,0.2870659476072105
13,8,3,0.5,0.3306120906091262,0.0332570300305039,0.0,0.8120110818796598,4.600106172740275e-05,3.087572327655092e-07,1.7600719929885837e-07,0.0001030134727036,0.88759748336444,0.9325384287681732,5.294217940196648e-05,0.9972284744755872,0.448818897637795,0.087674714104193,0.2002169629966418,0.4965277777777777,0.0852359208523591,0.2029943770533232,0.3459552495697074,0.1556776556776556,0.134656104294025,0.0994762485019712,0.2362676759232715,0.2448132363605174,0.2384823780838489,0.0980760343575516,0.1919171642542483,0.2028187073824039,0.2372374451689274,0.3038827848523129,0.4686186437609893,0.4099340643210665,0.4072259034210245,0.3370952177976289,0.4849330803236818,0.3981492000958148,0.4458785070127532,0.78477985354123,0.1908396946564886,1.2541694703189312e-05,0.3153153153153153,0.3567326100829611,0.754403349589186,0.7564583799987856,0.746143616194761,0.2545022612087256,0.6129135502669723,0.3606406855763269,0.2888815677219545,0.3369674973284202,0.2536359457017125,0.6133811339866421,0.1931298688764162,0.6078793965977771,0.918055462462152,0.14453210037614,0.1771775738829038,3.5852566094749875e-06,0.3676337029516981,2.513034937735394e-06,0.3992715944430404,2.1480677497987555e-06,0.4963260926475247
13,8,4,0.5,0.3660364376734583,0.0659272161338771,0.25,0.560081086776909,4.604304715986802e-05,3.160195155556863e-07,1.5161247234783004e-07,8.170249651849808e-05,0.7467632583224817,0.90888171808426,1.5109140440193772e-05,0.9976934140932178,0.5196850393700786,0.062261753494282,0.2886363284455661,0.7395833333333335,0.0563165905631658,0.3700166014567314,0.3115318416523235,0.2014652014652014,0.0889089335123364,0.1049846480966538,0.1101224939462711,0.1571350971602472,0.1808190209979857,0.1016685652139912,0.098733064030774,0.1268983021680339,0.1794956743070203,0.3267615154065669,0.3736071305356321,0.3593479663966464,0.384855936456338,0.3519611922289559,0.4006630911327802,0.3460109818633528,0.4128739631923797,0.7980458896639826,0.1832061068702291,1.3540883759203138e-05,0.3183183183183182,0.2495213784301213,0.7175756781221696,0.7509910052467239,0.8251845120061558,0.228139388150033,0.5828849029771572,0.2511611816239619,0.2250565137109006,0.2795834571073952,0.1803284699131133,0.4939288547504915,0.1574770209010488,0.5165068548523347,0.940915258981136,0.1230853583138205,0.1434422439094602,3.1476187934576435e-06,0.2769423192764367,1.6012419060534215e-06,0.2643039738671667,2.043503067508405e-06,0.3866438968874903
13,8,5,0.5,0.3326418412830346,0.0364656919849367,0.25,0.4684439079999221,4.59009529627216e-05,4.919376495965125e-08,1.286537508427099e-07,0.0005871938613917,0.5914044847167685,0.911449895994196,0.0031443958532269,0.9949723218214772,0.448818897637795,0.0864040660736975,0.2026482064749848,0.5486111111111109,0.0730593607305935,0.2453393570434409,0.540447504302926,0.1391941391941391,0.2442807762392129,0.1443090494599951,0.1571931036431501,0.190601614385752,0.1685440508130417,0.1487005492738638,0.1387713587089055,0.1745170337537034,0.1873197075408885,0.3799361581202566,0.4483036610069996,0.4178298506084908,0.4115674145857086,0.4213028119075658,0.4836504754810169,0.4289216371269214,0.4687663117445683,0.814866530431781,0.1908396946564886,1.5372315329691105e-05,0.3213213213213214,0.517549457562221,0.7987606355606212,0.7684026646140962,0.8107141372229933,0.2807931970633789,0.5186001713851477,0.249406465449887,0.3939164621283986,0.4673284777266917,0.3870467308747385,0.5404456416849908,0.2987903316583926,0.5479986988549221,0.9359809678499754,0.1203954499916622,0.1529252650474604,2.029657188951292e-06,0.2672278285426143,1.977858720674414e-06,0.2869543167138038,2.1309442997681963e-06,0.305070441925775
13,8,6,0.5,0.3591388239352451,0.057609216939998,0.25,0.8347717861040675,4.6109205483319015e-05,1.5947354677465232e-07,2.0431782504318642e-07,0.0002710932096513,0.8781273637214893,0.948415559851506,8.038791074889205e-06,0.9983404992866852,0.6062992125984249,0.0495552731893265,0.3779046512542622,0.6944444444444444,0.1156773211567731,0.2040087187263078,0.2340791738382099,0.1208791208791208,0.1136669995688643,0.0956698908770808,0.1352075121100428,0.198114332631301,0.2385618106793154,0.0931937281254945,0.1043522896235928,0.1750970265330364,0.2217843396415704,0.2929908844785919,0.3610141165907266,0.3603448591074307,0.3977304567366733,0.3226307636477712,0.3783382783298141,0.3618541783330226,0.4202203192558055,0.7003569591947629,0.1959287531806617,8.344017106130204e-06,0.3093093093093093,0.3835354179961712,0.6988680983100215,0.7392861191780913,0.7961384484111722,0.2292655815931534,0.6028387726966233,0.3211853729078704,0.3167668642449843,0.4034663013649595,0.1662136627237144,0.4683821380557068,0.1531067155036017,0.4870766487573269,0.919752215892147,0.1445978360856313,0.1762210959621795,3.0979310547954798e-06,0.3378213542826939,3.0515605481579888e-06,0.4164229731623285,2.169576428585307e-06,0.4539845602776803
13,8,7,0.5,0.3654156671909191,0.0559821404709121,0.25,0.7521026046611017,4.6094099776385216e-05,2.1159533625743905e-07,2.176731350363984e-07,0.0002113753382029,0.8660473073844386,0.9346751287492576,3.5400917856396737e-06,0.9959418570903392,0.590551181102362,0.0470139771283354,0.3847328244274809,0.7361111111111112,0.0882800608828005,0.265659615214202,0.3666092943201376,0.1172161172161171,0.1901056568482481,0.0663388333371204,0.094336522271878,0.127958392971488,0.169862488000727,0.0666623708235251,0.0746213569285916,0.1120511732504234,0.1757077580395495,0.2990499779415418,0.3634157248614514,0.3396905411421136,0.3801763648414746,0.3366084985561293,0.3924182204959068,0.3493146970366798,0.4260305469550595,0.6447648863390318,0.1908396946564886,1.0765296487281843e-05,0.3153153153153153,0.1423101467772816,0.6880421314527285,0.813218531202299,0.9166060373784526,0.1602682570290699,0.611718803286789,0.2137979406777542,0.1603282068252252,0.2100156585867196,0.2275313438505501,0.5197371022975711,0.2173558877349534,0.5511414241271668,0.9406750017455668,0.165985236835108,0.1836781971476744,3.465953559464708e-06,0.2569304103008913,1.879657367040945e-06,0.2351823768702416,2.162904738694238e-06,0.3416640380771505
13,8,8,0.5,0.312632825642908,0.0258765914874126,0.0,0.7268411709424677,4.610584226825749e-05,7.51087318206987e-08,1.9498089160686395e-07,0.0005819760517738,0.8594503379526076,0.919802541185136,3.4305408931390795e-05,0.9945286224149888,0.448818897637795,0.0228716645489199,0.4917690525482049,0.7256944444444444,0.2222222222222221,0.1177896765226181,0.1531841652323578,0.0714285714285713,0.1214337600743126,0.0906153717866625,0.1325032287335148,0.1536661201161651,0.2269951873631235,0.0858833744844257,0.1038148721466599,0.1278647240256713,0.2037792346034802,0.3130884251942695,0.3908621880697978,0.3535584714580667,0.4186034028181585,0.3311794927160981,0.3960759547659847,0.3368663346487632,0.4227975199699096,0.7173662991895422,0.1857506361323155,1.5372315329691105e-05,0.3183183183183182,0.410338225909381,0.8274636417298478,0.7570598609595542,0.874657371924056,0.2634108803910014,0.651161514395608,0.2658437580669109,0.2386894381234492,0.2881717688691081,0.2197320683461005,0.4528030207368551,0.1733644387077865,0.4983834680893069,0.9315219063696556,0.1512965319193427,0.1877623865853508,4.452158531083614e-06,0.2956537940746324,2.0196599036850005e-06,0.3314156257561406,2.1764410098587284e-06,0.3902297166370514
13,8,9,0.5,0.3172144957292225,0.0327034740895169,0.0,0.6833519591110012,4.613065358532154e-05,3.4199978760641835e-08,2.3808730084606265e-07,0.0016135122668484,0.8648455287833275,0.9055338370002738,5.248975962766504e-06,0.9944678808311376,0.5196850393700786,0.099110546378653,0.1989642779932139,0.7916666666666665,0.1445966514459664,0.1871920015163002,0.3149741824440618,0.2454212454212452,0.0699547005991378,0.1004689273571823,0.1523828028431265,0.2037614831635812,0.2169765778190218,0.0961939239373609,0.1142634255745001,0.1726354156258669,0.2137438489326379,0.2562351083743409,0.3247146614086622,0.3154102497400514,0.3248925366192005,0.282266767631583,0.3367710703360182,0.3105134612933992,0.3595902697253126,0.5632126047569486,0.2010178117048345,8.780447304343254e-06,0.3183183183183182,0.2495213784301213,0.7646718326247912,0.6486831673324893,0.6233794333946459,0.3234321427612327,0.5936070085057801,0.375252661988183,0.3371153738661856,0.417051952689746,0.1323592864727935,0.5569719002463439,0.1361373916124236,0.5583650701839074,0.9207038464002324,0.1021378331545823,0.1225405234097338,4.628204728123703e-06,0.4587211399234233,2.595898383179451e-06,0.4511278883711597,3.18095130205093e-06,0.6206921111454144
13,8,10,0.5,0.3273733467962296,0.0337270376147841,0.25,0.8034050818668851,4.604668973528883e-05,2.585527998602864e-07,1.9133873042346945e-07,0.0001431804941362,0.8730187427036609,0.9187407027883716,5.076582360033977e-05,0.9973239963790256,0.52755905511811,0.0241423125794154,0.5306401038130993,0.5625,0.1019786910197868,0.1926858349348519,0.3786574870912219,0.0879120879120878,0.2535216438521993,0.0659738055163469,0.093614728181429,0.1632782670160496,0.1870860790210061,0.0651796119570916,0.0794260380474254,0.1460459376189994,0.187423996922104,0.3088778525494762,0.3765009553426631,0.3803068460897953,0.4066707656564962,0.3398983274334701,0.4026080717213758,0.3819221684805175,0.4405182548676298,0.6751280930876655,0.1984732824427481,1.3196468015095822e-05,0.3003003003003003,0.410338225909381,0.6219400668340787,0.6937700626996541,0.7682385867918504,0.2306662456570488,0.6904806241279826,0.2910525035166247,0.1925039986460899,0.2391852166335102,0.1423219784648828,0.4777871656758756,0.1063904160671175,0.5213020807031339,0.9337055426260688,0.1352151245678474,0.1470934361038878,4.270603775698373e-06,0.285920303040307,2.784535434506756e-06,0.3205461502784562,2.416638229152659e-06,0.363875847747764
13,8,11,0.5,0.3628001693345144,0.0564505996824782,0.25,0.526123815997796,4.592375461295776e-05,4.342790149511716e-07,1.669080746231746e-07,5.910557564490816e-05,0.7546632347129955,0.9150985647339056,1.372449861256886e-05,0.9960625396146656,0.448818897637795,0.073697585768742,0.2304338462274761,0.7083333333333335,0.0563165905631658,0.3577901616484349,0.5077452667814112,0.1391941391941391,0.228621251932882,0.0526136115294862,0.125620360779805,0.1641573731147397,0.1773328963675383,0.0520024735335726,0.1061156193205546,0.1317654724390549,0.1710479161013277,0.3346412928268721,0.4481761883177944,0.4232269614833163,0.4447279604109186,0.3624667962616568,0.4641951619711021,0.4070255492243141,0.4674711332247613,0.6799868651741088,0.1959287531806617,1.4609960711285378e-05,0.2972972972972971,0.3567326100829611,0.4317319018184555,0.4507830068812515,0.5407647022186688,0.3844932610387102,0.5146630016588468,0.1626061917099492,0.2066595079178608,0.2615815813392239,0.183060112525187,0.4295154037016774,0.1599234454217205,0.4560296208797726,0.9447975728737428,0.1877149642323221,0.2194608420273107,2.61990079017813e-06,0.1931294917996251,1.7615285305967611e-06,0.2206557659362192,1.418040114228157e-06,0.2603295481256096
13,8,12,0.5,0.3669740980923441,0.0596257409158036,0.25,0.7077138468607701,4.607645086082722e-05,3.502958571836606e-08,1.910920276202748e-07,0.0012580189757548,0.8487939726226702,0.9179328969900432,0.0006036408634937,0.9953215254134472,0.448818897637795,0.1092757306226174,0.1659711620016963,0.5486111111111109,0.0898021308980212,0.2094705585039171,0.3304647160068846,0.1227106227106226,0.1629288202453331,0.0653078357207077,0.1048245862558604,0.1554218029652188,0.1318537858021155,0.0663811478083804,0.088604225123134,0.1396895065516662,0.1507463696251113,0.2948041336458475,0.3682675885452777,0.3574499805794411,0.3454734422619472,0.3364955461756714,0.4061949788149301,0.3719049727764927,0.4067410063227568,0.7919499458318735,0.1908396946564886,1.0765296487281843e-05,0.3093093093093093,0.4371410338225909,0.6279295691534714,0.7564387276133697,0.856561184930337,0.1926548994277959,0.6390727233017104,0.2369149603208099,0.3142869716342706,0.3333256009171581,0.1686482994654125,0.493659945200716,0.1684412437919706,0.5136800089118504,0.9392664396295498,0.1412601224323029,0.1725302845657316,3.867950155679204e-06,0.2593065876758215,2.2376256498945635e-06,0.2995748559909607,1.913795638017047e-06,0.2998245773900978
13,8,13,0.5,0.3302250521536519,0.0340160051641502,0.0,0.6014448746380608,4.6045826094670274e-05,2.3574686551211947e-07,1.5491012793556005e-07,0.0001236492131524,0.7470515440607386,0.8664256374027849,0.00011221581314,0.9943646322809602,0.448818897637795,0.050825921219822,0.3041835273332411,0.6805555555555556,0.1278538812785387,0.1845097234592255,0.3889845094664371,0.1904761904761904,0.1237064924517267,0.0943953152172951,0.139402334626523,0.1954413820380218,0.1909518290063951,0.0944695902194047,0.1001557725280157,0.1678158399674629,0.1980546276463686,0.3352364342365239,0.4223951437252739,0.4109982422720056,0.4160793415393441,0.3694875394472208,0.4318053468059577,0.4077440451777057,0.4580613096501104,0.7687571311317907,0.1908396946564886,1.0765296487281843e-05,0.2912912912912913,0.4371410338225909,0.7919601935833755,0.8124156478145714,0.9341228226139836,0.202557991472348,0.7129598640288984,0.2423444418997978,0.3092636734001146,0.3923290763553537,0.3428127805008634,0.5509600620769819,0.3805978289847845,0.5347815638737966,0.931682385450502,0.1482016879050781,0.1692999793008063,4.39519344354487e-06,0.3124613791692384,2.360011876297317e-06,0.3044431422217928,2.3523031287712686e-06,0.3281913465011152
13,8,14,0.5,0.330026125025777,0.0341781252325602,0.0,0.5594679175561188,4.585244050368955e-05,4.105047498606772e-07,1.251161580370235e-07,4.035003053866074e-05,0.7140714818995986,0.9238758299678076,2.069705654634272e-05,0.9930725390050804,0.448818897637795,0.0482846251588309,0.3152531675771863,0.7152777777777781,0.1004566210045661,0.2344389689158453,0.4561101549053354,0.1373626373626373,0.2064923146420455,0.0538297935570881,0.108038933336555,0.162611912436987,0.194108027839825,0.053515811125314,0.0973351355654271,0.1342618782763167,0.1914240659398836,0.2783103273821725,0.3617910139287063,0.3545735520309986,0.3858320480184929,0.3136286396320169,0.4000070035110624,0.3530441629906166,0.4233905643992477,0.7350396370451104,0.193384223918575,1.7018049304225384e-05,0.3183183183183182,0.3299298021697512,0.6737530168394592,0.6980495287304249,0.8154369280117861,0.2854440649640928,0.5967039640941941,0.2919575744186632,0.2453308341545734,0.2930707709900169,0.3286973575724231,0.4836320315237737,0.3673634168372611,0.4746420928304696,0.9367894511236908,0.1035361091645866,0.1258302768033444,3.5404998483816177e-06,0.3848148200996545,2.283643810762955e-06,0.3263431682119483,2.209262866699465e-06,0.3483024893146977
13,8,15,0.5,0.2865443124246233,0.0201637230807193,0.0,0.7610989746927274,4.58758149605278e-05,8.519415495398903e-08,1.449339808422044e-07,0.0003707167637553,0.8042423418560134,0.900036117951368,1.775301080461404e-05,0.9945174517602016,0.448818897637795,0.0825921219822108,0.2102892574069199,0.760416666666667,0.141552511415525,0.184582264364237,0.235800344234079,0.2106227106227104,0.0585229999801809,0.1030173408663685,0.1655379274156042,0.1895584263486747,0.2790114147406637,0.0991195353139763,0.1287010324001661,0.1597761860785426,0.2547041207371434,0.2949593736033674,0.3853675493632416,0.3471932923179382,0.4276038244267636,0.3202779921236173,0.3964669893518127,0.3386625187314586,0.4408312388928724,0.7954619280175819,0.1908396946564886,1.132767005941502e-05,0.3033033033033032,0.5711550733886408,0.7393976592812623,0.6694987602530968,0.7331037201022843,0.3242860565179463,0.5620254609340019,0.3685601702024974,0.2315275574321469,0.2865663890414187,0.1788336379158772,0.4970313398365791,0.1438417087836015,0.5196003706346028,0.9020284225003856,0.1974039678628937,0.2326265863903995,4.590734580274483e-06,0.3399179489271717,4.794692660178662e-06,0.5495905241038801,2.760804278188387e-06,0.5311487462690347
13,8,16,0.5,0.2891578575184337,0.0151128409517288,0.0,0.6717023056367311,4.6034917844721945e-05,7.008559651672235e-08,1.3693362863116165e-07,0.0004305542617156,0.7824300655472374,0.8864453570700966,3.461026159560012e-05,0.994870095867728,0.448818897637795,0.0241423125794154,0.4785303611753785,0.791666666666667,0.1156773211567731,0.2264310083396513,0.3975903614457831,0.1923076923076922,0.1255444601467085,0.0362028057293873,0.0896191739319608,0.1261715325262479,0.1535081362514065,0.0359458203710046,0.0777257149014922,0.1065849824122962,0.1562365044075432,0.2636911283142912,0.344388683570842,0.3240522431536137,0.3525478553441595,0.2987920821797523,0.3792653547937802,0.3287956425988333,0.3940000534446604,0.6828427138245572,0.193384223918575,9.010012909316916e-06,0.3213213213213214,0.3031269942565411,0.6337588545091677,0.7945979803770626,0.895702219907518,0.1289573447471798,0.6087532556099033,0.2255019269566415,0.4249415773888463,0.4201792523436829,0.2252861431640917,0.5513024208537621,0.2122122372160604,0.5481992740545416,0.9421221417964344,0.1369560577247162,0.1599058909343331,4.252977124896977e-06,0.249544877026955,2.603003652828269e-06,0.2712967462416614,2.304623926899891e-06,0.3700734500660378
13,8,17,0.5,0.3221079252821104,0.0349334722539778,0.25,0.6832353779811959,4.6074923618999926e-05,4.40703974215641e-08,1.67206224255297e-07,0.0008655483033598,0.8507674331268449,0.9309568027223054,3.88457934494838e-05,0.997529066566378,0.448818897637795,0.0864040660736975,0.2026482064749847,0.7118055555555556,0.1461187214611871,0.1702708326466032,0.2134251290877796,0.0695970695970695,0.172694379410272,0.0779906041347493,0.1317850786687943,0.1893381033874795,0.1800204211488524,0.0764322795202258,0.1200777753159059,0.1574859428104224,0.1717128831137171,0.2849545163137471,0.367031631819478,0.3612621258974244,0.3569095999702047,0.3163356426146209,0.4053363075544747,0.3550419435222027,0.3868508878538164,0.7161103362245056,0.1984732824427481,9.481085024164156e-06,0.2912912912912913,0.5443522654754309,0.8117838715430712,0.7956679065546926,0.8925095743528226,0.2230649156961228,0.6195818557499484,0.3037410888994378,0.3336916789986781,0.4115011218566393,0.2822249535237225,0.406545354666348,0.279382995091438,0.4415211357690849,0.9242344159497922,0.1383962274954977,0.1709457466138342,1.0589261608707282e-05,0.3978815408516399,4.223626592870316e-06,0.4208428775710797,2.432206156646948e-06,0.3868822610983776
13,8,18,0.5,0.337283632952713,0.0424880577705333,0.0,0.7255739317725247,4.6048470078682994e-05,1.068553545291142e-07,2.128400152846988e-07,0.000439059308674,0.8465680048033271,0.9150128496213304,0.00021254075282,0.9955075178014248,0.6062992125984249,0.050825921219822,0.3713079415784408,0.3541666666666666,0.1171993911719938,0.1241293119787718,0.3734939759036144,0.1373626373626373,0.1665060250720598,0.1286142051141573,0.1639380408378502,0.183784813766047,0.2692200519748976,0.1259842936217041,0.1311776583738981,0.1641915061110336,0.2547338958308922,0.3503273917217749,0.4288438736284662,0.3875344319235607,0.4610068833344382,0.3786399215714736,0.4427399126437132,0.3867654265772246,0.4828152497280493,0.6625193270687468,0.1908396946564886,1.2541694703189312e-05,0.3063063063063063,0.3567326100829611,0.8633436225590922,0.7116205883199944,0.8566791740772128,0.296187893890039,0.5816931856432993,0.3388030758412217,0.333179405169635,0.4230016387752218,0.5415249493504657,0.5184969520193571,0.5704881854183402,0.5680792571706792,0.9257324938818382,0.1006602283465635,0.1226769105215347,3.35545341193738e-06,0.414897292278597,1.7222984404826117e-06,0.3520545559344689,2.4883249491828885e-06,0.4316403813269477
13,8,19,0.5,0.3444521589632414,0.0417466540745797,0.25,0.6804373824598338,4.6013605490543854e-05,2.34032522682753e-07,2.0616189934510157e-07,0.0001764571046172,0.8485150123558192,0.93489192269402,0.0001009414550216,0.9962173329891204,0.448818897637795,0.0355781448538754,0.3847328244274809,0.7222222222222221,0.1278538812785387,0.193372903126081,0.2134251290877796,0.1227106227106226,0.1009500714118552,0.0604196749660653,0.0950306397863412,0.1576120902103529,0.2048877257188721,0.0580080137614417,0.0733444350030421,0.1309970348043815,0.1847197639879157,0.3173520051093982,0.3946805500477907,0.3913533517940737,0.4356872428910536,0.3383291933005598,0.4015718583573506,0.3743218640383879,0.4430866332287595,0.5657580463747509,0.193384223918575,7.53482557940908e-06,0.2852852852852853,0.5979578813018509,0.5272349008600759,0.5564235898344201,0.6542271359341116,0.355095246125074,0.5789568985881072,0.2248991067348906,0.2221371039891611,0.2784402629396232,0.1631010612527851,0.3824420717911402,0.1783155598245788,0.39240513405636,0.9401157819039164,0.1473012379097145,0.1631925238080224,4.705984760469115e-06,0.2968695201886043,2.2913173889841777e-06,0.2429181383166551,2.0399143092828115e-06,0.3121385598964856
13,9,0,0.5,0.3904079170206501,0.1045149035392813,0.25,0.623535008610322,4.7010255604861535e-05,1.0031946414181023e-07,1.3349181730038754e-07,0.0002831193333751,0.7875952727337113,0.8805888902926711,1.0478302997526238e-06,0.9911962122226488,0.5196850393700786,0.0241423125794154,0.5254291295493274,0.9201388888888888,0.0882800608828005,0.3180233574234711,0.4079173838209981,0.1410256410256409,0.1785194497893582,0.1587519292636441,0.2025190235642888,0.2474097816460881,0.225724304420074,0.1539107450850724,0.1507827976813948,0.2061351430386699,0.2215982213701815,0.3807902812872956,0.4725717184329724,0.4471567185242893,0.4379526070977789,0.4046975507468302,0.467591369944747,0.4265951865744333,0.462677732157816,0.5550006905992744,0.193384223918575,1.6174323989473953e-05,0.3303303303303304,0.0887045309508614,0.8202645073910175,0.6895451928851353,0.8473396361111041,0.2832240918086703,0.5345467962363549,0.3406750360544892,0.2449010212439621,0.3001235448176147,0.4648749459587924,0.4856376318017521,0.5165210885666108,0.530643929737418,0.9193802142536982,0.1483761340728172,0.1769184903276058,7.202771967542076e-06,0.3700730329454316,3.3953870662319367e-06,0.4008831400999953,2.222354952749416e-06,0.3764272904204229
13,9,1,0.5,0.3230238137595388,0.0333544914594179,0.0,0.5356720854622167,4.688046301912966e-05,7.336115527971121e-08,2.3809648561620747e-07,0.0007352613612449,0.8334466550358659,0.9049870336158176,6.193120428359608e-05,0.9979100757689958,0.5196850393700786,0.0724269377382464,0.2570639549650646,0.7361111111111112,0.0867579908675798,0.2692735974222895,0.4027538726333906,0.1172161172161171,0.2099464148589651,0.1084631142333512,0.1529542303995305,0.1956225912739336,0.1707693484758864,0.1080108295282475,0.133223826132267,0.1756437051510158,0.1831870026310817,0.3645002156854396,0.4588401471201003,0.4349581978499509,0.4288610485885158,0.3948520841411986,0.4809405864174017,0.431866481979708,0.4683909872192394,0.5462911832629098,0.193384223918575,1.1046483273348432e-05,0.3213213213213214,0.2227185705169114,0.7039283410699024,0.7560725162092581,0.8546070196869824,0.231276125635763,0.6375407600979597,0.206026573650193,0.2733716663623982,0.359659858085128,0.5058573497615219,0.6950054005050729,0.4619522291257609,0.6837786053215151,0.9406243314595816,0.1406688642155558,0.1732251469852107,2.6828115175914786e-06,0.2109923126688095,1.817457408382174e-06,0.2831280386904237,1.832244499353355e-06,0.2578814867084948
13,9,2,0.5,0.3242495787019246,0.0424196477860329,0.25,0.181924814588415,4.68102986484686e-05,5.14282798638693e-08,6.363800013194803e-08,0.0002620279664974,0.6592578283719825,0.7864922116059623,3.192939867462696e-06,0.995333146220179,0.8031496062992125,0.0609911054637864,0.3995102141307151,0.7986111111111114,0.1598173515981734,0.1725968475629142,0.6385542168674698,0.0512820512820512,0.6344071861317168,0.1222714547109085,0.1009093697429439,0.202088055667151,0.2139355757861998,0.1221490214942482,0.0757053925296004,0.1632135738598813,0.2040599995755229,0.332237217503149,0.3523722651678115,0.384933577683391,0.3993631308762367,0.3686910700557557,0.3773134767681948,0.3771221937544097,0.4330959811098834,0.5718729094886665,0.193384223918575,1.3885299503310456e-05,0.3153153153153153,0.3031269942565411,0.9158624043513708,0.8477636654176113,0.942943625518486,0.2571919024539552,0.3852487111212801,0.3330659611827904,0.4302041222804242,0.4741960000951488,0.3555968648609444,0.4675388537550214,0.4109505039355002,0.5015857534523716,0.9242798387411872,0.1150353168859204,0.1374599129108457,4.643831495978796e-06,0.4178914903215216,2.254182141849685e-06,0.3783885266715358,2.212003426030122e-06,0.4124594627025287
13,9,3,0.5,0.2771754583205695,0.0158800371221619,0.0,0.5226006610082923,4.691169311146277e-05,3.8352411106407945e-08,1.318070496067974e-07,0.0007815637777005,0.6676213644230693,0.8034760970597368,4.3279222250681885e-05,0.9929278161385238,0.5196850393700786,0.0482846251588309,0.346519013159819,0.5208333333333335,0.0974124809741247,0.1889769083917169,0.2943201376936316,0.086080586080586,0.1995972429149134,0.1183352103572565,0.1101486568594078,0.1511573669255749,0.1764840211404875,0.1187669360215499,0.1017422451734008,0.1352306846616616,0.167166245427101,0.3401291191081149,0.3777932614260498,0.3584824339851661,0.3855861886381249,0.3767364124735246,0.4186742439578544,0.3679422061877044,0.4191426033714262,0.7130827498129175,0.1959287531806617,1.3885299503310456e-05,0.3153153153153153,0.2763241863433314,0.7385810426184563,0.7573920600123305,0.8032079140357498,0.214712538006204,0.2808217342284637,0.2678406044814522,0.306888878218376,0.355698502950136,0.2719920509309761,0.3823101906059727,0.2367964364974625,0.4159423112309798,0.9335521260503644,0.1375418570296048,0.1647702749579556,1.6991253579792871e-06,0.2209023990506413,2.3546128313043274e-06,0.2638118175529941,2.317484054785688e-06,0.3716201938633636
13,9,4,0.5,0.297201053732341,0.0240883013224434,0.0,0.4941145060681332,4.692030233511572e-05,4.947647968258968e-07,1.1437793424482602e-07,2.2942678127338765e-05,0.6441892474009344,0.7874236035204523,9.911128519628291e-06,0.9945726133664664,0.448818897637795,0.0355781448538754,0.3847328244274808,0.6805555555555556,0.0867579908675798,0.2532576762699015,0.3545611015490533,0.0842490842490842,0.2456715892532622,0.0724665750098135,0.0854922676645865,0.144639078955974,0.1418575605614223,0.0679532172632484,0.066309024345791,0.1252917813398424,0.1424632379685624,0.3350565179803652,0.3992854676285958,0.3932010681829317,0.4025405320215793,0.3480547472255562,0.3978513735922674,0.3725241420866299,0.4142492658789601,0.5617363856241853,0.1959287531806617,6.464982434858461e-06,0.3003003003003003,0.463943841735801,0.7105715557026051,0.8158066131323949,0.9111934963225612,0.1649823660463005,0.5736232427089314,0.2040913611017936,0.1719018242477821,0.223967951766812,0.2581476835930666,0.5220237952246269,0.2539461943700058,0.5509230277068399,0.9469619172134656,0.1396119380956787,0.1674732372904066,2.5234782657674727e-06,0.2151293565357644,1.3176756027451043e-06,0.1900327076083509,2.7256793537984285e-06,0.2954797123255571
13,9,5,0.5,0.3081067545892423,0.0261217774642687,0.0,0.6424537767106872,4.686926136850733e-05,4.237881734739837e-08,1.599217009627307e-07,0.00086081070046,0.8227255239701177,0.8770852079555387,2.739856226095341e-06,0.9941317642893762,0.5196850393700786,0.0609911054637864,0.2931130082674283,0.6493055555555556,0.0426179604261795,0.4005104406949171,0.308089500860585,0.1904761904761904,0.0938601687306871,0.096261221920176,0.1316046357410797,0.1440159340377332,0.1357952294865108,0.0943779722751868,0.1138452925306844,0.1309007738487342,0.1437086415611837,0.339089312608736,0.4190748777568224,0.375200332331454,0.3786988308820444,0.3666690916975574,0.4412141792227957,0.3755997729231801,0.4136816166554252,0.668212892530212,0.1984732824427481,1.2230495159236772e-05,0.3093093093093093,0.517549457562221,0.7627906263894202,0.6713374659592342,0.8685980569308578,0.3520766457683662,0.6648739901165429,0.1935007802767442,0.2249473090844231,0.278051580372459,0.2529649602155103,0.4656506730999094,0.25565804241312,0.4931386930442666,0.9491924591331824,0.1350831071028055,0.1654758453304095,1.9104262149277323e-06,0.1838550309352468,1.2005777531883938e-06,0.2112586778859889,2.0400706408905653e-06,0.3107888014584804
13,9,6,0.5,0.3088967077069046,0.0270886046553976,0.25,0.5152691710074463,4.701675311771109e-05,2.272737297601226e-08,1.497266356725077e-07,0.001526756116189,0.6992944457895653,0.8674532153358028,2.56079438219524e-05,0.9931970098259828,0.448818897637795,0.0482846251588309,0.3152531675771863,0.7083333333333335,0.1019786910197868,0.2298390473755664,0.4234079173838209,0.1373626373626373,0.1906644083539262,0.0377673865615227,0.0759435277559009,0.1341491964610897,0.1343538550431811,0.0384072978545423,0.0677718359973435,0.1157312169257062,0.150540737153017,0.3305736367299136,0.4179332062008669,0.4098245530037528,0.4237396750113692,0.3657097938195297,0.4464147605289901,0.4096219364186955,0.4687359498544375,0.7820063133539237,0.1959287531806617,1.1623482837349625e-05,0.3123123123123122,0.410338225909381,0.7793047154405572,0.959145498636322,0.9793770300585308,0.0834701762992165,0.4495367394032895,0.1425644219207167,0.1366477779136363,0.1783233758141269,0.1329035558347296,0.5485794157855036,0.1134230351746553,0.5636239562268822,0.9609176166067364,0.1491130094130787,0.1758163477352051,3.6791512359282775e-06,0.1334606454760628,2.1624575901373724e-06,0.1666033497303195,1.595558873645969e-06,0.1972499386376208
13,9,7,0.5,0.3418518624004805,0.0461544224264203,0.5,0.6549994802319292,4.683313405293962e-05,8.712761381852221e-08,1.7934321716794526e-07,0.0004549633287538,0.7883157707991628,0.891060113659516,2.215855453334136e-05,0.996797609307646,0.5196850393700786,0.0381194409148665,0.404938643001291,0.3437499999999999,0.1308980213089801,0.1105443788584425,0.4061962134251289,0.1391941391941391,0.1799943080342758,0.1014023075972301,0.1221466951368111,0.1828547906454604,0.1967815201713484,0.1002792363385882,0.0926422161468831,0.1495563057880932,0.2086179981849768,0.3600320458990381,0.435099008432296,0.426491596431689,0.4474810266576418,0.3883873743017864,0.4441476313558477,0.411571642651642,0.4845633627314309,0.7290693992820239,0.1908396946564886,9.23957851429058e-06,0.2972972972972971,0.4907466496490109,0.759980572765937,0.784629361681608,0.8767501039735213,0.1922236416140058,0.5568950646752469,0.2753289657586902,0.2677153299922963,0.3372295337201905,0.5030544117571666,0.6385723705679813,0.4575185327243922,0.6714868710279261,0.935881039860311,0.1150876449898499,0.1388354304063508,4.633452177636213e-06,0.3243399516221579,2.048765256039222e-06,0.2919268483086005,2.021401352974168e-06,0.3225622866181212
13,9,8,0.5,0.37428795750709,0.0876668448836441,0.25,0.3604500602737115,4.69412561166702e-05,1.805757520800745e-07,1.686232003241288e-07,0.0001890592837342,0.8113841255273978,0.894218138915935,1.163452108149161e-05,0.995772500087762,0.5196850393700786,0.0864040660736975,0.2231327259946407,0.71875,0.141552511415525,0.1764313044920394,0.4475043029259896,0.1062271062271061,0.2559928858312056,0.0940378523165587,0.1803262981428298,0.1956536936369479,0.2207766271227644,0.09419591411443,0.1476369291130432,0.1705238741661462,0.2298193131471785,0.3504792989440984,0.4757189401427562,0.4300995526977026,0.4583351817799038,0.3831307499827683,0.4910764907363389,0.4256406998992599,0.4980950446619323,0.5888290471187991,0.188295165394402,1.3885299503310456e-05,0.3093093093093093,0.3835354179961712,0.8535095018262768,0.8463495754688495,0.935091955327068,0.1901708678988898,0.4713427143883248,0.2711242752291388,0.228453575242318,0.2834498705751924,0.3332929395353788,0.5225292503635064,0.3559892893325361,0.5465665954443315,0.932241599644144,0.1372889097337781,0.1657329160165971,5.855627163169056e-06,0.3106476415363137,2.700479879934144e-06,0.3238573572637795,1.8083682050127344e-06,0.3336559822076141
13,9,9,0.5,0.3235984776578293,0.037817129250609,0.25,0.6459193402367766,4.7006984014694885e-05,4.876057182790263e-07,1.318956386354382e-07,3.2222686754717145e-05,0.8002150780111036,0.8552189103455506,1.978049262558533e-05,0.9919913729702784,0.6692913385826771,0.0864040660736975,0.2663778227583585,0.6944444444444444,0.1796042617960426,0.1387058460567893,0.2323580034423406,0.2216117216117215,0.053259483148431,0.0864098817883294,0.1142581237147569,0.1860054248473061,0.2401005120421218,0.0802651757058807,0.0854632028746004,0.1483170040279879,0.1940435960013153,0.2690367287395046,0.3185389478494511,0.3301918921163106,0.37977419806545,0.2813663722200077,0.3193301468043261,0.302330453767235,0.3584633599826468,0.7481443859651202,0.1857506361323155,9.23957851429058e-06,0.3063063063063063,0.410338225909381,0.5679732683630436,0.6407607031699403,0.7057940716935218,0.2787556700002956,0.501663168954749,0.2728503036253025,0.3861164216968185,0.445321553351985,0.1390264735012978,0.4626355414641023,0.1932292890210162,0.4949693333697139,0.9290547531560368,0.13077679519986,0.1500941238332395,3.834660923211227e-06,0.3675657370298382,1.7897193982132738e-06,0.3678520075557822,2.180517846728601e-06,0.4525244410667353
13,9,10,0.5,0.2988074470094682,0.0264944480582867,0.25,0.7340504521202359,4.696305110427356e-05,1.7265366239899765e-07,1.41207790904397e-07,0.0001617286942662,0.8643642146428958,0.8698117226612465,0.0002599340554814,0.9970617933566116,0.448818897637795,0.036848792884371,0.3764821151765083,0.6701388888888891,0.1628614916286148,0.1473746419846685,0.1462994836488811,0.0879120879120878,0.0950532519484205,0.1320509817534185,0.1318446669165448,0.1875541736778614,0.2152842751431163,0.1262915703011261,0.0952744186948639,0.1527288069556046,0.2120918612362886,0.3551224272830397,0.4035144469067941,0.3934626017438807,0.4221343817778273,0.3752691791201837,0.4019296322736876,0.3724832278914989,0.4440854563757543,0.6551267262463547,0.193384223918575,1.2541694703189312e-05,0.2882882882882882,0.3299298021697512,0.7949601141643403,0.7460340830349921,0.8201519362751228,0.2161059156147819,0.5484552949752204,0.3536701537808608,0.2877712445308917,0.3370385151721824,0.199120730407893,0.5532418297983651,0.1789687350761223,0.5710791886358595,0.9232648441604004,0.135409084463621,0.155365277067568,4.259572930131185e-06,0.3497617024088369,2.397084677966629e-06,0.3722146279750018,2.0879477019459686e-06,0.3822901506110485
13,9,11,0.5,0.3235328339726285,0.0461242993361054,0.25,0.722887534378237,4.6879696727958384e-05,6.499550313976315e-07,1.229413981259731e-07,1.2981424524884969e-05,0.8395950740516531,0.8899395689258444,2.5305583657798056e-05,0.993969157365624,0.448818897637795,0.0343074968233799,0.393342260167626,0.5694444444444442,0.1750380517503805,0.1215745335113665,0.3270223752151462,0.0714285714285713,0.2587112520081125,0.0912028007832337,0.1284508054619518,0.2050285080299015,0.2594078314637882,0.0880597985253922,0.1017546626057943,0.1732969944152284,0.2501744910640827,0.3414093901069033,0.4245672946428818,0.4284530905010369,0.4772047602696377,0.3637405534938951,0.4320356905677832,0.4108698484210876,0.4956646529719209,0.6447648863390318,0.1857506361323155,1.1623482837349625e-05,0.3033033033033032,0.3031269942565411,0.7770010797054878,0.7216037170527141,0.8051302909966238,0.2390096445489034,0.503213735668815,0.2871229627042441,0.2302698803364893,0.2780085889702302,0.2988690201043936,0.4347406097674653,0.2712410437468506,0.4658297907743849,0.9298834582580772,0.1511215685519558,0.1813976480122247,4.6611961210695306e-06,0.3237485764312287,3.0321735388140227e-06,0.3592512339825416,2.462245645895902e-06,0.4026561648272531
13,9,12,0.5,0.3289367902487283,0.0502373212701307,0.25,0.5462435023163383,4.684203601275271e-05,1.8226585178344106e-07,1.2249810288953628e-07,0.0001273035813599,0.6771972251992404,0.7355830095016026,9.751966842262937e-05,0.9900588384369012,0.448818897637795,0.0482846251588309,0.3152531675771863,0.7222222222222221,0.0578386605783865,0.3566938337124083,0.3924268502581754,0.1904761904761904,0.1249765487802815,0.077160212920953,0.1675698503919052,0.1597669683488535,0.1375513237497821,0.076853460787474,0.1249286765361459,0.1339823006428036,0.1444123710513143,0.2545525000702113,0.3666435233318507,0.2982210785628108,0.2779136743076668,0.294964504647689,0.3863632524203113,0.3079471803968335,0.3334184401374869,0.6898681807643716,0.2035623409669211,1.1919295615284232e-05,0.3153153153153153,0.4371410338225909,0.7094239979451791,0.6533590195495966,0.7806511880499576,0.3360178962328161,0.5047430715786438,0.2942649147860122,0.4550465761925952,0.480553003500535,0.1249899017704752,0.5123883068144612,0.2494866306085551,0.5398732021678039,0.9277110145620808,0.1307759771730015,0.1566821348907549,3.581479361713576e-06,0.2963060035459096,2.412450431623341e-06,0.3479190240279227,2.42889648616195e-06,0.4247365138789283
13,9,13,0.5,0.339601176582551,0.0392380148806728,0.0,0.5452639091972084,4.6900327095485065e-05,3.561576368387669e-07,1.1925837767254772e-07,4.747838042570703e-05,0.790064596866043,0.8589175216173153,2.3313416424635905e-05,0.994141673739442,0.448818897637795,0.1346886912325286,0.1376075809423532,0.6006944444444444,0.0852359208523591,0.2334246272428606,0.4061962134251291,0.2216117216117215,0.1095531309198454,0.1874379571156864,0.182299502673305,0.2523593781448916,0.2663218261961365,0.1852900745379428,0.1478387333002629,0.2095724752827568,0.2594842143257113,0.4087409663933787,0.4650800195223912,0.4598733298569558,0.478353625013394,0.4377179507396199,0.4780397455145425,0.4418350414502139,0.505517943606121,0.8471630603857494,0.1959287531806617,1.4609960711285378e-05,0.3183183183183182,0.3031269942565411,0.8188016727452823,0.8404672568830023,0.9232373804682732,0.156821547090226,0.4968960404436087,0.3362603615341211,0.2575741934641615,0.3315145332391478,0.2864518191173464,0.5584439654611346,0.2461638098921244,0.5638357248438436,0.9260989014258554,0.1161334704232358,0.1441721665155941,2.056404050981549e-06,0.3891358844692546,2.9243146195195563e-06,0.3656724971931715,1.8552732939344968e-06,0.3828655659618377
13,9,14,0.5,0.2685889375844612,0.0155708715720918,0.0,0.5528624679892106,4.691907259670098e-05,8.854261534430164e-08,1.702831480229223e-07,0.0004230422878639,0.6498469635333268,0.8046267250833298,1.2992593151692826e-05,0.993282370565722,0.448818897637795,0.099110546378653,0.1805915646096051,0.8194444444444444,0.1050228310502282,0.2520746820938727,0.261617900172117,0.1556776556776556,0.0977998094780005,0.1332325029765264,0.1691430563129955,0.1914461126197278,0.218830527636732,0.1289274233433935,0.1247309865850957,0.1609216289296516,0.183397867154111,0.3359719596609964,0.408786935686165,0.3688035428049895,0.3957406715466367,0.3618090612047116,0.4111645232527777,0.3589354615324888,0.3978174954327458,0.7194781814006674,0.1908396946564886,1.1919295615284232e-05,0.3003003003003003,0.4371410338225909,0.604645220907357,0.640768503611552,0.7245854699418199,0.3328325522721881,0.4076042497491215,0.363355719577632,0.3702877058673985,0.4405938507334306,0.5820597562605276,0.4376952820758717,0.6924060524946035,0.4996684211177667,0.9206741388598892,0.1076204826802676,0.1373466509426365,5.083530842917915e-06,0.4878792662114449,2.677236085086126e-06,0.3701886374555412,2.4797239418163654e-06,0.4525194876429658
13,9,15,0.5,0.3097778412208907,0.0269640432270086,0.0,0.7253803134135834,4.693469357411965e-05,1.6161655435769037e-07,1.3884242232004376e-07,0.0001714916678093,0.9156907863785316,0.9368242952734416,2.1793870316770925e-05,0.9969564279309384,0.6062992125984249,0.0597204574332909,0.3307281820574791,0.5,0.1400304414003043,0.1349238264041145,0.1135972461273665,0.1062271062271061,0.0582317464612266,0.1114219131404673,0.1703859581875159,0.2104660414282814,0.2712328576297839,0.108408512899509,0.1256024708492766,0.1792757122077394,0.2580605157786436,0.3408584692341909,0.439638247231794,0.4136191380708598,0.4673494191248386,0.3667536202507247,0.4395734183811847,0.4014876251254556,0.4876719879823053,0.7390491047003072,0.1908396946564886,9.722591534037728e-06,0.3063063063063063,0.1691129546904914,0.94509061440273,0.7916095298337185,0.8648458167139697,0.2193016774585753,0.6487966454319768,0.3191697024638226,0.2584992292486041,0.2665164679222638,0.1522751446251741,0.5101793685495564,0.1333941910631192,0.5273674935170225,0.9113736842734256,0.2105908841678423,0.2494294766525172,3.4690945423522868e-06,0.3256883950823049,2.9352321365001784e-06,0.5201897327438211,2.1027771758931923e-06,0.4975116514365137
13,9,16,0.5,0.3344833398156425,0.0469305278207425,0.25,0.7525863835174641,4.692178806263609e-05,3.139177723294766e-07,1.4642638662094774e-07,7.856455310868112e-05,0.8473482476908074,0.8693911360742287,5.2342840688287405e-05,0.9949973846234864,0.448818897637795,0.0724269377382464,0.2336145707780902,0.5243055555555556,0.1019786910197868,0.1829552316765696,0.2323580034423407,0.172161172161172,0.0751608572504461,0.111436839003259,0.13252376072191,0.1619917004128185,0.2058766365858997,0.1084567115243189,0.1056599743098913,0.1376549899201497,0.185814811963185,0.3545664680595878,0.4257933486561535,0.3945995215476017,0.4364008464743267,0.3793057047968055,0.4362737770690222,0.3836749136217265,0.4482667973082194,0.7418226448876135,0.1908396946564886,8.344017106130204e-06,0.3033033033033032,0.3031269942565411,0.8864579266431525,0.767120424638418,0.923309682387528,0.2978456001637156,0.6048655928556574,0.31020632490628,0.2171638489613001,0.2727153214626141,0.3092914302859139,0.486546185876264,0.3130093368485953,0.5168379945847793,0.9361211755018052,0.0969805829364583,0.1165727064751996,5.594087795656622e-06,0.3116324797010529,2.4085111121166063e-06,0.3166420467279068,2.394020680819624e-06,0.340315360222341
13,9,17,0.5,0.3435982137534222,0.0422332877579648,0.25,0.4244179387196251,4.690852511266255e-05,3.2355434621417424e-08,1.2710264936021105e-07,0.0008980101936044,0.7690944433628235,0.8757959569340882,2.9404746700025232e-05,0.9944208919027352,0.5196850393700786,0.073697585768742,0.2535786929574768,0.6458333333333335,0.1035007610350075,0.2113539515306789,0.4199655765920826,0.1538461538461538,0.169005168170184,0.1707394847853707,0.159451338463042,0.1751149460930044,0.1843234144058746,0.175758097311606,0.1181761459486178,0.151546610194411,0.1898557033298014,0.4055132691879454,0.4603751514835681,0.4167909748740197,0.4342631924423406,0.4451257558398249,0.4736571813303789,0.4202297142053016,0.479350734571439,0.9205009652924,0.1984732824427481,1.132767005941502e-05,0.3153153153153153,0.5711550733886408,0.853610935922279,0.8417695477047404,0.924565487747302,0.2315030702895993,0.4975552897737446,0.2253745678967622,0.199129822295824,0.2677305112589394,0.2415405733276551,0.5541615632589516,0.23447559900739,0.5827000095599694,0.9388724629921336,0.1483076136204706,0.1848817561481431,4.568264520214614e-06,0.261569460378815,1.9403180905481867e-06,0.2617262947115683,1.6760290103702367e-06,0.2581176255493844
13,9,18,0.5,0.344446449642701,0.0476163446355485,0.0,0.7084410663200873,4.697765739822458e-05,6.556809828646279e-07,1.2459568775555634e-07,1.318567232626596e-05,0.859523171306156,0.9004069848329788,1.8157389694444397e-05,0.9983178011682804,0.5984251968503935,0.0343074968233799,0.4751318996990054,0.583333333333333,0.1308980213089801,0.1605369327412542,0.163511187607573,0.1227106227106226,0.0745179579387543,0.0985609004866948,0.14052088075099,0.1892823810056583,0.2232343209200942,0.0994348589264891,0.1084663956287256,0.1729391708639322,0.2268365489002073,0.3442482788883885,0.4311989737642577,0.4137005853246859,0.447818808864137,0.3801634692420653,0.4483684496673569,0.4197940737823641,0.487969519441014,0.8131893573149371,0.1806615776081425,1.0765296487281843e-05,0.2972972972972971,0.5979578813018509,0.8389960026506458,0.7880567491277031,0.9211012098761162,0.2203122115716907,0.5902166112456472,0.3331753386982471,0.3048478737497353,0.374703280596425,0.5889478195197648,0.4049630023298637,0.6060081990217947,0.4376519563356056,0.9257477176672028,0.1147423691362368,0.134084428184172,3.903485518388272e-06,0.4111959226975891,2.041208866319404e-06,0.3364112480123042,1.7568245038493065e-06,0.3507910257046956
13,9,19,0.5,0.3368149308337139,0.0642098557596264,0.25,0.3542212484653677,4.6824379215916506e-05,5.8017898616846335e-08,1.1365675168804541e-07,0.0004320635388583,0.6850268270033575,0.7915213936903706,3.681719727683681e-06,0.9909550013597336,0.448818897637795,0.036848792884371,0.3764821151765083,0.6284722222222221,0.1156773211567731,0.188793593631539,0.4716006884681583,0.1703296703296702,0.1731929214697433,0.1410513882325261,0.1188974580968585,0.1705711029900169,0.2438323070407778,0.1306054238432287,0.0844397107681876,0.134427595718066,0.2254896475537079,0.3557205465543278,0.3819977673018911,0.3706421066874753,0.4351823950190173,0.3649773227629984,0.3704090859388946,0.3376511301913535,0.4362822930675163,0.654515927188358,0.188295165394402,1.8372551772439323e-05,0.3213213213213214,0.410338225909381,0.6909534774822284,0.769265113131933,0.8161998785148739,0.1406603088685551,0.386699492649896,0.287530551341142,0.2934562433747312,0.3703733148841057,0.0984958498379687,0.5576839708274076,0.1014919817568301,0.5701541167581867,0.9288710939003476,0.1419560536446146,0.1582522300613506,4.270724368900917e-06,0.4070613032836475,2.680814455588683e-06,0.3419365959927894,2.719440091159325e-06,0.4583498988256875
14,8,0,0.5,0.7553730231306637,0.566995335440143,0.5,0.4150096784448049,4.5877925234475794e-05,1.6165464598457512e-08,1.60674934456659e-08,0.0002086623298879,0.8454077978680088,0.8162668122535659,0.0002811477578299,0.9992486956160862,0.52755905511811,0.073697585768742,0.2561503425941435,0.625,0.1354642313546423,0.1642803365344116,0.3442340791738381,0.1575091575091574,0.1322549485093075,0.1069982955739116,0.1488187093907014,0.1851491976460141,0.2076821014214023,0.1046187842624936,0.1113872187874148,0.153928342634442,0.2119207216850952,0.3274301291210119,0.4073599166354271,0.3808038206088669,0.404857174434475,0.3559414775894826,0.4156209663816069,0.3710001535868514,0.4413576213990105,0.5833903733905239,0.1221374045801527,1.0635641543622869e-07,0.0690690690690689,0.2763241863433314,0.8550315216721729,0.7886760807529622,0.9130843841650248,0.2126574787244373,0.7937492154386486,0.3586575945061969,0.2030886201678581,0.2573130740617855,0.2972620759883713,0.4671857111387437,0.2283955808434311,0.4969826448802225,0.9221790590669277,0.1373042719649743,0.1655057145812952,3.1651297303286025e-08,0.3767513390736569,2.8545890247237808e-08,0.3943738236321724,1.101128784360304e-08,0.3424801095380445
14,8,1,0.5,0.5940992705952861,0.2905773966040268,0.5,0.5965633368258136,4.58645795703223e-05,5.215542234532872e-09,9.192239696634226e-09,0.0004024555949503,0.8708936825467245,0.802100641648206,2.2162131794501225e-05,0.9991933340305958,0.448818897637795,0.0482846251588309,0.3152531675771863,0.78125,0.1902587519025874,0.1447331272112712,0.2099827882960411,0.0329670329670329,0.2852153222329551,0.0597359890986047,0.0896982181289276,0.1217268694798161,0.1266140879054022,0.0613006298073077,0.0711865935292053,0.1158345832468525,0.1509283818482384,0.3375191976762225,0.4181010981886684,0.3916780668114768,0.4080141021434701,0.3759057854145987,0.4435991532479211,0.404379905192817,0.4632159617577701,0.5493582108507216,0.1068702290076335,8.155380227085869e-08,0.042042042042042,0.517549457562221,0.7192320877003135,0.8214751770889173,0.9154786439464342,0.171890519335069,0.8126072699435178,0.1558171401687135,0.1655953562360821,0.2152690090300828,0.1061436155739248,0.4936767971615062,0.0884808744998384,0.5115076419482604,0.9577971156467736,0.1424878917821821,0.16553855770524,5.485947442522872e-09,0.15870478390679,1.0474227799168544e-08,0.2207549020771902,2.056493724427973e-08,0.2253039552480226
14,8,2,0.5,0.548392590134117,0.2140161289842804,0.5,0.5853021096738454,4.588297108928084e-05,4.756109400080963e-08,2.19663971058548e-08,7.91980072995908e-05,0.9145477544908702,0.7724497274267279,0.0001127501694165,0.9992118217131168,0.5984251968503935,0.0749682337992375,0.2755695943376912,0.6493055555555556,0.1308980213089801,0.1743029983031878,0.2857142857142856,0.086080586080586,0.1936377478347712,0.11530980948162,0.1279635022118682,0.1830320319669696,0.2295259982876288,0.1091834456529218,0.0955220259096606,0.1610411743269336,0.2126822996380467,0.3205220323211512,0.3689532456065167,0.3610197904617463,0.4040177592908328,0.3387366216165445,0.3713015035135685,0.3513751947026561,0.4148276192949862,0.469963966285416,0.1170483460559796,8.479762393461373e-08,0.1261261261261261,0.1959157626037013,0.6087352668662431,0.6604642899592337,0.7828462533959044,0.2840908226079086,0.7338826958970217,0.3303106042517157,0.3748975038852065,0.4368650909076503,0.4351516638718578,0.3869242719155966,0.4727061883444413,0.3351843464448601,0.9194757378523616,0.1441009243385948,0.1713179706300689,1.884161246271473e-07,0.399862281936724,7.280932539750273e-08,0.3487042232217928,5.079459411412004e-08,0.4118563897252238
14,8,3,0.5,0.4719859519989758,0.1382648415035181,0.5,0.5658889447346678,4.5891169177138815e-05,9.371004751300185e-09,1.7241884057779617e-08,0.0004125620614983,0.9165913882087264,0.8204706060363921,5.058102234416768e-05,0.9983648370484024,0.2362204724409446,0.0609911054637864,0.1867158024041414,0.1319444444444443,0.1156773211567731,0.0742797573919636,0.2461273666092943,0.2069597069597068,0.0635387857722491,0.1338410635775699,0.2249060848120005,0.3074088788406303,0.344680515102528,0.130727994392365,0.1728580544410617,0.2668117639150045,0.3442336826447845,0.3159237569785912,0.4375376398212989,0.4464702323707804,0.4786266874739234,0.3471568228259514,0.4449553548545826,0.4387267894448468,0.5206389785122105,0.4858179241964686,0.104325699745547,3.247513086850697e-07,0.114114114114114,0.4371410338225909,0.8179389793411249,0.672874100756645,0.716246350717328,0.2501232994319064,0.6953795715764817,0.5832862711918575,0.3820515245165206,0.4984433154898999,0.5529827226968006,0.7532000053518842,0.5142182866693924,0.7493108434879933,0.8886858670765609,0.1413984140356756,0.16798321440906,1.884910776122208e-07,0.6509336200777538,7.230779669143154e-08,0.6553075749601892,5.8220572454281185e-08,0.6174488621563944
14,8,4,0.5,0.8887335626734317,0.8073612461013326,0.25,0.3820099496353695,4.589869705238443e-05,8.802260253946366e-09,2.5190834954064908e-08,0.0006543241874352,0.9388775147381462,0.8172261534133832,0.0012653149396324,0.9998029611555792,0.5196850393700786,0.0355781448538754,0.4226509775808864,0.9479166666666664,0.0867579908675798,0.3303342968157694,0.3855421686746987,0.1923076923076922,0.1211354028109937,0.0483219227184072,0.0960750323014976,0.1684801817140668,0.1820951544854304,0.047521891718168,0.0692352896825974,0.1467103226582844,0.1861200553974554,0.3008170298251697,0.3855855599234002,0.3905384872032352,0.4095562207319346,0.3300639970553051,0.3971933404033229,0.3862842111324356,0.4436792186335238,0.5759644935582995,0.1374045801526717,9.162272344162e-08,0.063063063063063,0.3031269942565411,0.729780195399159,0.7340461299873358,0.8800671320089064,0.1927187451368644,0.8643994132234125,0.2874550502918458,0.3129911141576351,0.3835351852680864,0.2639722741911504,0.41128788439925,0.2299482097131967,0.4475955609114865,0.932710614309914,0.1197889852110919,0.1399831090084321,3.5372504814894965e-08,0.3400957866865293,2.4383597179480454e-08,0.3046160691068758,4.609492182166177e-08,0.3736192490241562
14,8,5,0.5,0.420203431706133,0.0830336339584677,0.25,0.6181121431281882,4.586877321031878e-05,2.417384624422471e-08,9.857479224832029e-09,6.839578883597173e-05,0.7502462291667656,0.8521611196496066,3.809507620517455e-05,0.9974421890798628,0.448818897637795,0.0749682337992375,0.2273346787166213,0.7013888888888891,0.1035007610350075,0.2253448711580525,0.163511187607573,0.1410256410256409,0.062717050653123,0.0505360316151647,0.1781850567021514,0.2087209510641988,0.2454530974580318,0.0485470721734405,0.1510480763883589,0.1842001773903537,0.2384925823710934,0.2520926496777042,0.4015945459280426,0.3678811450518569,0.4018009337347567,0.2771971631731792,0.4243637320970089,0.364328881858275,0.428721511896651,0.6924352885101532,0.0814249363867683,1.0257962371048204e-07,0.057057057057057,0.3835354179961712,0.9053504125537036,0.675139292923598,0.8020260410232969,0.3426493308855388,0.6841983899874612,0.3735484748501969,0.2405320870163199,0.3033405998642466,0.1822709207531023,0.4177830192455999,0.1706983852180721,0.4328637879446807,0.9203413132222602,0.1269851303515119,0.1593834028220064,3.4127245220110525e-08,0.369626556926937,4.9610770073950495e-08,0.4148157884819833,8.772137872208038e-08,0.5382203912630287
14,8,6,0.5,0.9351782119443424,0.8865082479254801,0.25,0.4991754093204819,4.589870205206464e-05,9.373336359087694e-09,3.343648369113642e-08,0.000820065424821,0.9238205643186596,0.8321038062454518,0.0001854924930126,0.9998153257242504,0.448818897637795,0.0724269377382464,0.2336145707780901,0.7118055555555556,0.1324200913242008,0.1854921985638062,0.3562822719449226,0.2106227106227104,0.0992984926337848,0.0874399775840718,0.1218475328011256,0.1596957292011053,0.1869374304862582,0.089664796701015,0.0986678783335856,0.1362174744509893,0.2109269117420713,0.3651786802624712,0.4548780921131747,0.4293970526082003,0.4608183607059382,0.4018312925521173,0.4755710063154442,0.427535042846098,0.5117124766143885,0.5358781511424273,0.1348600508905852,1.0257962371048204e-07,0.063063063063063,0.5711550733886408,0.8710063054290247,0.9710940421999226,0.9871963227543424,0.0457268223551819,0.9077234425435576,0.2031985255042168,0.1789778611526091,0.2285210389899084,0.2583424270223026,0.5085246441169751,0.2283093295974555,0.5124333766747459,0.9467942906542172,0.1441052839333385,0.1731142595709932,1.6781493757745624e-08,0.2020763202119423,4.910348492729653e-08,0.2328400676205405,1.735621575276211e-08,0.2413873043024864
14,8,7,0.5,0.7513623642780758,0.5264073397650842,0.5,0.5100826758242714,4.587352035959332e-05,3.569890043841115e-08,1.3006040315800568e-08,5.685947399133183e-05,0.9031357385665914,0.7361701622448237,0.0002532329052529,0.999414629301148,0.590551181102362,0.0381194409148665,0.4413091164341492,0.6458333333333335,0.1293759512937594,0.175334059893859,0.4802065404475041,0.2948717948717947,0.0952827737244036,0.1040642530205957,0.1560755202008911,0.2132559948655464,0.2692953519204987,0.1038848914481448,0.1407384240276912,0.1794126196578631,0.2794743668228592,0.3606753369662875,0.4603069596062024,0.4465021756476662,0.4961765014826854,0.3918661606370349,0.4873083923736206,0.4344298853058238,0.5349810305834111,0.551102277425628,0.1170483460559796,1.1430290017473317e-07,0.078078078078078,0.3031269942565411,0.8966426721080434,0.7805669514764695,0.8915493150362486,0.2091771861492982,0.8924680796089645,0.3297141406850563,0.3657311301353969,0.4512675171334264,0.4190532827746151,0.642016001627245,0.3430331770104409,0.6349029941843953,0.9246508543093972,0.1177702875423645,0.1380152609153999,9.63571815501805e-08,0.4297751106893528,4.199987072180083e-08,0.3719943510109189,2.1916896917914018e-08,0.3921548317682569
14,8,8,0.5,0.7846530894455753,0.5977096078836177,0.75,0.5400650898972558,4.593502581792087e-05,1.3115603485668246e-07,3.2362826785167925e-08,2.7156649778929632e-05,0.9541795770304076,0.8481580768120202,0.0026954392503282,0.9998284813649082,0.8425196850393704,0.1232528589580686,0.2345130146166716,0.2673611111111109,0.1035007610350075,0.1160408115691964,0.2564543889845093,0.1391941391941391,0.1082901704210766,0.1218851506061211,0.1553334489795488,0.2223552177316921,0.2461348548966176,0.1187707110762958,0.1209633462417411,0.1967693358932792,0.2457141270176536,0.3372043102329864,0.4103849344373713,0.408398180869245,0.432647923140001,0.3646150951789894,0.4218556690409165,0.4041605079876925,0.4653954139063755,0.510005270858295,0.1577608142493639,3.671843348936404e-08,0.0210210210210209,0.517549457562221,0.8583467334269548,0.744259106082505,0.8338268386555412,0.2476210747668917,0.8793606894676191,0.4461437546875018,0.2223032414294818,0.2788726268846617,0.3470606218383942,0.3251700786956575,0.3107656844023832,0.3584189864233623,0.9153477350942086,0.1114396850299213,0.1388027923509693,5.528599763303271e-08,0.4862674161827137,2.0199846967792376e-08,0.4901589967127985,1.6585181881928244e-08,0.4388991247161836
14,8,9,0.5,0.6493735510771823,0.3317455384446536,0.75,0.4794575695059622,4.589259744187559e-05,6.598776991428853e-08,1.4054522620016301e-08,1.991537241349605e-05,0.9104183459361384,0.7905226301177811,1.1900411414270722e-05,0.9986305785497578,0.52755905511811,0.0838627700127064,0.2309784308564172,0.5625,0.1643835616438356,0.1275736808486505,0.2323580034423407,0.2087912087912087,0.0580772938375387,0.0565521736238295,0.1737011723770831,0.2270511768776281,0.2565478522549266,0.0545991602233096,0.147459878906933,0.2056424482007451,0.2548414281269999,0.2680411652965879,0.4089029040653799,0.3951435662221149,0.4230078608541718,0.2941747788649945,0.4314873859541441,0.3951049136486644,0.4548891078112997,0.685976346516362,0.1246819338422391,1.555626945664409e-07,0.078078078078078,0.3835354179961712,0.822989168776544,0.7864915378399306,0.8935370805001113,0.1502500243533207,0.9284759884224828,0.4241089362574286,0.2945600409049094,0.3601162314640458,0.2801154202264834,0.4766100981276198,0.2427445429443288,0.5087438340005791,0.9177990446295484,0.1035861767238387,0.125463731582251,8.808652522768585e-08,0.5423562243251111,3.87843424858136e-08,0.5035974798157522,6.89787815831049e-08,0.5182790526048482
14,8,10,0.5,0.4445648669155541,0.106048146593848,0.75,0.5585640781293358,4.586153212241591e-05,5.766869795520757e-09,7.236430382063676e-09,0.0002809347215304,0.7999276368492381,0.8305797063611442,0.0004271056486381,0.9982670690096376,0.52755905511811,0.0978398983481575,0.2032172209060863,0.5868055555555558,0.0745814307458142,0.2539053789635642,0.3390705679862306,0.1575091575091574,0.1300201378542543,0.1627321899238964,0.1822941527971268,0.2481274060728032,0.2579648647970394,0.1549948560184668,0.1468060385291283,0.2059491140282877,0.2496028567179774,0.3928764449567165,0.4683993573656222,0.4597246771839399,0.4755714654855525,0.4102947993654662,0.470098123460035,0.4324563433398645,0.4910022334252139,0.7820063133539237,0.0941475826972009,1.1848281161046378e-07,0.0690690690690689,0.517549457562221,0.9363183098916994,0.7716911708530994,0.8882738218933293,0.2155357105214301,0.6601786625664896,0.4055722676440885,0.3183609377822594,0.4129307424823811,0.3924749315777735,0.322715052087446,0.3479587797408985,0.3370164252045218,0.915339989189685,0.1135585167700521,0.1416546278892504,1.9981714587148828e-08,0.4270856172655225,2.4066007859132413e-08,0.4122799634602038,2.7233054976444345e-08,0.4287320023577924
14,8,11,0.5,0.6578415261811654,0.3998688093788182,0.5,0.5309477585372058,4.587298117081952e-05,1.9711953586370987e-09,1.645734333626842e-08,0.00198629027867,0.799476644486533,0.8282133799970358,0.0001240553339046,0.9996612235864204,0.5984251968503935,0.1257941550190597,0.1783252506234914,0.7118055555555556,0.0867579908675798,0.2622666319181198,0.3855421686746988,0.1593406593406592,0.1483455852256913,0.144062830877772,0.1805883380255965,0.2140094159538395,0.2077768145384763,0.1495415452014676,0.1451264324332571,0.1998016085956492,0.2301948755559359,0.3962652232548036,0.4903844104616567,0.4574912435175541,0.4652893056243268,0.4367184870594007,0.5088005092420214,0.4660883385187891,0.5199410414050992,0.7033521761939334,0.0788804071246819,5.289503225654022e-08,0.03003003003003,0.517549457562221,0.6136173171030159,0.5918152214169501,0.7815156981045628,0.363792269247884,0.8861242466928616,0.2642452248345458,0.2215186403511702,0.2883509152531549,0.3686136434635125,0.3656507563433815,0.3256333910732804,0.4025786778848595,0.9336428639288612,0.1427924472830424,0.1748986313062894,9.784342361368134e-09,0.3000200093062148,8.143125610238702e-09,0.3173625166687959,4.888085178306182e-09,0.2849936989178367
14,8,12,0.5,0.5377984341195134,0.2418865671328185,0.25,0.6846012584624503,4.589168983086478e-05,4.994891397465984e-08,1.7505894605820275e-08,5.2822559381688326e-05,0.898325623657383,0.8514009777123307,3.043498270238764e-05,0.9986581221746016,0.5196850393700786,0.0355781448538754,0.4226509775808864,0.6840277777777779,0.0852359208523591,0.2577688273944909,0.1531841652323578,0.0366300366300365,0.2009459707488403,0.1375764179632787,0.1363134986621219,0.1962854693967936,0.2422372574913732,0.1348608126290014,0.1139522198320112,0.1695798257735947,0.2273728663508721,0.3196480596276814,0.3474501900250906,0.3452805109565084,0.3873290161993263,0.3521640441858952,0.379121697316597,0.3474679488311072,0.4154690155113422,0.4793390174230527,0.099236641221374,2.804540351198726e-07,0.09009009009009,0.4907466496490109,0.808363848347383,0.7844068581583388,0.8154520851827249,0.2108044049558374,0.7725700995483207,0.4079855509554416,0.2910843637621589,0.3607291516603395,0.2029938065741889,0.5000062869403946,0.2103024946453652,0.494714348666043,0.9096503915686692,0.1486422326804387,0.1813350043443861,5.162161967493699e-08,0.4671323507265977,3.418596703611909e-08,0.521839846531862,2.1201177421176761e-07,0.5395858570226961
14,8,13,0.5,0.5103615406062316,0.1672026604455669,0.75,0.5721318979594298,4.5871808405950086e-05,9.588606695732379e-11,1.225770876407916e-08,0.0309429134142508,0.9134553591564292,0.9123577124050792,5.863447978735584e-05,0.998857341868412,0.448818897637795,0.0609911054637864,0.2665137068016066,0.6250000000000002,0.0989345509893454,0.2137898705729449,0.3218588640275387,0.2619047619047617,0.0658676539364202,0.0735763460277814,0.1363921958323121,0.2020182960491729,0.2591596063511546,0.0718329509019561,0.1147312949580624,0.174146807762191,0.258387674855522,0.3288302697477159,0.4313741287612344,0.4264627654894629,0.4772529401710537,0.3547333202582947,0.447606573611147,0.4147222796679901,0.5048954327735751,0.5982495843270912,0.0916030534351145,1.3145738392354694e-07,0.099099099099099,0.517549457562221,0.6982014340857048,0.735233101343507,0.8289428904100271,0.2074660104935998,0.8007229549867303,0.2952732529402962,0.3149702375417489,0.4078413554580713,0.188294897185554,0.5331033365189567,0.1968916311870033,0.5363704403039865,0.9290389124672984,0.1180534410026974,0.1403501373725741,6.318251759786092e-08,0.3842592434208447,2.9327371572247635e-08,0.383534394328235,2.152649238083588e-08,0.3925841123557443
14,8,14,0.5,0.4587377376609062,0.1100465656589233,0.5,0.606641640646919,4.588661341009875e-05,1.1564903806957441e-08,1.9256278312889064e-08,0.0003693645390159,0.9027321402861166,0.8520228185091723,5.153238819384701e-05,0.9982846928841762,0.5196850393700786,0.073697585768742,0.2535786929574768,0.7152777777777779,0.0304414003044139,0.5215756886530201,0.2943201376936316,0.1227106227106226,0.1437883242820532,0.0869019278138014,0.1321922531454441,0.1659963783864993,0.2015483519976271,0.0835040960117623,0.1179957355035549,0.1490060808261882,0.1969815053626247,0.3011373438367352,0.378768026433867,0.3521309038824143,0.3864671672956026,0.3246814962314507,0.4057661565628557,0.350121203115793,0.411458564479005,0.4374927988205193,0.1017811704834606,1.0257962371048204e-07,0.0660660660660659,0.4371410338225909,0.8167166625177464,0.7954739632685728,0.8211269920363082,0.2084949052841302,0.8778772503167522,0.3428167442466091,0.3281876426439341,0.3890228546867567,0.2884035212488846,0.6184409956268399,0.3110742399031174,0.6168602058031233,0.9275039381734368,0.1016705650718984,0.1231349614606457,2.7774230196585056e-08,0.4564526448153609,2.0200858532903047e-08,0.4007551898480567,3.8533478090721787e-08,0.4369558663568357
14,8,15,0.5,0.4779347620086918,0.1346547965800488,0.5,0.5668247856132637,4.5866905922063065e-05,1.1377190756636904e-09,1.191589487829062e-08,0.0025226289774948,0.8636877548473723,0.8678709871622996,9.207682753171168e-05,0.998858369821314,0.448818897637795,0.0978398983481575,0.1825904477786552,0.7881944444444444,0.1750380517503804,0.1573414320550394,0.4406196213425128,0.2930402930402929,0.0860186411740478,0.1005803598519876,0.1088448577834827,0.1952641705982515,0.2489504408753923,0.0997016497109145,0.0924315735942509,0.1867227746899544,0.252107250696752,0.3180911190279499,0.3650054597253097,0.3837630174060399,0.4324510055741393,0.3517293355893567,0.3960181260480911,0.3984824325428744,0.473636763136247,0.4245924043373379,0.099236641221374,1.1032965780548093e-07,0.06006006006006,0.5443522654754309,0.799422745377329,0.7608615209166469,0.8600490136700762,0.2246155780736218,0.738674591339878,0.3026024226220653,0.2964467783182698,0.3521776266121197,0.1834163172196578,0.4056586004365968,0.1414185957523677,0.4541327029564265,0.910932406015424,0.1929667636486263,0.2369428107484664,1.9078109239118303e-08,0.3097069057280456,4.7166455505819015e-08,0.4841583608909581,4.271886066252276e-08,0.4579184725763864
14,8,16,0.5,0.6269462935675887,0.3181183966839982,0.5,0.5772009420927081,4.5882368317953616e-05,4.6341211199308866e-08,1.873282654452415e-08,6.565672423309736e-05,0.8437021114387392,0.7990642290215284,0.000328635091537,0.9992731834817804,0.6850393700787397,0.0609911054637864,0.3551780450210122,0.357638888888889,0.1293759512937594,0.1146198587945413,0.3390705679862306,0.2106227106227104,0.0934734222546986,0.0954191807028619,0.1721857896632968,0.2217280240712666,0.2748521365216062,0.0917669358849982,0.1404929682370433,0.2018174514574989,0.2656720853259729,0.3315754517250856,0.4449062959654462,0.4259191235891995,0.4735898688914255,0.3535931898589751,0.4540420524274965,0.4197938956071782,0.4934584031151358,0.589299228171015,0.099236641221374,5.80607115148922e-08,0.057057057057057,0.3299298021697512,0.8082782655331142,0.7839076693126348,0.880290743540054,0.2080449211028184,0.8776148108785868,0.454832489542339,0.3704713325108724,0.4719186555962804,0.4678183267209609,0.3522572580869574,0.4588124880292747,0.3620855726038028,0.9120821221712366,0.093321689414643,0.1143590070631603,4.481769740199861e-08,0.4876648395721091,1.0204228239892889e-07,0.4808415037438344,3.567510873137646e-08,0.4599870052672324
14,8,17,0.5,0.6604806544820314,0.3775797615087615,0.75,0.4104930793628629,4.5898277313344834e-05,1.0897344213597478e-08,1.7227515393915473e-08,0.0003500152994182,0.9281258036531992,0.863683238333548,3.789745807422818e-05,0.9996583295485746,0.5196850393700786,0.036848792884371,0.4136103068058846,0.7777777777777779,0.0578386605783865,0.378048395248926,0.2254733218588639,0.1758241758241757,0.0704643942573078,0.0588160436649526,0.1338527363893475,0.1890243187224074,0.1932512151398449,0.058597470410944,0.109674777599943,0.171993957306939,0.1928584270803649,0.2978538028414743,0.4045699303962397,0.3939594464628928,0.4044112194622681,0.3321966331500233,0.428664175369867,0.399917542994043,0.4415184106843445,0.5377451769401835,0.1094147582697201,3.671843348936404e-08,0.057057057057057,0.463943841735801,0.8033728338181083,0.8942267899995766,0.9484131131724344,0.0865062451560103,0.8574331793507605,0.3121473639704104,0.267616989875717,0.3488240801887174,0.2345370264266481,0.481747967950396,0.1980768283617859,0.5152499869297612,0.9294502877106612,0.11664955058392,0.1389746046678741,4.4756620062770415e-08,0.3666385109371979,2.2470026279235906e-08,0.4053482384760951,1.915548583363641e-08,0.3880247813586327
14,8,18,0.5,0.5645448088670579,0.2386066631554914,0.75,0.6113856353747543,4.587400238397381e-05,1.3909232645330772e-08,1.807314958560532e-08,0.0002816856704261,0.8145305020985162,0.8480862160194502,0.0001144989144973,0.999279684250456,0.448818897637795,0.0609911054637864,0.2665137068016065,0.6076388888888891,0.1156773211567731,0.1839888172858226,0.3872633390705678,0.1410256410256409,0.1687333315524933,0.0625645289966944,0.0968839326424745,0.151848757048669,0.1663278471509426,0.0617212468432919,0.0762199481866912,0.1347551775995555,0.181084678530001,0.326665355877919,0.4065740443470386,0.3966568624623722,0.4179168987492757,0.3552877562295458,0.4218554908040249,0.3934774727541202,0.4575837932401156,0.4193485795229037,0.1068702290076335,6.62811475187761e-08,0.072072072072072,0.1691129546904914,0.7482946319948725,0.8018072799609239,0.8678752675725736,0.1949302787027587,0.7611796925663081,0.2366221363420926,0.1948907763127614,0.2322829437435236,0.4376341171439288,0.5237425543903448,0.4076464878047375,0.579661062084093,0.9443325998457855,0.1239541673754053,0.1469833606461858,6.365666005222568e-08,0.260319844458916,2.3154355489970067e-08,0.2363926950138796,3.967926000072106e-08,0.3052732623737667
14,8,19,0.5,0.4881504316420323,0.1515736156976557,0.5,0.4297728985015939,4.587064372720345e-05,2.0000009479481793e-08,1.1882456076179149e-08,0.0001131921328026,0.8478880823513482,0.7598493726278898,0.0004652389773724,0.9933894819397368,0.52755905511811,0.0355781448538754,0.4268641057090424,0.65625,0.1308980213089801,0.175752057836023,0.3752151462994835,0.3095238095238093,0.0643262652829819,0.0601909491711138,0.1426565960182801,0.2077900766695886,0.3139823045335139,0.0566979721208212,0.1099130928483617,0.1634933461225487,0.2846244846952942,0.2283504435441472,0.3278331335464054,0.3321248047060873,0.4309145436521923,0.247393850063484,0.3368621333969316,0.306119192789672,0.4364972744772128,0.5942271997122148,0.0788804071246819,1.0635641543622869e-07,0.087087087087087,0.5711550733886408,0.7612468741801615,0.6030982186626481,0.5516784254592184,0.3555893500655275,0.7365256277511851,0.5151721103121907,0.3839904329822068,0.4877596644930793,0.4201481499934783,0.4783922265022612,0.4421339579136452,0.4717888059579194,0.9060167901899766,0.0898159586516982,0.1037817051083088,1.4469426465045917e-07,0.7368450528110699,5.972951340209072e-08,0.5816619292585484,4.987283211302581e-08,0.6602915019583177
14,9,0,0.5,0.6174909984695474,0.3365324639558753,0.5,0.3401031725814946,4.582556865805529e-05,1.0263739856653476e-08,6.2282907894998715e-09,0.0001207521573083,0.6473092849848502,0.9070780186600762,0.0001361428847608,0.9976894627584932,0.448818897637795,0.099110546378653,0.1805915646096051,0.6909722222222221,0.1293759512937594,0.1848435130780894,0.4096385542168673,0.0659340659340659,0.3440377458943577,0.0815514227517139,0.1034264534718071,0.1864657684759849,0.192240519596412,0.0756200364892614,0.0777590549746777,0.1562982877902519,0.184998085553646,0.2851733590465147,0.3357745617628693,0.3554031657868486,0.3635362780910248,0.2962448652633505,0.3347843859696718,0.3321991922829059,0.3739510796011057,0.60573483687747,0.0712468193384224,1.4070950100029565e-07,0.0660660660660659,0.3299298021697512,0.7994757604131539,0.7329607645939875,0.7867209304453855,0.2741417089729958,0.713425775112023,0.2868434083559184,0.2993309089727198,0.3646726619501277,0.1104830395373766,0.5597709640901072,0.0915405798994445,0.5652696787903708,0.9280662435885674,0.1394718232827012,0.1582134280433091,3.407718743884569e-08,0.3278554365743357,2.3461329177903776e-08,0.3878508928874256,3.72960015831496e-08,0.4202531800622872
14,9,1,0.5,0.5233467152808229,0.1818403091065538,0.75,0.4681630298504814,4.581911332318816e-05,5.769498821962658e-09,6.8229946474837365e-09,0.000263886820456,0.7310141616886568,0.7689424859704618,0.0346633568612163,0.9977727453665434,0.52755905511811,0.0457433290978399,0.3631309674794802,0.6979166666666667,0.1171993911719938,0.2025823007486732,0.2065404475043028,0.1886446886446885,0.0571702357020625,0.0486503429784549,0.1767451119197883,0.2386939275727468,0.2524654129287152,0.0464702040067931,0.1514226530358615,0.2186167664831854,0.2434134276686488,0.309427420361264,0.4632081689358402,0.4521964764086228,0.4709846614431074,0.3288676679921006,0.474738141313882,0.4427156577228946,0.4865820731457693,0.6727056106927134,0.0687022900763358,9.521277771317773e-08,0.075075075075075,0.4371410338225909,0.7864489832437749,0.753084875748443,0.8453135833957046,0.2482320981843707,0.7063580250708243,0.3365258673490304,0.3039965712915242,0.3966506229644819,0.424417144772096,0.559610525942194,0.4022338032865832,0.5840949756332596,0.920434212636706,0.1361319492605924,0.16114232598931,1.8104889787032392e-08,0.3712608486560853,5.5576793930671156e-08,0.4584200271696766,3.010517515151979e-08,0.4108253745903082
14,9,2,0.5,0.4366596550351775,0.0978901125460127,0.25,0.5560683173915106,4.582573089038636e-05,3.510122076120654e-09,7.745546615489021e-09,0.0005161785434779,0.7771010612119296,0.8087805582610675,0.000154355582137,0.9933510431537038,0.9055118110236222,0.0597204574332909,0.4447379826163716,0.822916666666667,0.1445966514459664,0.1931979719484458,0.3373493975903612,0.1758241758241757,0.1146378446320454,0.1438300514719731,0.1994095466783072,0.2667493136197068,0.2969334626934848,0.1358047293593721,0.1456586379341465,0.2177101218881038,0.2734571112491691,0.3141093393133385,0.3972991314071927,0.3964730932497302,0.4223092125694008,0.3327447870809158,0.3899048051373248,0.3702551568708274,0.4329585077547158,0.4760531556128917,0.099236641221374,3.063995374237675e-07,0.087087087087087,0.463943841735801,0.7102962390263197,0.6496952148670809,0.5673604616209347,0.2761994350552912,0.6820381760354165,0.4809871833652314,0.3974073807526641,0.5039938026082025,0.1961299962394161,0.4561185900069349,0.1460620669536828,0.4865868255216183,0.8968474536220132,0.1531195211653352,0.1888654401893394,1.4395888376190346e-07,0.5749500716828483,7.055295680491072e-08,0.5748959123589553,7.012998973844988e-08,0.620594114685065
14,9,3,0.5,0.4735968175222135,0.1519957382689668,0.25,0.4515340139061352,4.582288922333558e-05,1.5269680378337646e-08,7.485958711243477e-09,9.017567888964162e-05,0.814084611241293,0.8877934059471568,4.626598652148467e-05,0.998768123808494,0.448818897637795,0.0864040660736975,0.2026482064749848,0.7395833333333335,0.0593607305936072,0.3569469589030352,0.4905335628227193,0.1520146520146519,0.2025002840826659,0.0544082232055346,0.0954545717472829,0.1362669727522424,0.1415813000244053,0.0552505426193776,0.0817065550346529,0.1256795282438608,0.1548358585399152,0.300627817285132,0.3788265754924542,0.3600715335427203,0.3728951990049189,0.3403249314000323,0.4143563460541858,0.3747952151442313,0.4256799418376399,0.4884517086700231,0.0788804071246819,3.888055846595811e-08,0.087087087087087,0.2495213784301213,0.6875240676901724,0.8402988016989719,0.9181301334523412,0.1036215363037991,0.5949547858256037,0.2225749182166465,0.1943609395192675,0.2421126913205833,0.3354622132352826,0.5173027104255356,0.2744022433328465,0.5380678556127096,0.9442552845298136,0.1392079770864619,0.1672565447894901,3.0577042253952736e-08,0.2188265775317635,1.1828033819657816e-08,0.2268356691672,2.64478812925424e-08,0.294761352554692
14,9,4,0.5,0.9093256043931336,0.8415156242967428,0.25,0.3958853357594196,4.584158776991943e-05,2.166553384342504e-08,2.7440784600304268e-08,0.0002714733857007,0.8297936691742782,0.901217247726902,0.0013766186341037,0.9999050345250003,0.448818897637795,0.0482846251588309,0.3152531675771863,0.7395833333333335,0.0563165905631658,0.3700166014567313,0.4595524956970739,0.086080586080586,0.314019548453642,0.04922495321151,0.0884230106043571,0.1274653194331097,0.1453272362067216,0.0495229387131048,0.0595092756881961,0.1216885559106467,0.1551921351687761,0.34113862804251,0.4312578072711453,0.4091375630223191,0.4349644204652632,0.3729358871438502,0.4398976832232547,0.4137637712674928,0.4718790687160383,0.6649574190865426,0.1221374045801527,3.671843348936404e-08,0.0360360360360359,0.463943841735801,0.8504771016577957,0.8661059828928162,0.91488644613173,0.1880569874482809,0.8999938705341466,0.1850545147818902,0.1306950218890705,0.1787542496918355,0.1821864469489643,0.4414155993556349,0.1419368676931094,0.481905346220302,0.9592427192713622,0.1066695375456632,0.1261800532351363,1.016733895182974e-08,0.1882625552491086,5.006808392709149e-09,0.175154056935484,7.759024426443207e-09,0.2627748657462106
14,9,5,0.5,0.6004500818233997,0.276340610256357,0.75,0.3782930335708661,4.581812509080757e-05,2.589949941849354e-09,1.24198481525053e-08,0.0011365437907116,0.6964365824479358,0.8702868458092481,0.0011209313386844,0.9987144936594476,0.52755905511811,0.0838627700127064,0.2309784308564172,0.5486111111111109,0.0730593607305935,0.2453393570434409,0.4509466437177279,0.2087912087912087,0.1326161300293162,0.0991142953387297,0.1507544560230226,0.1925742199470119,0.225558846777549,0.0971078709120349,0.1232612222361461,0.1695047914143098,0.220780290499606,0.3410889954302318,0.4350827628680252,0.4117079122439875,0.4448990122094686,0.368435526156071,0.4497661979516783,0.4055921332190871,0.4712686271482646,0.6271683325056845,0.083969465648855,1.504428689602016e-07,0.075075075075075,0.3299298021697512,0.871541755630862,0.8209137265398869,0.8751748667458834,0.2265029127861692,0.8195879751386266,0.289379918075778,0.3131599867057348,0.3586314000565092,0.3564673635879929,0.4530467343888207,0.3141445031331262,0.4870638188230395,0.9341209756078112,0.114093197881459,0.1445527086680477,1.7440025257501428e-08,0.2913774841686977,1.4098309446645884e-08,0.326705063870643,3.1845356808760835e-08,0.392073446958469
14,9,6,0.5,0.856169487578724,0.7455467820757571,0.5,0.5050629506924064,4.58213926240958e-05,3.18559596151995e-08,1.1931087139771663e-08,5.9592728635086086e-05,0.8996276499410824,0.9010708325323014,0.0005082488188213,0.9998127528007832,0.448818897637795,0.062261753494282,0.2624281931777712,0.75,0.0882800608828005,0.2696115957582978,0.3528399311531841,0.172161172161172,0.1235817547766007,0.0765212863707298,0.1007263820698323,0.1298070394187228,0.1269234917827502,0.0802662241084726,0.0827046792471782,0.1173968265799284,0.1494608702000699,0.3790945619468085,0.4680954735715788,0.4377423560492367,0.4528013725161286,0.41826785697732,0.4915595116391452,0.4432220344977978,0.5035704708321639,0.457862892841173,0.0712468193384224,6.349508470400266e-08,0.0330330330330329,0.410338225909381,0.8275405659097443,0.9209577413611968,0.9712248494133268,0.1312839916667688,0.8104542807790126,0.1374908113594183,0.1326649974683822,0.1811689779529492,0.25780618833521,0.5126304587082351,0.2258444661391312,0.538596178486941,0.9631481742145244,0.1416066540545119,0.1681753894621186,4.9037831079756465e-09,0.1299586783709163,5.8749544376344316e-09,0.1549126135562183,2.1592219249658007e-09,0.181827689723882
14,9,7,0.5,0.4305537741613147,0.096300298777796,0.5,0.6009117047739165,4.580747533421718e-05,1.3037807125423377e-08,6.1633809801480485e-09,8.712132236329972e-05,0.7191375558055974,0.8738401724182913,5.9379393280652e-05,0.9976883164295482,0.5196850393700786,0.0127064803049555,0.692000617222318,0.7430555555555556,0.0715372907153728,0.3137420451673673,0.3545611015490533,0.0714285714285713,0.2804581814233681,0.0821189748508766,0.1275718759181761,0.162816980380191,0.1867431959915327,0.0803950393309639,0.0955761901943087,0.1451243345874409,0.1925357403829957,0.3664119086983041,0.4653205657399015,0.4374623687644832,0.4670015809569454,0.3901833151062128,0.4659310555263805,0.426601752015986,0.4927997902117002,0.586379572780205,0.0381679389312978,1.977844716965033e-08,0.048048048048048,0.410338225909381,0.6684106080856669,0.8290253747522067,0.8868230651343021,0.1443510817230346,0.5863545215122454,0.221998368149404,0.2538208393801682,0.3236956735331451,0.3435474817042406,0.5716105269320972,0.3244573420345172,0.5937012217870039,0.9434945826779142,0.1265003640078587,0.1505706798372432,1.7280369202414995e-08,0.2812595562102307,1.3185491415938812e-08,0.2538331396388931,6.227413167732835e-09,0.2888379877276931
14,9,8,0.5,0.6614216733324483,0.4010224128643285,0.5,0.5862236790985839,4.5826560134184415e-05,6.152049989719651e-09,8.913254114175806e-09,0.0003256587967342,0.8435453108940105,0.906534666337338,1.628015393890127e-05,0.998899922185708,0.448818897637795,0.0609911054637864,0.2665137068016066,0.6111111111111112,0.1324200913242008,0.1646790557454904,0.542168674698795,0.2271062271062269,0.1495458778967621,0.0920256228742802,0.1103733944731045,0.1705845929886343,0.2095162030422255,0.0941743424626463,0.0970808656275358,0.1486207222817799,0.2273882114693816,0.3308139263762273,0.3939609488606769,0.3886626124094675,0.4264480559819094,0.3722842348683436,0.4328037407881258,0.3964989939484462,0.4834560321608627,0.5797337658539865,0.0916030534351145,8.479762393461373e-08,0.075075075075075,0.3835354179961712,0.8018447227913996,0.773694516683122,0.8682997708984654,0.2576185544861714,0.8266513216090555,0.3207963866298871,0.1653280662462364,0.208882163859787,0.3666783732566899,0.3536460027499483,0.418457818616511,0.3650621235213395,0.9282857443707356,0.1348005265673678,0.157073218188321,2.068991464854501e-08,0.3432228967739948,4.286497719184338e-08,0.3713370056993055,3.3326418278145626e-08,0.3751426190079852
14,9,9,0.5,0.5730541926313057,0.236081813126802,0.75,0.5849357337629596,4.581431197628595e-05,6.367292933182096e-09,8.605630735825097e-09,0.0003021784763179,0.8546922743217359,0.785826978943613,2.3389212783902087e-05,0.9986639631009636,0.448818897637795,0.0381194409148665,0.3685681695684328,0.5277777777777779,0.1324200913242008,0.1474543858268842,0.3425129087779689,0.1245421245421244,0.1669031757194362,0.0770328130337645,0.1296283299638835,0.1898707712120946,0.2186383092118252,0.0778871274287127,0.0981557907946459,0.1690543276686394,0.2313167924176614,0.3507475692897332,0.4508276453501432,0.4404507202831499,0.4720229576071392,0.3847148203921829,0.4633549695096972,0.4386653937792795,0.5136945137466453,0.5325476197190429,0.0610687022900763,1.3145738392354694e-07,0.072072072072072,0.3299298021697512,0.792726481121278,0.8186029659743808,0.9391097099143368,0.1332753443632972,0.6642284619025552,0.2658072992295745,0.22934496971946,0.307691218062518,0.2823658995169184,0.5081517440705045,0.2488136551306639,0.5208443210979611,0.941671337828281,0.0911079938103443,0.1108715258351333,3.059044970620882e-08,0.3455038057457312,1.4160444378148688e-08,0.3176016145077355,2.29852188672068e-08,0.3405605078615374
14,9,10,0.5,0.4620163056600419,0.1455063134328151,0.25,0.5128226863418834,4.58107863315811e-05,4.011940708223927e-09,3.745616731987486e-09,0.0002124490601555,0.6307515334208369,0.876269819335502,0.0005511389914003,0.9974581325559309,0.448818897637795,0.0114358322744599,0.6534702114591558,0.6770833333333333,0.0776255707762556,0.27465037095202,0.4027538726333906,0.1227106227106226,0.2012098121718931,0.0726316454997421,0.1011750884608005,0.1277654659337885,0.1251330078978056,0.0720965230143621,0.0794981116504371,0.1084100333656586,0.1355453408500131,0.3830855225437752,0.4769856500490618,0.4449191163642911,0.460995016310875,0.4082526314926019,0.4824342240682496,0.4310970714934782,0.4881836062962575,0.6289000508259601,0.0559796437659032,7.830998060710358e-08,0.0360360360360359,0.463943841735801,0.7077561075105763,0.9038256461861272,0.954594610913218,0.0123318272850788,0.7031768823914294,0.1481798243723529,0.1679254926782252,0.2274986112465871,0.1827753622537647,0.5359005918787657,0.1694313173863147,0.5434787281324537,0.9633880832166992,0.1166895572424583,0.1382110255505351,6.024063751535996e-09,0.1536131395214046,7.530126024194158e-09,0.1645603249026788,2.122007523044765e-09,0.1843456233571481
14,9,11,0.5,0.7261137877372967,0.4994359237522711,0.75,0.5607074624293197,4.582347489373716e-05,2.611703470392615e-09,1.4965509874767726e-08,0.0013567356898448,0.8495821831677947,0.9629024284706152,0.0002117041410993,0.9996475474019282,0.448818897637795,0.0609911054637864,0.2665137068016065,0.5798611111111112,0.1324200913242008,0.1582198045260131,0.4543889845094664,0.1923076923076922,0.1463300161579359,0.0927835023225984,0.113366175698036,0.1623536324154502,0.191919883341361,0.0928814981400827,0.0919479362372795,0.1508786045466114,0.1937614691943279,0.3693485008500173,0.449516513889,0.4320519632275751,0.4649877336369264,0.3994580125940237,0.4645337165560386,0.431957920672443,0.4951564298165683,0.6373737354003679,0.0788804071246819,1.3145738392354694e-07,0.063063063063063,0.3031269942565411,0.8124967924543882,0.8520329115320315,0.922955137330658,0.1668714548341577,0.7959755210213904,0.1753683523445808,0.188912047563899,0.239902065047872,0.2574256021983995,0.4282781564220788,0.2759020776242744,0.4412328039434414,0.9443005473036672,0.1803949620906273,0.2153844233387986,4.235617982070446e-08,0.197224255712121,2.2824085431442343e-08,0.2282578235510314,1.4653430595018496e-08,0.261387567576165
14,9,12,0.5,0.7196914850494274,0.499909701381253,0.5,0.571828596550729,4.58210552452038e-05,2.0113851016891406e-09,1.935040909476869e-08,0.0022852408707368,0.9191148857002328,0.9215869213756396,2.071754596348384e-05,0.9994066186203387,0.448818897637795,0.0355781448538754,0.3847328244274809,0.7916666666666665,0.1035007610350075,0.2480801155525345,0.4354561101549054,0.1575091575091574,0.1717366034152491,0.0738480173951595,0.0893486193024235,0.1467152914640424,0.1792298282278666,0.0735825420988857,0.0712637618617883,0.1212291679532397,0.1925228314702186,0.3422695327280264,0.4111042533737603,0.4027182698855561,0.4371444589638398,0.3729027954612214,0.4293574083032052,0.3946166035745907,0.4770180477140404,0.4198044340847886,0.1094147582697201,6.070902188922923e-08,0.0510510510510509,0.5443522654754309,0.7074227764602647,0.8528581642440844,0.93109322567759,0.1476490529754288,0.8407531646625812,0.2207618169277192,0.1932288780207498,0.2433477229016551,0.2004734813475158,0.559977161219174,0.1947751091833428,0.5807686880526671,0.9410902732096904,0.1547790933400367,0.1794688586945168,4.5897122386325126e-08,0.2265214483942494,1.8196968188659897e-08,0.2739231540052187,1.8774851227289532e-08,0.2847526147280347
14,9,13,0.5,0.6402149916720548,0.3776593144804611,0.5,0.4112396277802537,4.581450489887199e-05,1.1476017878004851e-08,6.918067184732993e-09,0.0001188191145408,0.7630736195605275,0.7598343851047847,4.046091724191082e-05,0.9980550407974476,0.448818897637795,0.0864040660736975,0.2026482064749847,0.6597222222222225,0.1293759512937594,0.1782600454890068,0.3769363166953526,0.2930402930402929,0.0699146123338884,0.1190334342219407,0.2083019229946479,0.2318116347990645,0.3037535882529142,0.1155861440574495,0.1658716400221659,0.2066775559256235,0.3014643485988486,0.3835261934356544,0.5164377424314746,0.4745965615010382,0.5342813502616981,0.405361651355887,0.5150723911675826,0.4601387883232904,0.5558440725220071,0.7451705299567375,0.0712468193384224,1.360834424619213e-07,0.078078078078078,0.4907466496490109,0.8726586327823735,0.8745372175808157,0.9178169239687168,0.134689376160269,0.7669780969661228,0.323654176264478,0.3409994623437531,0.4405459938571869,0.3326454918151113,0.446465863266612,0.3551391988791822,0.4669499097124998,0.9193564217782187,0.1418509892330032,0.1695192201342718,7.76730064506815e-08,0.4083035827794034,3.0963678393296246e-08,0.3957462070399089,1.582132549616745e-08,0.3850818570597393
14,9,14,0.5,0.4778895071616079,0.1397586991482619,0.5,0.3742651897917637,4.582083461383299e-05,5.995808678325768e-09,9.215158411839257e-09,0.0003468515491874,0.7992164232069427,0.8487220470134054,0.0003570992670826,0.9969155321527848,0.52755905511811,0.036848792884371,0.4177356614313708,0.8506944444444444,0.1293759512937594,0.2184923474222896,0.3356282271944922,0.1043956043956043,0.1927636885563504,0.0591381512325289,0.1054027027766216,0.1758132749382256,0.2091866212779469,0.0569659672027033,0.0912256907416461,0.1509084443598496,0.1996273520399,0.3271674610475968,0.4172710744815478,0.4173884691412015,0.4517778031927983,0.348437754557595,0.4312457805555208,0.4017878663069366,0.4668494683813483,0.6109376878437889,0.089058524173028,4.559186019808207e-08,0.057057057057057,0.3031269942565411,0.5035061286537847,0.6124993252264677,0.7051801192371987,0.27872720637777,0.7402508928094442,0.2886672592090052,0.2979732118820377,0.3850826284646267,0.3384511728820842,0.485142508833624,0.3155907145591296,0.5207611789529605,0.9318741271989912,0.1146483341352038,0.1329945391886792,2.6774884579429037e-08,0.3969208287735173,2.0972047613858828e-08,0.3339293352296082,2.1813561447445454e-08,0.3472623153776691
14,9,15,0.5,0.6756886161649992,0.4413195087162405,0.25,0.4483312081332069,4.581380295370425e-05,1.954292501564226e-09,9.567254066422758e-09,0.0011721593806569,0.7420992343084082,0.8746094995767557,2.816830646427668e-05,0.9993982107585132,0.448818897637795,0.0597204574332909,0.2707230238685885,0.8229166666666667,0.1491628614916285,0.1880133308061663,0.4664371772805506,0.1245421245421244,0.2317646570567968,0.0696842175633517,0.1452959313183608,0.1618400747216673,0.2180005268923164,0.0700928343683109,0.1369605317517218,0.1497481240189231,0.222955358359523,0.3481293095294829,0.4656781348603578,0.424110218319828,0.4744310065420757,0.3804540106249917,0.496474724197366,0.4262893061868224,0.5091324789724483,0.7196385240835421,0.0916030534351145,7.830998060710358e-08,0.045045045045045,0.3835354179961712,0.8558595902300961,0.9129512200902354,0.9578552023311642,0.1513961386191358,0.69419395173055,0.2186549821720897,0.1550532320211095,0.2001892565004264,0.1998131561513126,0.4263374237972906,0.1507843544741421,0.4729017946024718,0.9289549718260008,0.1976102580362327,0.2322292336802751,1.1638620349531404e-08,0.2060554057288666,1.2042313850418004e-08,0.3302543096231298,1.0618286979782558e-08,0.2869365778759426
14,9,16,0.5,0.5954290026468267,0.2722220596779441,0.5,0.3576527807873049,4.5814900742188965e-05,9.248464571288937e-09,5.731891353725111e-09,0.0001248344878904,0.8081069343529718,0.9048290888550976,0.0002763526232085,0.9979945122049152,0.448818897637795,0.036848792884371,0.3764821151765083,0.7152777777777779,0.0608828006088279,0.3417184950077742,0.3459552495697073,0.1391941391941391,0.1511478158910347,0.0480436181355362,0.0967580392693288,0.1479146043710388,0.1543116956642477,0.0465002895321339,0.0745761951854796,0.1284113310641319,0.1599663490804883,0.347252153920875,0.4463088516338665,0.4309690636749947,0.4497909002804223,0.3680000474156595,0.4484641433280955,0.4149342574813316,0.4712724952436803,0.6659992409535738,0.0814249363867683,6.070902188922923e-08,0.0180180180180179,0.3567326100829611,0.8535178673598534,0.9498834392862197,0.9765569574821882,0.0899892792156778,0.779440385476609,0.190933682478175,0.1939584146167576,0.2650251730851249,0.2945998519984058,0.3651675243039547,0.2851098099937888,0.3858432647253078,0.948253868390366,0.1373676941610947,0.1641488419518449,6.779529530174085e-09,0.1867281649109636,4.168250241815692e-09,0.1909291473860485,2.3416687861799643e-08,0.2411115893382606
14,9,17,0.5,0.621167214676486,0.3005829026513388,0.5,0.5101870776838803,4.582575370694129e-05,2.087196524444641e-08,1.0927922363821082e-08,9.634537715177864e-05,0.8769885119895555,0.8677642263926508,3.11022346866664e-05,0.9996974503571252,0.448818897637795,0.1080050825921219,0.1676757041326664,0.6180555555555556,0.0593607305936072,0.3110392538757157,0.2564543889845093,0.1172161172161171,0.1296385848155866,0.0492369746522715,0.1159717080236096,0.1404321578298986,0.1298187211890955,0.0478154764843476,0.0990322103912497,0.1306133987208584,0.1367069812537517,0.3119543229351998,0.4154829458313924,0.3819795541293272,0.3848934486357792,0.3363950359290042,0.4322570235265806,0.3803640352631022,0.4142175158092265,0.5030176242547912,0.0763358778625955,5.289503225654022e-08,0.0540540540540539,0.2763241863433314,0.8221431096285907,0.7723758162837688,0.9200570285259606,0.2615587950482554,0.7868809503099896,0.2192430930904924,0.2771922669903146,0.3590819977536879,0.287095190461779,0.4456117994944282,0.3050388500227622,0.4674149807616899,0.9447981658131032,0.1170958071825266,0.1483133956152986,3.5843197763345634e-08,0.2758866372983641,2.0280326863282846e-08,0.2770544841752345,9.471663702245689e-09,0.2793392386613499
14,9,18,0.5,0.6686181547529655,0.3991475372667066,0.5,0.3698292002784679,4.582152824155524e-05,2.012690086084261e-08,1.0801449714703888e-08,9.960625671080923e-05,0.8500239804922239,0.870177549956102,4.465931911886555e-05,0.9995901174611208,0.448818897637795,0.050825921219822,0.3041835273332411,0.7430555555555556,0.1004566210045661,0.2415990277839718,0.3012048192771083,0.1208791208791208,0.149636809159722,0.0701046079276837,0.1080198371249415,0.1469705423488933,0.1419093116088982,0.0719550734086531,0.0832574164546653,0.1263336753408095,0.1554804496418741,0.3423417237209443,0.429295516536681,0.4062795266674624,0.4152291871345145,0.3809989487472985,0.4512179688060629,0.4093510186239246,0.4637476786162101,0.4610487232750109,0.0916030534351145,8.479762393461373e-08,0.042042042042042,0.3299298021697512,0.8467634940529081,0.8386179582605715,0.9366178793573988,0.2440250463770617,0.8017994769255656,0.1839662105578827,0.2147702035022818,0.2811074710479162,0.1556880110110629,0.4603078174515496,0.1381498113441544,0.4809997457132547,0.9501277537858668,0.1361368368766498,0.1593198234962735,1.1797805717869187e-08,0.2115896302309095,1.7957339638427773e-08,0.2049292213562444,1.2246841214751788e-08,0.2508986965906586
14,9,19,0.5,0.5030076159868749,0.1712633386124265,0.75,0.6113938987063154,4.581965722251173e-05,1.5436482074735012e-08,1.0206042610455857e-08,0.0001304313540602,0.8446267880756738,0.879784491627731,8.717643527423653e-05,0.9975303859075512,1.0,0.0470139771283354,0.5686057734491531,0.357638888888889,0.1156773211567731,0.1263315011372252,0.2409638554216865,0.1739926739926739,0.0775910843449952,0.1211952428621313,0.1305186522609511,0.2244681069605024,0.2994835458038802,0.1173514882960364,0.1159699378761839,0.2103777083898351,0.2818485724057621,0.3532757191015342,0.4118885346243218,0.4306181887674381,0.4946917921488084,0.377067776104908,0.4344292989795533,0.4306356352573193,0.5100368621538658,0.669304790697757,0.0814249363867683,1.2266272304619444e-07,0.063063063063063,0.3567326100829611,0.5472441119489719,0.7914880414555086,0.7209785829308522,0.1721286392353193,0.7448205922746871,0.482233866666204,0.3633888487822725,0.453011948058418,0.451857415723675,0.417311012257692,0.3995455933958006,0.4462544085377786,0.910490795743677,0.0899455405795907,0.106033857364154,1.9898830933256561e-07,0.6691211242194673,7.670070731196058e-08,0.5312674276048619,5.188154904869544e-08,0.4975539956756607
15,8,0,0.75,0.5381277697510092,0.2519830787722877,0.5,0.5630285701523845,4.587060245470358e-05,1.6546185272301345e-07,3.373974380608375e-08,1.6897325651649734e-05,0.7648447347699316,0.9087086178110532,0.0003389550338478,0.9598907049814716,0.5196850393700786,0.193138500635324,0.1079721913071409,0.6145833333333335,0.5418569254185693,0.0402939727065959,0.4819277108433734,0.2802197802197802,0.1019521358064797,0.3019371295545046,0.3843971606639956,0.3393199909005698,0.3507711473106389,0.3072451299186408,0.3044621552146744,0.3215907367024741,0.3498018410613803,0.5211242903703465,0.6704291815785769,0.5789826986140969,0.6018569734580133,0.5490763914490809,0.6533595160957172,0.5698275880090219,0.6242653527400144,0.7628359280966683,0.1552162849872773,2.996878273430096e-06,0.2252252252252253,0.6247606892150608,0.8665696954803837,0.6951170155724897,0.8838345129391048,0.3825139581582277,0.5893820156711694,0.0652108142894912,0.1423830653307802,0.1709061818655317,0.0211589165596519,0.5163504557563131,0.0134668402704796,0.532656381312399,0.8870129574025272,0.3801701883563139,0.4216742654281727,7.036482785754184e-07,0.0732309441349617,4.725028223272975e-07,0.0943652965482166,2.389153935670799e-07,0.1159775650227761
15,8,1,0.75,0.5795656750915736,0.2650774487951478,0.5,0.7209336373381013,4.591371826570813e-05,2.766447330355376e-07,6.903300725653538e-08,2.7427996933826392e-05,0.9237474282569434,0.9291016060979126,3.644929398569256e-05,0.9841699966554944,0.448818897637795,0.2350698856416773,0.0799419179797917,0.6458333333333335,0.430745814307458,0.0544772906426201,0.3907056798623063,0.2985347985347985,0.0715569972372524,0.0829183897369408,0.1300887013193989,0.2503678647883468,0.2889398926690449,0.0838070576568024,0.0966915923181012,0.2091711078902185,0.2745660708123648,0.4063797748769551,0.5187715344959407,0.5354688805161986,0.5745292456858015,0.4335917050157652,0.5180777660202325,0.5106691573852598,0.5880054503549823,0.6768142077349277,0.1628498727735368,3.496901038962091e-06,0.2522522522522521,0.5979578813018509,0.6601348710758947,0.5921892384805378,0.8248106040227574,0.3431463703917209,0.7586589003043128,0.0920798264070335,0.137739935846318,0.1617480632012078,0.0939767274731863,0.5199446983775939,0.0766451325288049,0.5396709036733233,0.9544126649554652,0.2271317684361217,0.2840545828551248,8.743220825094205e-07,0.0934977344025958,4.516944549974198e-07,0.145192177047525,2.594202625040188e-07,0.1385964401083194
15,8,2,0.75,0.8728876698088588,0.7809858216397826,0.25,0.3891359886610885,4.5910926300840366e-05,1.781106719526872e-07,6.046852760049215e-08,4.884626061813261e-05,0.8402696440409178,0.7387792100551418,0.0005538925265438,0.994415074137198,0.448818897637795,0.2325285895806861,0.0808453153817619,0.75,0.3378995433789954,0.0800149191988146,0.4853700516351117,0.3333333333333333,0.0824931645901209,0.1440326289719018,0.1983814255446826,0.249107272691252,0.2931061628532594,0.1465152009437208,0.1629291650222208,0.2302392865275914,0.2767552272047761,0.4014692743817589,0.5108696048816286,0.4880011710580768,0.5290882842458715,0.4356230904604732,0.5241975873357803,0.4874991920976411,0.5509476926047847,0.6500837718387764,0.1399491094147583,2.5027988822849317e-06,0.2282282282282282,0.7855775366943203,0.8839709982106183,0.7334666661478364,0.9236113032547052,0.2751377046400073,0.837922488000912,0.2016640249695681,0.2246413745466073,0.2843435519820123,0.2089303720083049,0.50990142611019,0.1916449139976065,0.5176929730640583,0.9412180154776628,0.158453758560627,0.1894795308270807,4.365623223546325e-07,0.2209089789785587,2.898021605534916e-07,0.2234781989827003,2.1560494171074013e-07,0.2513089962132344
15,8,3,0.75,0.566319114927613,0.2499544679990132,0.25,0.4109487818883812,4.587954491527301e-05,1.56526698516316e-07,5.990116424581464e-08,5.9110964634060274e-05,0.801343774351073,0.7898750938894492,1.1790117593691038e-05,0.9870472516770546,0.5196850393700786,0.2109275730622616,0.0989460953451477,0.7395833333333335,0.2770167427701673,0.0965944773856268,0.5077452667814114,0.1886446886446885,0.1692185936138254,0.0516484183302022,0.1688947335646574,0.2514346443699884,0.267342144882455,0.0511564571974521,0.1252105673704787,0.2239728148438635,0.248707438555641,0.3434952591566317,0.4917418750507352,0.4920490219392146,0.5149718655547382,0.3709879727940411,0.4897986218645441,0.4799234836189784,0.5290391656902537,0.653072391961095,0.178117048346056,2.996878273430096e-06,0.2222222222222221,0.7855775366943203,0.9614706082848764,0.7531311605687945,0.8946622174847185,0.2899892295125023,0.6966232523570453,0.2210325969519396,0.1931370695048364,0.2381473876026434,0.4287141875160889,0.4751415211791907,0.3721302041344639,0.5032875204183307,0.9362052636130372,0.1685783593808432,0.2005150028947065,8.60724788582883e-07,0.2163136962335431,3.868521309763281e-07,0.2143118529868546,3.794294097828965e-07,0.2659069059821416
15,8,4,0.75,0.4232056664103294,0.1306655896578267,0.25,0.451236693096795,4.587410204363307e-05,3.9631568092646493e-08,2.595998945011705e-08,0.0001251801464761,0.6428373549064523,0.8306016270294785,5.007072285684901e-05,0.960320396151026,0.448818897637795,0.1753494282083862,0.1072567426113364,0.8159722222222221,0.3242009132420091,0.0896985332082821,0.4216867469879516,0.2783882783882784,0.0868225624865771,0.2444533773727903,0.1829850501792747,0.1949070201651646,0.2299697539130487,0.2299448244080773,0.1390601275616957,0.1529396711847868,0.2066380867908259,0.4411245572473781,0.4465362927286315,0.3971748050209963,0.4313117217862607,0.4546093238774013,0.4394531020405877,0.3655617280724727,0.4322405958464724,0.5842823542271933,0.1628498727735368,2.7033763943546937e-06,0.2312312312312311,0.7319719208679003,0.6899936341649768,0.6248108012530595,0.7464476890208629,0.2906223423553221,0.5931785263949244,0.1946079045164699,0.2960650704089742,0.3375061913578525,0.1386636071201514,0.4785864982880889,0.1726340700752485,0.4922528127874045,0.9423050559278436,0.1524131101900445,0.1842520858607425,8.716571472611459e-07,0.2208574776387043,4.286884413746992e-07,0.2056370603729492,4.586847790748575e-07,0.3806612810308707
15,8,5,0.75,0.4047545341611034,0.0854637371844018,0.25,0.4513824677350578,4.588699549140864e-05,3.25816147462519e-08,3.1575812271575793e-08,0.0001998118196303,0.7929991181307586,0.9308679254629756,2.4858548471126255e-05,0.983899050566226,0.5196850393700786,0.1461245235069886,0.1409058943241151,0.7048611111111109,0.3348554033485539,0.0766218345646664,0.4044750430292598,0.3003663003663003,0.0743627105879271,0.0932202899536896,0.1499618669611189,0.1548903086262218,0.2690405418174161,0.0897218133104816,0.1227898708560218,0.1313925377731669,0.2376046304967057,0.3353803910610473,0.432700684808377,0.3814724377327888,0.4755115860429332,0.3572638281336005,0.4427341141188657,0.3685724136920987,0.4774451405109132,0.714113748459698,0.1628498727735368,2.5674172925276577e-06,0.2282282282282282,0.6783663050414808,0.5709833419553116,0.500486410302587,0.6105186410020864,0.3782481241817012,0.5700649499961713,0.1798349951634934,0.2623204706170425,0.3287062788964121,0.3269061119529676,0.3791465387972507,0.3785378559650061,0.3759036763359407,0.9392689724070564,0.1780033544804485,0.219951120770842,7.121642080550045e-07,0.1740123080364857,4.089762950578849e-07,0.2010790183412348,3.473911100568867e-07,0.3226718906835667
15,8,6,0.75,0.6362844970760081,0.3731161379989636,0.5,0.419516835465015,4.592434724179225e-05,1.2042661326435257e-07,3.71515276248268e-08,4.179092995547495e-05,0.8076316726245696,0.936791677135638,0.0104012240303548,0.9905922798784172,0.448818897637795,0.2236340533672172,0.0841531397151297,0.7395833333333335,0.3105022831050228,0.0861767858174931,0.4165232358003441,0.3333333333333333,0.0669984773817514,0.0901010576010241,0.2310970805779548,0.2731918571892264,0.2975541926104282,0.0926179559800226,0.1677974812242101,0.2535417929449577,0.3063093367762366,0.3631472598640026,0.5322658253501579,0.5011436003309052,0.528842935024606,0.4009755631719089,0.5277539736264351,0.5027825073937042,0.569541403658567,0.8381098662071258,0.1424936386768447,1.881755945299061e-06,0.2282282282282282,0.6783663050414808,0.8456031616661002,0.7481983774550542,0.9235381483026446,0.2764626469129702,0.7410684714087827,0.2621270539543008,0.276735018980992,0.3494884236206093,0.457559576172645,0.2649216553621499,0.4533118523163123,0.2823825625795618,0.9253250122475872,0.1605592323740446,0.1973374006679543,5.916387234363437e-07,0.2840567856889767,3.481213534694057e-07,0.3089618577930047,2.5084814445901784e-07,0.2952222555365454
15,8,7,0.75,0.5825365745803484,0.2919940238226954,0.75,0.6114529371038918,4.590414572937428e-05,1.2219670938605713e-08,8.01758673483984e-08,0.0015240583619883,0.8618752981645148,0.8319894231112349,0.0009800180490536,0.9909013085125086,0.448818897637795,0.2820838627700127,0.0659336354438472,0.5486111111111109,0.4231354642313545,0.0483738701138246,0.3941480206540448,0.3186813186813186,0.0661107609271053,0.156698661820984,0.1822339246831678,0.3062018840104956,0.3208125814470152,0.1527406203392873,0.1412289170422381,0.2584458907284605,0.2869158589579152,0.4161565345259872,0.5079562852467714,0.5331357568530036,0.5550277010096147,0.4379130218630249,0.504502019198908,0.5046251954437435,0.5553959946978944,0.7862686128727012,0.2111959287531806,4.079079111402739e-06,0.2432432432432432,0.6783663050414808,0.6041036795878694,0.5713035850256478,0.8143237167145871,0.2998832916374894,0.6901375571206887,0.151525936396227,0.2504320405179865,0.307125889000003,0.2318946190948475,0.6432468174033302,0.2502225560487863,0.6789167093801646,0.9302693842448384,0.216214095418898,0.2457282768423899,7.87213635142026e-07,0.1932100154346499,4.028121686700266e-07,0.1819197036585634,2.94891371253011e-07,0.2243815880612161
15,8,8,0.75,0.5219350706408594,0.1890644749605215,0.75,0.5826105520831363,4.592281346622107e-05,1.9905738427990653e-08,6.675885473485448e-08,0.0007643000927762,0.6936646994302912,0.8824924628963678,0.0002474179724545,0.983928054273695,0.590551181102362,0.5057179161372298,0.0418832083582936,0.6423611111111109,0.6697108066971081,0.0325982353601873,0.5370051635111877,0.4926739926739927,0.0541897159176899,0.1393759197072253,0.203890465254443,0.305862663621272,0.4091486820594681,0.1436192738317189,0.1644308127961264,0.2411777933313669,0.3569482806017666,0.4419945011280982,0.5706072128620743,0.5713220452108252,0.6434602677181765,0.47207755814767,0.571474726407474,0.5360139606406298,0.6381149019025756,0.7526355948279733,0.1704834605597965,3.321707374381705e-06,0.2402402402402402,0.6783663050414808,0.743104572508134,0.6258962452812122,0.9138166964121216,0.3768830564186916,0.7665012719241013,0.0417015155567117,-0.0110303561809677,-0.0216304255426096,0.0628706327061756,0.5169219020065527,0.044534918338644,0.5321117009255868,0.9691335449762446,0.2787417044881786,0.3409788070089982,7.805640829214778e-07,0.0445391949402696,4.169249736360946e-07,0.0504682144127729,2.256872007758755e-07,0.0587272309889208
15,8,9,0.75,0.4883064473425483,0.1829457522386431,0.5,0.5442259202742207,4.589398936676626e-05,4.4305860990790117e-08,4.040642889649052e-08,0.0001855490824814,0.6048532981892062,0.8377474988802506,4.937395998756526e-05,0.9715639013073948,0.448818897637795,0.2236340533672172,0.0841531397151297,0.7465277777777781,0.3439878234398781,0.0782510521266884,0.42512908777969,0.3296703296703296,0.0700113332278233,0.406439499460557,0.2851233711945712,0.3180604449200985,0.2693285710665654,0.4052829725630877,0.2273138217076276,0.2566851561661768,0.2533151744587372,0.5732472708352488,0.5736425662889649,0.5320387694340166,0.5109361185831633,0.6000181543070076,0.5711515669128054,0.4998930950099124,0.5290833589164264,0.7880003311929769,0.1832061068702291,2.5027988822849317e-06,0.2252252252252253,0.8123803446075304,0.7411765671863084,0.6087952409063346,0.809966906090485,0.368208144365391,0.6572059120604706,0.1450385587812382,0.2130644553610352,0.2636629495222795,0.1571582186499992,0.4617942722228395,0.1558554923738053,0.4997252951395204,0.9319628243911732,0.2148906656192091,0.2491911625219809,4.822393288743807e-07,0.1945454090451412,3.899687332161438e-07,0.1753700857481898,2.4987866113987534e-07,0.2114898999827689
15,8,10,0.75,0.6505384237863046,0.3833823242790509,0.5,0.6132482684335243,4.587079743032377e-05,2.3487224181968117e-10,1.088949191061719e-07,0.109491880180778,0.9112455078139496,0.926528409875522,3.799502420071617e-05,0.9925223027705768,0.448818897637795,0.2719186785260482,0.0685854759610333,0.6527777777777779,0.2831050228310501,0.0852565228646979,0.3907056798623063,0.2124542124542122,0.1098401311929521,0.2004894677621385,0.1896283894990531,0.2302863771143117,0.2010565426469571,0.2072012028942916,0.1472272582590421,0.2113668867234521,0.2163677658083389,0.4566557234269786,0.5341698347733292,0.5043012280586294,0.503430672212567,0.4906033452353169,0.5388741567326716,0.5001985317413247,0.5431280340555569,0.7578660337884187,0.1730279898218829,2.3767570162207632e-06,0.2192192192192192,0.5979578813018509,0.8054668506053786,0.7128254898474831,0.9003285183515612,0.3077896316125391,0.775306509385703,0.1549791501630896,0.2057930860136629,0.2623521921593834,0.1651998094047074,0.5703449856521176,0.1169338069488023,0.5702745110313602,0.954027708031234,0.1442579471861306,0.1828895107953835,9.230789431453016e-07,0.1665527493244033,3.940442636937569e-07,0.1704761276666915,2.8345331182407815e-07,0.2026659084369062
15,8,11,0.75,0.533056540762366,0.2240085517648514,0.75,0.4543349964845605,4.587596482665654e-05,5.344336821364614e-08,4.1009631185270735e-08,0.0001510518531657,0.7938515982297318,0.8965836621790314,1.775370252361552e-05,0.9797774158540932,0.590551181102362,0.3735705209656925,0.0595547115840416,0.6423611111111112,0.4155251141552511,0.0563907413513766,0.6144578313253011,0.3315018315018314,0.1122951320725502,0.3242069930952492,0.3762187879723735,0.3279572026845515,0.2617804370560163,0.3199331853307972,0.3221042804840314,0.2867304538587474,0.2643167031367314,0.5326101331794945,0.6639967632435776,0.5706935709169082,0.5502236680810675,0.5536205478032343,0.662284923936345,0.5445193239454903,0.5701482363393912,0.6877916020415831,0.1628498727735368,2.3767570162207632e-06,0.2282282282282282,0.517549457562221,0.6855270523591819,0.4775031284924118,0.7304604307387859,0.5333155273427119,0.7011667518484527,0.0493257443044464,0.0675302657271004,0.0777406555144741,0.0257743210913823,0.5039043791767513,0.019823273312903,0.5248136872534795,0.8825282335642037,0.435228034304948,0.4915395043421843,5.182806349326281e-07,0.0558116154926213,3.0154327683333405e-07,0.0770024628275392,1.779424214741933e-07,0.1021799877835876
15,8,12,0.75,0.4527596871216149,0.1234482334354151,0.75,0.5069534992007663,4.589438613536398e-05,1.6765082508896996e-08,4.769192341303776e-08,0.0006451055378735,0.7939473233905728,0.913745802422935,1.793225138164179e-05,0.9776980881378824,0.448818897637795,0.2490470139771282,0.0752736644282155,0.7777777777777779,0.3135464231354642,0.0890499957880549,0.3614457831325301,0.2600732600732599,0.0776510748375055,0.171658468091423,0.2261472001822575,0.250998103369431,0.2910300490629279,0.1642897880122735,0.1692746611378818,0.2090118068720813,0.23849390117737,0.4022255513429481,0.5084611705624444,0.4657292083897557,0.5035075243002043,0.4208419253011941,0.4959849775080889,0.4394815672855549,0.4878372199483107,0.698622477245193,0.1424936386768447,2.5674172925276577e-06,0.2402402402402402,0.6515634971282704,0.8611740312058709,0.6363530830657798,0.8209769904292634,0.357546776177805,0.6546997864528447,0.1988999798283957,0.2543296589557835,0.3326776189464842,0.2469731005465636,0.6221405183634328,0.2061583871599222,0.6158750555949268,0.926308102544396,0.2076020607338742,0.2526578048202961,8.37350572448602e-07,0.2267964269684474,5.380926307123937e-07,0.2526358065662991,2.9497755194096977e-07,0.2617426010144458
15,8,13,0.75,0.857930747259403,0.7584354063170733,0.25,0.327133341950562,4.59243156424686e-05,2.634492079057355e-07,5.6997312476927087e-08,1.961546916122865e-05,0.8650965383261974,0.7902903767453469,0.0004704550660477,0.9905419050157276,0.5196850393700786,0.1613722998729352,0.1283957205753496,0.7430555555555554,0.2648401826484017,0.1013657504704066,0.550774526678141,0.2454212454212454,0.1397827317684344,0.1111948058421306,0.2045534931051092,0.2500149540643083,0.2317427155847029,0.1119524651208996,0.177371633605239,0.2231739486786343,0.2345984686312296,0.4024284689341352,0.5418057031414716,0.5138451214348774,0.5187279280537616,0.4311248123914636,0.5537391203234472,0.5007267957261967,0.5456394213289014,0.7006154293476374,0.1552162849872773,3.875100578863906e-06,0.2402402402402402,0.5979578813018509,0.7668826559966901,0.6571193301589249,0.8784628070123821,0.270524324683472,0.7913821908949856,0.1545654950497643,0.2645078501141469,0.3507282140604553,0.2211828016875794,0.4232511268685072,0.1941221176362371,0.4746992447407563,0.9429746713979924,0.1754469217453893,0.2141239092230432,1.174051264654993e-06,0.1944083827201084,5.023262226348071e-07,0.196758571671441,2.514057192618876e-07,0.1846957947508047
15,8,14,0.75,0.4127389998876549,0.0921333800757684,0.5,0.3505264553678601,4.585674849254783e-05,5.3520834794939865e-08,2.6341268954610043e-08,8.612442750786264e-05,0.7658823223542234,0.8646509611467417,1.869290865795063e-05,0.9526533577759196,0.590551181102362,0.2986022871664548,0.0760133727690461,0.6423611111111109,0.4170471841704717,0.0561675544095615,0.4905335628227193,0.402930402930403,0.0642966726794517,0.2563443865537306,0.291081280841307,0.2778968305506471,0.2672767972061364,0.2459465415614464,0.2141749455524018,0.2429885570825853,0.2459805756511129,0.4790340501305611,0.5859945892833565,0.514206171443782,0.5204071353607469,0.4957139396762133,0.5604356889211959,0.4906245728825659,0.5244567446941105,0.7289605471136205,0.1755725190839694,2.8464074384501494e-06,0.2342342342342342,0.5443522654754309,0.5383939909935886,0.4855826419363689,0.7880518565509234,0.3955043329268538,0.6487705488206781,0.1036995984315714,0.1443602690852341,0.1764768526809828,0.0559039395940808,0.5373785683639755,0.0428787039914559,0.5489809095701683,0.9308879179277392,0.2653320139878731,0.3137738184491749,9.093230973613148e-07,0.1323171015987863,4.521077718813636e-07,0.1148192165546198,2.577933966126435e-07,0.1698923708725947
15,8,15,0.75,0.4374013159140097,0.1035839794901043,0.5,0.6649716817476722,4.588199288108107e-05,2.5362818144656867e-08,7.104358587127966e-08,0.0006328737418749,0.8553803413626491,0.9046985407418264,7.787761429575063e-05,0.9774598579408312,0.448818897637795,0.1486658195679796,0.1255634867792865,0.6840277777777779,0.2815829528158294,0.0890748571035692,0.3889845094664371,0.3113553113553112,0.0670808959307321,0.2929122219595334,0.2902742888923715,0.3280765787648405,0.3457879873411903,0.28756299124637,0.2589337470366804,0.261979946106268,0.3219874083499628,0.4969014230918041,0.5753059576658487,0.5365617590065368,0.5589030725456836,0.5205869221067683,0.5936024750707102,0.4987407551139169,0.5692531326815695,0.7862686128727012,0.178117048346056,2.7033763943546937e-06,0.2312312312312311,0.517549457562221,0.7694480132638519,0.5914802087667379,0.6911035865876354,0.3668489329046312,0.6895272187267176,0.2054606085361704,0.2834098591186429,0.3169711406607955,0.1320113143990018,0.5853340136156178,0.1157277881768714,0.574019101780495,0.9206351703601544,0.2176673747221495,0.2730585678220908,8.513299364055218e-07,0.204639412188909,4.734941424302248e-07,0.3573702309796067,3.240499410234521e-07,0.3413922797689127
15,8,16,0.75,0.5192098320463159,0.1779595324588326,0.75,0.4903754756447677,4.593831426238541e-05,1.427631703069132e-07,4.430166636816416e-08,4.209444946318806e-05,0.8519689405305402,0.9041747285718408,5.6616282383423056e-05,0.9903098543495806,0.5196850393700786,0.1232528589580686,0.1645242395911809,0.6770833333333333,0.2176560121765601,0.1135632528851824,0.3098106712564543,0.2307692307692305,0.0743154130079259,0.027503188472922,0.1821263853454388,0.2083423166362071,0.2273870028846388,0.0269822388516053,0.1429125468592614,0.1776742323229653,0.2299639587392367,0.3029892084520028,0.4766386103268286,0.4386883475214947,0.4624209967946266,0.3301796541202944,0.4812547536089229,0.425123060531319,0.4920958853655421,0.7465705545412122,0.1526717557251909,3.977089845133324e-06,0.2372372372372371,0.5711550733886408,0.6113763980596052,0.6693022211754682,0.8784771946865946,0.2448781672476523,0.6566989885231101,0.2257385776004147,0.2328601717939211,0.2948295096802682,0.2509286942314408,0.4519389551293603,0.2705469797757117,0.456617081720688,0.9371071981038092,0.1479815621273483,0.1727396803660407,8.73601885057486e-07,0.2149503542150244,5.176735630265747e-07,0.2474181858363386,2.638888558078296e-07,0.2956288555631221
15,8,17,0.75,0.516775316227506,0.1945419274855549,0.25,0.4433437985834489,4.592430175643161e-05,1.060798474069244e-08,3.5015358624532256e-08,0.0007560389293546,0.7543627291509932,0.8954458549493525,2.164484259869511e-05,0.9889469736028026,0.448818897637795,0.2744599745870393,0.0679055891901377,0.7152777777777779,0.2831050228310501,0.0919363338819135,0.2633390705679861,0.2069597069597068,0.0694527885235352,0.0513951601834969,0.142822194672588,0.2571488864419203,0.2242936835810648,0.0511000031401881,0.1290036291444662,0.208385710885853,0.2278034171333793,0.317830438498324,0.4426163165494414,0.471881366947617,0.4578888384714262,0.3489626781982515,0.4704275394544536,0.4495560493222328,0.4922636558514759,0.6443932194650301,0.1526717557251909,2.996878273430096e-06,0.201201201201201,0.463943841735801,0.6911185784844736,0.6554763124252156,0.8449518750916898,0.2782022301817178,0.6561030191883392,0.1687758334486183,0.1495734143189351,0.2012679182135954,0.1349824435293526,0.4179102050524367,0.1286319622736715,0.4466354014979506,0.9523899914410257,0.1515000687750281,0.1920677921936668,6.96199261037943e-07,0.2029346392499077,3.79456252223182e-07,0.2124135941954542,2.760689529483488e-07,0.2329836958456781
15,8,18,0.75,0.394579260944746,0.0789051471862363,0.5,0.4889506231860027,4.587733855062546e-05,2.243479144310856e-08,3.4318461598227774e-08,0.0003334033622655,0.7774022102947497,0.8903767177593616,5.902682660075593e-05,0.9577476684168932,0.6062992125984249,0.0978398983481575,0.2238439940335175,0.7256944444444444,0.2054794520547945,0.1268462986028376,0.2908777969018933,0.2106227106227104,0.077163225193257,0.0490222085360899,0.1407619255381246,0.227269489294324,0.2729049359693395,0.0479125976069641,0.1092970766381407,0.1906380372753828,0.2627455639460301,0.3220471202550819,0.4478578372798608,0.4561802967272865,0.498417944191356,0.3475895935884895,0.4537911165918575,0.4371931684362626,0.5179609839792496,0.7753950218168519,0.1526717557251909,1.881755945299061e-06,0.2192192192192192,0.6515634971282704,0.7650916575821629,0.5348054047198261,0.7885802124881254,0.3697665926488975,0.6182022469939101,0.2521337372186604,0.2815409230169994,0.3550920239056334,0.2408106934895408,0.4951345144702124,0.2540892539134832,0.5087571198613038,0.9269786698713328,0.168206869442107,0.1928515844316696,1.07538565560226e-06,0.3102538910265022,6.112436209127977e-07,0.2880259835503617,3.640135851599246e-07,0.3351125544344431
15,8,19,0.75,0.4221484717179278,0.1026807497501973,0.25,0.3357802542357053,4.5854305091095005e-05,9.729512051103485e-09,2.5986511433892008e-08,0.0006082327660797,0.7137020927185818,0.8350573111549449,9.780741103446788e-05,0.9428203638339908,0.448818897637795,0.1766200762388817,0.106506375761776,0.7430555555555556,0.3272450532724505,0.0820276303597001,0.4354561101549054,0.3626373626373626,0.0631965402426608,0.1003160257223519,0.1858930838665966,0.2470443704136285,0.2370204184535458,0.0995256728526887,0.1615860789973009,0.2078869571814159,0.2371447635036684,0.3946121126261627,0.527603053616082,0.5105374475672201,0.5200772786462751,0.4199565804138729,0.5380342657481731,0.4872999600000414,0.5424248371380478,0.6709394759942513,0.1577608142493639,2.8464074384501494e-06,0.216216216216216,0.6783663050414808,0.6297346106042854,0.5017097501452632,0.8601219128169548,0.3635991555341286,0.488228197621822,0.1320301712420303,0.0994055821021151,0.1275185725793526,0.1787790081194715,0.6136269053632326,0.165411206155972,0.6143733012039092,0.95657148966388,0.1914002090581772,0.2262758469293473,8.240312997921057e-07,0.1701926455110418,3.318224089039396e-07,0.1375732008560536,2.233805885278816e-07,0.1764707434979071
15,9,0,0.75,0.3515052633310527,0.0469392024250569,0.5,0.4518385679043313,4.608916755726767e-05,1.1233804785702652e-08,4.0809685613455646e-08,0.0008338416993961,0.7531325459839145,0.7848023696070857,1.4732621768059032e-05,0.9637494417668822,0.448818897637795,0.1575603557814484,0.1188638158367034,0.7152777777777779,0.263318112633181,0.0987707701541572,0.4423407917383821,0.315018315018315,0.0786194927880286,0.1813382779038854,0.2000748862853578,0.313223957513163,0.3590900949799628,0.1763350250903546,0.1850668014809908,0.2615783116210059,0.3267218168123606,0.4043036616546305,0.4799897479932655,0.5054001065158948,0.5462831148104828,0.4282436271844022,0.5088318235104206,0.4786233857675135,0.551674064580105,0.7596618498669776,0.1628498727735368,2.315333560399322e-06,0.2102102102102103,0.6247606892150608,0.8141825667636691,0.5992615623170705,0.7948722598278,0.3504215789327988,0.6006683899225941,0.3080575484782232,0.4266244405206552,0.4780913858567022,0.3273592191505687,0.4716168071307721,0.3257847174242682,0.4800866669294684,0.921720424111069,0.1387866688471837,0.1653564746550771,5.92760360737321e-07,0.3648715400003972,3.784522614504819e-07,0.3970800460015982,2.5711496437200666e-07,0.3906619784090668
15,9,1,0.75,0.4437581399297348,0.1465810969847134,0.25,0.415562087089518,4.606875393636684e-05,3.6163979267908794e-08,3.75696618900118e-08,0.0002159735804873,0.800283093364006,0.8789109474930017,2.815695619859436e-05,0.955335110689532,0.590551181102362,0.1232528589580686,0.1798876292309228,0.6458333333333335,0.2328767123287671,0.1024566047216884,0.3597246127366608,0.2399267399267398,0.0856388980669879,0.0969224178232542,0.1817435025814468,0.2901052316614971,0.330206093448005,0.0936883920023177,0.1529822468187071,0.2307320681019639,0.2952432460842788,0.3626168117072676,0.4889394218317893,0.5076908355802106,0.5453957011457508,0.3838706653765278,0.4969311721885598,0.4707007367139207,0.544966993268027,0.8612455334145066,0.1450381679389314,3.321707374381705e-06,0.2132132132132131,0.8659859604339502,0.8431979021592086,0.6971042813485209,0.7880572694744319,0.2791265330920757,0.5393319726556638,0.2832664144145699,0.2818622668621806,0.3444143704139017,0.4775352566679393,0.52020625570261,0.5631854043907293,0.5789741790881103,0.9175745082505828,0.1695096555750338,0.1973481422378482,9.974921603349474e-07,0.2933560621133098,4.514613346611763e-07,0.3678340132870766,3.099573113482794e-07,0.3507164117736879
15,9,2,0.75,0.4543789218714453,0.1447913103795322,0.5,0.4331465151177445,4.606920189827741e-05,1.9672561246181725e-08,5.44378222710047e-08,0.0006259702032938,0.7641460046571327,0.8843821421461167,3.348797839921242e-05,0.97730620033937,0.5196850393700786,0.0978398983481575,0.2011545435933432,0.6979166666666667,0.3378995433789954,0.0752799217626832,0.3924268502581754,0.2619047619047617,0.0855969140464558,0.0797441315621253,0.1444319230460134,0.2243833111890132,0.3004374332809302,0.0750634225070096,0.117888458327968,0.1790337450051695,0.2771457222801292,0.3308521483627742,0.4349328368603582,0.4402690498314354,0.5045375213654679,0.3454084454084515,0.4372687285109597,0.4061958268420255,0.5072425219981433,0.8293238554063853,0.1399491094147583,1.527775913356998e-06,0.2372372372372371,0.3835354179961712,0.7870454735384826,0.6623483457734052,0.7448998704624197,0.2596338339340069,0.619051930501883,0.2934155721901177,0.2917528546230308,0.3652738745200099,0.2690182580100206,0.415653389326858,0.2324740023131729,0.4570084086606824,0.9244914077757386,0.1555641759406587,0.1880203099495912,1.3153492936952725e-06,0.321258202601002,6.252518585524159e-07,0.3216260945851938,3.692747843121618e-07,0.4083179299248886
15,9,3,0.75,0.3653524712452547,0.0480578092485059,0.5,0.2611622578156112,4.6070303231704914e-05,5.288422774399878e-09,2.5887187575466937e-08,0.0011412220741897,0.770816065935939,0.8688187821836519,1.264893358268585e-05,0.9714780537638992,0.5196850393700786,0.1715374841168996,0.1211387366691394,0.7048611111111109,0.3059360730593606,0.0840167094561996,0.4320137693631669,0.2417582417582416,0.1065099297630936,0.0879067923336624,0.1852973623111965,0.2807467395961721,0.2194511633060171,0.0904515838886729,0.1441487528908202,0.272051971076015,0.2239634338651053,0.3651957704646841,0.5017267093257769,0.5096361982151844,0.4816302841548549,0.4027843331638924,0.5121884762118141,0.5177473774788567,0.5205125884526409,0.700590829101996,0.1475826972010178,1.881755945299061e-06,0.2312312312312311,0.4371410338225909,0.7533820557104272,0.667503501642595,0.9149902711533344,0.2416727684204497,0.5834659377082168,0.1434118127663419,0.2166504243264255,0.241994494164299,0.2267769809278143,0.5919354040529378,0.2250061283856163,0.6223734748314536,0.923414143089145,0.2617476876312961,0.3038597601467998,7.184257277972702e-07,0.149655764245078,3.206052248893403e-07,0.1510154237177593,2.61054669144722e-07,0.217685004786285
15,9,4,0.75,0.7289645444914871,0.53717145053984,0.25,0.4744194117869346,4.611378437925972e-05,3.237857521788726e-08,7.620547533152675e-08,0.0005264699831272,0.896523732377726,0.8027530252183905,0.0004171433859393,0.9881836967067436,0.5196850393700786,0.2236340533672172,0.0932923868854377,0.7152777777777781,0.3272450532724505,0.0794267542751242,0.3115318416523235,0.2435897435897434,0.06964078331298,0.1682277875227431,0.2416642494640083,0.271035170905224,0.2371179292843928,0.1702338729332489,0.1990294329751145,0.2493612065858864,0.2437053245589497,0.4380118861584152,0.5691158572531669,0.5288726527892668,0.524835230235488,0.4671845934068548,0.5722370858889213,0.5193366667679485,0.5543859738798151,0.6163130368991276,0.1984732824427481,1.7864205585475206e-06,0.2312312312312311,0.6515634971282704,0.8322074075042392,0.6829128117080154,0.9037957493899014,0.3475060167745009,0.8103990133184978,0.1373252679892598,0.2194556894666997,0.2925922646054513,0.364343276741422,0.3217641504390081,0.3246561236762909,0.3534757058076797,0.9396902526292936,0.2073203649889335,0.2421471179478488,5.288252128804471e-07,0.1555180484896249,3.965062504049108e-07,0.1426426760940994,2.966262142977868e-07,0.2121620140798157
15,9,5,0.75,0.4720632491266839,0.184135982127882,0.5,0.4481935881855328,4.607809016314585e-05,5.266466081160609e-08,3.41313788700549e-08,0.0001229409881091,0.5767033268097663,0.8487575104454095,9.723185554149112e-05,0.962006160346868,0.448818897637795,0.1118170266836085,0.1626576595414927,0.6145833333333335,0.2328767123287671,0.0984759033887547,0.5352839931153183,0.2783882783882784,0.1169004847145884,0.1614097734127595,0.2108923405424183,0.2444503232438737,0.2188032899300354,0.1588995103946484,0.164204530974171,0.2212200846014911,0.2250123844452558,0.389563133858331,0.4888745013227817,0.4538745111925472,0.4434771157804525,0.4175226579275689,0.4921011619078913,0.4497750674921578,0.4788068933277167,0.8764835105624798,0.1399491094147583,2.315333560399322e-06,0.2042042042042042,0.6515634971282704,0.7958319661488642,0.6503818077636039,0.8444887386754742,0.318341847629786,0.533841183066078,0.2014469641679028,0.4125529758212873,0.4237969712827167,0.2188692963016337,0.3703923702966121,0.2268033590315779,0.4015249400058313,0.9328518328065932,0.1808825228591662,0.2195483347599303,9.724208053249347e-07,0.2079023355771193,5.26083326577543e-07,0.2418978732963081,3.417821970816791e-07,0.3857273538015693
15,9,6,0.75,0.6120123309089921,0.3360259104289955,0.5,0.5229103739357058,4.609404667640883e-05,8.97267909384416e-09,4.828432172771306e-08,0.0012485037917044,0.7002555254125729,0.8714949968854548,1.1900153938482183e-05,0.9731998182845736,0.448818897637795,0.2604828462515882,0.0717952092655962,0.6111111111111112,0.3987823439878233,0.0565140541065565,0.4733218588640276,0.3717948717948717,0.0686285745654374,0.1847350202152112,0.1792361360488522,0.2591893230777846,0.3145941037658127,0.1864253071632164,0.1644917797287307,0.2399963656444052,0.2993979585882738,0.4381788595960685,0.5125212316608596,0.5086503724765613,0.5569141803769185,0.4681636789641963,0.5356323053936192,0.5031698348165848,0.5751453834389032,0.6590706545421314,0.1526717557251909,3.875100578863906e-06,0.2372372372372371,0.4907466496490109,0.8479026568095791,0.7454065437302688,0.8995332565367651,0.287997732575654,0.6791043722741839,0.1488812574480828,0.1318324546787714,0.1706282725331223,0.1620810228089639,0.5302347285716681,0.1356607372077295,0.5499452706782441,0.9350609927584492,0.231723102375259,0.2745678837670355,8.381212103971333e-07,0.1432143194217911,4.3272605988083997e-07,0.1710601041286992,2.597780404365367e-07,0.1953746385345509
15,9,7,0.75,0.5574713254096579,0.2580440742314403,0.5,0.602827894596539,4.611017260454102e-05,5.098157217523769e-08,6.06069829608793e-08,0.000250575274395,0.8426925235059092,0.8597684412519833,0.0002246073589191,0.9867342235702516,0.448818897637795,0.1448538754764929,0.1286506606078238,0.5798611111111112,0.2070015220700152,0.1053558108537748,0.4251290877796901,0.2783882783882784,0.0877340146753047,0.1005500243423763,0.1966882005564172,0.2696956727963069,0.3178305262569764,0.0978707882675651,0.1229486004042971,0.2253290516283879,0.2903363273619302,0.3440547583861213,0.4760665628942395,0.4719084014757754,0.515115460280396,0.3691588708353631,0.4496540848255108,0.4496157254346119,0.5237546209720801,0.6266363444045164,0.1628498727735368,1.0574174124967404e-06,0.1891891891891892,0.4371410338225909,0.6779053581368459,0.6563735263103743,0.7261206461451013,0.2721047092150998,0.6851146789374843,0.2871237370461459,0.457800540620652,0.4905940417974892,0.4732284151179588,0.5516526591477884,0.6296745669461987,0.5064175365855089,0.9228323517564978,0.1382947616067537,0.1666424964156332,9.249424544914464e-07,0.4306230096851279,4.823458007207519e-07,0.3629334650579484,3.7771470580660553e-07,0.4293790330243937
15,9,8,0.75,0.7227607865473811,0.5284194728321607,0.5,0.4772890237881289,4.607972749358519e-05,1.3636350910546596e-07,6.278657586292135e-08,7.754504240601933e-05,0.8015856771285979,0.6917924814959956,7.556599280589144e-05,0.9923018042963934,0.448818897637795,0.1728081321473951,0.1087865227691497,0.6493055555555556,0.3074581430745813,0.0780880680551219,0.3786574870912219,0.3498168498168497,0.0543395403442917,0.1016911857721966,0.1991388488139862,0.2183359560462091,0.2504242205512645,0.0987528038512525,0.1780888743943558,0.2068561808547313,0.2350097053914439,0.326265234990595,0.4565737021360853,0.4113715613625244,0.4426225002482993,0.3522546293540748,0.4844371421464807,0.4168820650525824,0.4612991330809852,0.777443861807698,0.1577608142493639,2.7748919164024218e-06,0.2312312312312311,0.5443522654754309,0.7638474023093407,0.7038803751031972,0.8669470341913179,0.2443185507670901,0.7576720006523285,0.2405865382759305,0.1577929695904729,0.1780469027640456,0.2225891705726722,0.3564643239983206,0.2418784250334281,0.4030976835251041,0.9260289381543548,0.2032086439988393,0.2435994422790099,7.442783766632366e-07,0.2437967598912024,4.428289361412711e-07,0.2789107942491289,3.708904041882142e-07,0.3534029074179124
15,9,9,0.75,0.4120185572192312,0.0844732000302271,0.5,0.3027789262406121,4.610975146348983e-05,5.794841857449279e-09,3.0442990476275946e-08,0.0012241933795342,0.6067799535866525,0.8536117221386611,1.5003025882964709e-05,0.975750560997917,0.6614173228346455,0.2465057179161371,0.101187323408145,0.6736111111111109,0.3211567732115677,0.0769955005438902,0.5421686746987953,0.2985347985347985,0.1092236401747252,0.1945714589529218,0.163311794153919,0.2635154473536492,0.3167961784100368,0.1906097674096127,0.1396199599831353,0.2309338915248137,0.2892854256081806,0.4090916788708008,0.4408157635682984,0.4612447709168668,0.5083511998779207,0.435832685647233,0.4612464196446967,0.4505214739699519,0.5192555478103432,0.8988279740494263,0.1399491094147583,2.996878273430096e-06,0.2282282282282282,0.4907466496490109,0.8201228507346503,0.6942348374448777,0.8990790291381567,0.312495513375773,0.4756181450535838,0.2018214319343252,0.2827166807943797,0.3662196433594626,0.254155283454674,0.6041029122015172,0.2443910351150652,0.6088130662744509,0.9448803345468236,0.1205567735357352,0.151509955240993,6.552188307881118e-07,0.2784821654570665,4.834538959391042e-07,0.2448710926675707,3.6073376287659357e-07,0.2746846773100549
15,9,10,0.75,0.3987559898639561,0.0805562812996955,0.25,0.5023359046244972,4.605984834564478e-05,1.0164188004928157e-07,2.884318535565025e-08,3.6104690665286605e-05,0.7541788947788408,0.7734224349023906,2.0768201617957262e-05,0.9658030152677478,0.5196850393700786,0.0851334180432019,0.2258587021064294,0.6423611111111109,0.339421613394216,0.0699018516720029,0.5043029259896729,0.3498168498168497,0.0813996400144107,0.1016134528504929,0.1522558813522389,0.2401716277046629,0.2529269003613931,0.098932618137344,0.1117509205801965,0.1855307805510671,0.233808160333605,0.3960971255987575,0.5057718440027283,0.5071760071969612,0.5303817454846388,0.4166591858357117,0.4971446292320145,0.4701253371858562,0.5369255441125752,0.7639059386808973,0.1526717557251909,2.8464074384501494e-06,0.2222222222222221,0.7319719208679003,0.6603735722864057,0.6589893169201568,0.8856674933131718,0.2201990031019936,0.656108909136888,0.1497014030166503,0.1549382372947956,0.2086162657685337,0.1462032482771956,0.5501996985017626,0.1240557972591415,0.5689827320545525,0.9596970876061784,0.137612652890591,0.1675170379552614,8.529542608589276e-07,0.1413347206396109,4.50841168686277e-07,0.1675049646985825,3.095518108685041e-07,0.203628446112129
15,9,11,0.75,0.3468731056698388,0.0407399271765234,0.0,0.4989081366408668,4.6084604068847394e-05,1.1315812373606117e-07,3.351546795963e-08,3.893629028382186e-05,0.7336990604918171,0.8620666627517423,3.647912075005331e-05,0.9762207827861222,0.448818897637795,0.1715374841168996,0.109566313304139,0.65625,0.2465753424657534,0.0981753347798223,0.2943201376936316,0.2307692307692305,0.0694733232553105,0.1483040382452909,0.2699124625601196,0.3566483958379079,0.3492666774696815,0.1395815002025589,0.2035243573947245,0.3093519956781951,0.3263073275405759,0.368061211711157,0.5254765995620577,0.5269776091504234,0.5258759238513275,0.3826232306413986,0.5077958700723773,0.5013979257740371,0.5325421730484234,0.7182797013790729,0.1348600508905852,1.881755945299061e-06,0.2252252252252253,0.5443522654754309,0.8741955575705576,0.6029158344842562,0.6523406971182641,0.3540114897638055,0.5371316674995105,0.3604931704564938,0.3397873662738961,0.4321593166571342,0.2615011217524738,0.4531023347805944,0.2153778716543007,0.4720073834041992,0.9091605368079438,0.1611064594219646,0.195273184230159,5.929914016363671e-07,0.4499351644404319,3.080793008373555e-07,0.4825126259262892,3.192805525681229e-07,0.480491703114687
15,9,12,0.75,0.4183450473769413,0.0988741544683237,0.5,0.4251654889839559,4.608074709216925e-05,1.6565924734448454e-08,3.6827073145433753e-08,0.0004985064856035,0.6771778283634964,0.8043181828400674,0.0001064913021244,0.9662091295111104,0.448818897637795,0.1473951715374841,0.1265772994192753,0.7881944444444444,0.3500761035007609,0.0805156752864376,0.4991394148020652,0.3333333333333333,0.0855921020317948,0.1503850028171055,0.2132903976910047,0.2888411990196721,0.3197132588867022,0.1407404974211633,0.1637139493618636,0.2133052888906364,0.2939759120630845,0.3443870247950997,0.4431436620789507,0.4449168415548377,0.4726315111127414,0.3581781902829634,0.4367620738368667,0.3898570229823431,0.4768924150820014,0.7982716869093798,0.1603053435114504,2.382988955628377e-06,0.2132132132132131,0.5979578813018509,0.8435687319889156,0.6419916189820336,0.7986855778508373,0.3601227106014028,0.5780632939675426,0.3302162708260572,0.353258319733454,0.4407507135774744,0.3878903030357015,0.3322809869962703,0.3387715533792575,0.4034341365684718,0.9141312748307068,0.1569569711592665,0.1937063594081356,8.087703737649014e-07,0.3970039329176619,4.7600204138836987e-07,0.4141493431110512,2.9407806273617974e-07,0.4225387888275185
15,9,13,0.75,0.5951235085155968,0.3369438986479984,0.25,0.5134118600450777,4.608299973729256e-05,1.1597110962152227e-07,6.15384571347501e-08,9.423217986022893e-05,0.769506976357317,0.7156359437509364,1.5142745563399082e-05,0.9777200582131012,0.448818897637795,0.1232528589580686,0.1491608499514391,0.6180555555555556,0.4079147640791476,0.0556745026456005,0.5473321858864026,0.4175824175824175,0.0713760414507827,0.1383436566672061,0.148039071728991,0.2201835275498146,0.3574379136928238,0.1365941311243835,0.1179595371278598,0.1829560706420495,0.3281416267221619,0.4027428619962629,0.4806702469676255,0.4752644388993706,0.5763522493644528,0.4282956765280894,0.4866713320827399,0.4545802445002965,0.582828778710966,0.7817167628943578,0.1679389312977098,2.4381804720422044e-06,0.2282282282282282,0.5711550733886408,0.7526770039557453,0.6570170156957529,0.8275310907526312,0.3379333977620714,0.6383934156305119,0.1820143719396814,0.2679907656916636,0.3328732671419603,0.1968606363739225,0.6419600254993141,0.2108224509387489,0.6507060420750513,0.946949466714934,0.1403368430883419,0.1701171309071178,1.2040215837631285e-06,0.2320848799967158,5.786947493258579e-07,0.218006695752201,3.133856093820546e-07,0.265041740823446
15,9,14,0.75,0.3728552782343396,0.0608829912915903,0.25,0.6992674500535343,4.6104955308677214e-05,7.715651566392685e-09,5.7758519448461386e-08,0.0017467653556665,0.8813177018149388,0.8656484344794084,0.0006768638327597,0.9842609023678016,0.448818897637795,0.1740787801778907,0.1080167295487116,0.7847222222222223,0.2404870624048705,0.1165002591417055,0.2633390705679861,0.1373626373626373,0.1131909723120788,0.1448547386676414,0.1976204442562284,0.2415805315974002,0.2460944913553843,0.1371676691593914,0.1632263973562903,0.2119337025556313,0.2312203272910738,0.3524612190158992,0.4448201714830933,0.4200515345500094,0.4280629711667297,0.3699256528875597,0.4538828128521439,0.4059250741899866,0.4403386300619666,0.6908961732223391,0.1272264631043257,2.315333560399322e-06,0.2102102102102103,0.4907466496490109,0.5722346966831542,0.6136220661536465,0.7020382395963365,0.3590155976404521,0.6979346132076093,0.3224704172626498,0.2799430276077668,0.3774445531983192,0.3107998238237665,0.7090479521767089,0.3066639301332013,0.721184660273021,0.9236169125356832,0.1293592701713568,0.1612443847861004,8.785009310201159e-07,0.4201495675796235,4.362110966503822e-07,0.3409202829932954,4.904796777009411e-07,0.3957001789904169
15,9,15,0.75,0.3399387614642011,0.0374345948371727,0.5,0.6513293881578287,4.607144715687859e-05,3.014289180796043e-08,2.5009897117771124e-08,0.0001671569448344,0.8738220756132244,0.8986224637821747,7.662801462001084e-06,0.9730291998348354,0.448818897637795,0.121982210927573,0.1505561722955316,0.6944444444444444,0.3287671232876712,0.0771081009146193,0.3752151462994835,0.315018315018315,0.062717050653123,0.1069731219718276,0.2151094146693569,0.2279577970101366,0.3235025510578638,0.1051812271795793,0.1888707833330124,0.2067652189128421,0.3069518997030877,0.3231778530935247,0.4627687998320665,0.4105918552403769,0.4924997417137272,0.3540071055871221,0.4920963653668815,0.4132014818543541,0.5160292685524053,0.7357421981518848,0.1526717557251909,1.527775913356998e-06,0.2042042042042042,0.6247606892150608,0.6569828073037152,0.5306426479763671,0.6950451305096612,0.355012165562585,0.6688138287401418,0.2557915861470514,0.3943935833535184,0.4345350253315407,0.0863800530738132,0.4896942480317888,0.1073861390760279,0.4915746758100907,0.9026491933933836,0.2308886646141165,0.2778771409757008,8.018510754620544e-07,0.2693991505591189,4.927872288789595e-07,0.448654161964187,3.847387286479653e-07,0.4514114798341176
15,9,16,0.75,0.3218865316239228,0.0264034283470845,0.25,0.5753741978476247,4.607625330227923e-05,3.9453501441188056e-08,2.984146414390904e-08,0.0001491002185345,0.825299824847269,0.8466208397118116,6.7477415023873615e-06,0.961375977517518,0.448818897637795,0.1728081321473951,0.1087865227691497,0.6111111111111112,0.2648401826484017,0.0863871299107897,0.3425129087779689,0.1739926739926739,0.1180418164376412,0.1987758381869807,0.1535369450201766,0.2453400580585044,0.2835607940547153,0.2006784583265618,0.0959265108101864,0.2318844621653012,0.2509321046815597,0.4209023858616257,0.4479228462531032,0.4604589117574986,0.496991480680827,0.4554831806080841,0.4424144381971972,0.4681251130822551,0.510033409247256,0.8275711627519575,0.1323155216284987,2.198560618729097e-06,0.2102102102102103,0.5711550733886408,0.6966646510237866,0.572735387495448,0.7298930721266297,0.3685934788389679,0.5410341524770521,0.2053086586817685,0.2830701641538911,0.3358678314581329,0.0858077548928363,0.4916048163143163,0.0726814708835817,0.5109277584877004,0.9363246690933524,0.1701277802645799,0.1999175762202268,7.095710514626251e-07,0.2167896804600655,3.0407880138181106e-07,0.2232086576955736,4.0353999580655066e-07,0.3297992517870271
15,9,17,0.75,0.7203023130077677,0.5245374323392756,0.25,0.444833962323137,4.611159606025405e-05,1.0706165179827006e-07,6.401718457623129e-08,0.0001101824121778,0.8371570229200921,0.8077418912135077,8.131374360804784e-05,0.9927354162054064,0.448818897637795,0.0724269377382464,0.2336145707780902,0.71875,0.1917808219178082,0.1342290070847821,0.2616179001721168,0.1776556776556775,0.0836721081820621,0.2659392012302128,0.236941712837652,0.2281911796556656,0.1893716722198598,0.254732719902324,0.1850048658066311,0.1866234275752366,0.1767815718448713,0.4781744900716496,0.5334006622419869,0.467086724395934,0.4528205564548203,0.4951561289705197,0.5245903035694861,0.4382288656252586,0.4619793399948232,0.621117143083695,0.1628498727735368,3.496901038962091e-06,0.2342342342342342,0.4907466496490109,0.7211072254283897,0.6117538556089359,0.8309833878644923,0.3216508595058063,0.7686435207466971,0.1435270012897103,0.2506199520124532,0.3223168724143117,0.0800267773711796,0.5345634840234763,0.0592047803610211,0.5445198007933815,0.9376607233086328,0.1967856966741951,0.2342297087220033,9.772445909649492e-07,0.1858315799278842,3.654277592053687e-07,0.1971927771186979,2.546646405573065e-07,0.2114800853126586
15,9,18,0.75,0.3737965893335119,0.0510924143638578,0.25,0.4096142489899083,4.60637372736934e-05,1.006234910022656e-07,3.1350399021106894e-08,4.2670705109473016e-05,0.6566546184127152,0.8321500796656068,4.56613205609993e-05,0.9564440521179308,0.448818897637795,0.1994917407878017,0.0944578716887219,0.6458333333333335,0.4992389649923895,0.0462449720664288,0.4543889845094663,0.4249084249084249,0.0528983120221352,0.1376943262398806,0.1732896008194334,0.2896477072636974,0.292644097548244,0.1475673082077978,0.14602854400507,0.2236469740131584,0.3100310319044769,0.4299711106445387,0.5371681331717122,0.5506174410625697,0.569353919364743,0.4705306025040411,0.5553429561803275,0.5227832097198585,0.6107017552461317,0.7506906041736454,0.193384223918575,2.0348057760975293e-06,0.2312312312312311,0.8123803446075304,0.7232580205183163,0.6239577480684488,0.8877628035952942,0.3149042605777276,0.554348252286293,0.0963608529451115,0.0410891332183946,0.0484465314033681,0.2276640994308831,0.6212367682495301,0.1834971412850616,0.6115806061705094,0.968043913664294,0.1940822470438691,0.2189641330541837,9.584971799420942e-07,0.1004018194036001,5.092275771437003e-07,0.0845683789155558,2.971714148033357e-07,0.1074077134908962
15,9,19,0.75,0.3732275149934764,0.0688650191776191,0.25,0.7563772085833773,4.608617689753996e-05,2.7730254547768603e-10,5.518105191760367e-08,0.0471648400028534,0.8797005631020213,0.9096885361484772,2.9245030948960705e-05,0.9832308997422337,0.9212598425196852,0.0470139771283354,0.5332455909449854,0.5659722222222223,0.1171993911719938,0.1724690323319433,0.1170395869191048,0.1904761904761904,0.0233720424958914,0.1504101860908188,0.2750202224762488,0.2819237193343467,0.3094060650913951,0.1429762906442669,0.2000321753340968,0.2297227925574086,0.2869012855759549,0.3915927711800789,0.5531640055153619,0.493603238096484,0.5223194321929634,0.4079781450811947,0.5276664909166066,0.4587922614701703,0.5272647549040601,0.7389373290182983,0.1577608142493639,1.9820502229390077e-06,0.2132132132132131,0.5443522654754309,0.6779519925911011,0.5582574959110014,0.5600564193164397,0.3823307908850936,0.7473884885372343,0.3217855774166341,0.3835592165550237,0.4697322093418328,0.3245916507405843,0.416167981172517,0.3278569439828429,0.4513425410413479,0.9173362233901646,0.1468133799081998,0.1737736438589768,7.621915683140414e-07,0.4846675645485224,4.081721685326457e-07,0.3840475944029289,3.088086718075509e-07,0.4225531734704166
16,8,0,0.75,0.2686763989147701,0.0179360571996164,0.0,0.096570545972852,4.57393100073641e-05,1.967882759228312e-08,9.300758768914621e-09,8.460609699431024e-05,0.1503343699993315,0.1503832085168865,3.0278301716556247e-05,0.3173988290215827,0.7322834645669289,0.181702668360864,0.1476013289180497,0.6736111111111114,0.4474885844748858,0.0541907776973067,0.6970740103270223,0.6520146520146519,0.0521045200250433,0.6580355724994287,0.601137385873873,0.6595533598329394,0.8527973390503979,0.6090736116753626,0.4706459972060427,0.5582999279584252,0.7578959617712363,0.7543977875640646,0.8149774615942817,0.7641481137071764,0.9075881965784666,0.7579790472535476,0.7795962707486619,0.7125170187587508,0.8806566783187164,0.5872067157947094,0.178117048346056,2.8464074384501494e-06,0.2492492492492492,0.8123803446075304,0.3285373309461001,0.0878919098496346,0.4114758549413184,0.5915338783001158,0.3856034843004382,0.1513929012464628,0.6520486496543028,0.6355843205609939,0.2919766113345025,0.6153206186873491,0.4314398969427965,0.7686012338526887,0.7903290691609612,0.3895265364504741,0.440743061618541,2.525905071929836e-06,0.2119289951453203,1.2585320473217211e-06,0.2559430664692608,6.327831262916741e-07,0.287514571088815
16,8,1,0.75,0.3358356409552419,0.0609754403588853,0.25,0.073934477492252,4.576128295375648e-05,1.4563017250666976e-08,1.4173232086794684e-08,0.0002044319372259,0.1501665099408054,0.1126604757388664,3.67092669224928e-05,0.5043754149409134,0.590551181102362,0.1334180432020329,0.1675528647889795,0.5486111111111109,0.3805175038051749,0.0543461871249764,0.6678141135972461,0.9304029304029304,0.0236811056328782,0.0554408286219077,0.3023780161007673,0.5027934674695331,0.6465579282490063,0.0572992136111507,0.2828210969219571,0.3829907093638801,0.5910006674741234,0.3459361305553685,0.5903450932225978,0.6581570153513696,0.760386222548526,0.384682618951874,0.6234331781337192,0.5920615821281725,0.7525553833450661,0.6908472936953807,0.1653944020356235,2.921642855940123e-06,0.2492492492492492,0.410338225909381,0.4507397480741959,0.2911275480339039,0.4962888523316646,0.4955357725152778,0.3646193698163077,0.1665541679441316,0.4212300486602707,0.4840212937011969,0.3626849438386402,0.4491297694847375,0.3633815644638047,0.4668095406447388,0.8594000796976418,0.3757503378641333,0.3751184629221204,1.525983283325038e-06,0.2059911367541933,8.943022176537077e-07,0.2689997567691139,8.050206710051531e-07,0.2628070760889711
16,8,2,0.75,0.3326265970621869,0.046119585448944,0.5,0.0299500422952285,4.576899415825653e-05,9.957992297610288e-09,8.087240497037375e-09,0.000169478005888,0.1459220948237128,0.1397973274889607,0.0024176792347955,0.4168415007172904,0.448818897637795,0.1181702668360863,0.1548916381503904,0.5833333333333335,0.3561643835616437,0.0613594036085548,0.576592082616179,0.6263736263736264,0.0405283867341202,0.5781360381275419,0.5144071636310449,0.7814831931593232,0.7780028000255229,0.5736404893114456,0.4254375143649977,0.6863765360387125,0.7449894912366436,0.7142778796917879,0.7342506178643715,0.8788202699571179,0.8661136733739782,0.7458790234656033,0.7347372640962697,0.8354460265591137,0.8839625296648621,0.6702615404723522,0.2162849872773538,2.8464074384501494e-06,0.2402402402402402,0.6783663050414808,0.333382340722244,0.103641784554755,0.4088644486579453,0.6548180455975696,0.4738850909375318,0.1583863824250113,0.8587153172778141,0.83379479629044,0.0273907130646191,0.5027022182242381,0.0228973069399419,0.5211955677838991,0.8086007339213069,0.3639500342924446,0.4187381797927,2.0687862302015238e-06,0.2787957541744726,1.9033319495805168e-06,0.249062715202149,1.0031567859918415e-06,0.4419818453446942
16,8,3,0.75,0.342388042909025,0.0479448922231815,0.5,0.0679598933771209,4.5740468057583976e-05,8.349618519503797e-11,1.1980094254406336e-08,0.0347279064479111,0.1534679160221429,0.1641014133251746,1.403411433118494e-05,0.7235959851229392,0.448818897637795,0.2121982210927572,0.0887718990377584,0.7048611111111109,0.4170471841704717,0.0608411423226304,0.7056798623063681,0.7747252747252746,0.0393557445899494,0.1110174226505323,0.384700163708661,0.3174736639392039,0.5175510866648186,0.1116926280060029,0.2320372391746544,0.2135201261545809,0.35402888325834,0.3865973374765347,0.6538144779802237,0.5398915179241766,0.6791745351437939,0.4171887965645938,0.5826905426482438,0.4802540978561617,0.6035921600917424,0.6360149126958978,0.1653944020356235,2.8464074384501494e-06,0.246246246246246,0.7319719208679003,0.3058744443409007,0.3170599054758334,0.6418850299099228,0.3980856003225936,0.3459190571388165,0.1212909778908829,0.3761452536606253,0.3747727666815246,0.1761424172571416,0.4528077912535931,0.1650391608634642,0.4937723346765031,0.8889468927434665,0.2932799940234735,0.2957845906157305,1.1710811445303522e-06,0.1485617544309488,7.346713231418438e-07,0.1452164009936397,4.270239938269096e-07,0.1834073092985102
16,8,4,0.75,0.3131646050800041,0.0368013918232541,0.25,0.0749154347561684,4.578080667402736e-05,4.6765792955015913e-08,1.3706689566735891e-08,3.941479967104912e-05,0.1007411124105303,0.081933760134033,0.0004318493204439,0.4769491871766652,0.448818897637795,0.2490470139771283,0.0752736644282154,0.6111111111111112,0.60882800608828,0.0349356341410014,0.6419965576592082,0.7307692307692305,0.0369101729045879,0.1977333228585341,0.2198211372748343,0.3242995947383569,0.4882822344194799,0.2098219652399058,0.2213970303752359,0.3086657524761644,0.480328131277015,0.4480630256266898,0.5438514399534511,0.5518877517687089,0.6655163130560491,0.4898973769724302,0.5885168401493195,0.5550391787278721,0.6902368088391677,0.5521779610752309,0.2162849872773538,3.875100578863906e-06,0.2552552552552553,0.5979578813018509,0.0823464821668498,0.2462970359396905,0.6750085456204675,0.4410896099412634,0.3916310740309217,0.1681932316829877,0.2178966653971268,0.2405160202076337,0.2339513407396774,0.5413602657780069,0.1898772948395972,0.5388275988779705,0.947150532620892,0.1701069626232253,0.2168767803594152,7.85614806275279e-07,0.1888627052829869,9.216491817509094e-07,0.1598193607877302,6.737723133211647e-07,0.2201881946835252
16,8,5,0.75,0.2937572965988524,0.0378631052112286,0.25,0.0351932904508071,4.5773857415110615e-05,1.0668430858921645e-08,1.0242369053574756e-08,0.0002037348618901,0.0811918041918541,0.0874117749024741,0.0001189870799068,0.4428391603304608,0.590551181102362,0.1067344345616264,0.2040182606391904,0.5173611111111109,0.4079147640791476,0.0479874185384873,0.6454388984509466,0.880952380952381,0.0249780656287935,0.0926657722631835,0.4720185523921714,0.5118871736853418,0.6461820735591954,0.0888290544096567,0.3509993053612455,0.4234958401947649,0.5675898430998689,0.3485350710858668,0.7096963270463672,0.6569367307251269,0.7574666149295959,0.3681807136677628,0.6663926359145198,0.6070873370225525,0.7330067852679215,0.6730790855758819,0.1959287531806617,4.519418020579677e-06,0.2492492492492492,0.7855775366943203,0.5310082377262515,0.4103799944564654,0.6672588588703476,0.418682461625286,0.3003947905416383,0.1779203551512158,0.5892423859242992,0.5809481478105534,0.1362993260848089,0.4805860223264736,0.1107087388584047,0.504020207898246,0.8794186752855556,0.2983079348740622,0.3422477137433962,2.0009228903577838e-06,0.2011435516618996,1.0772890961264763e-06,0.2327013041757383,6.152402541244332e-07,0.3781168215591445
16,8,6,0.75,0.3193418255692232,0.032407528742949,0.25,0.0578437167364217,4.574660114752775e-05,1.564693289931379e-09,1.1578858363740371e-08,0.0017750376924854,0.144014905960678,0.1747851835743339,0.0004423914973439,0.636390981733971,0.5196850393700786,0.2337992376111816,0.0891704713581613,0.7465277777777777,0.3805175038051749,0.0704663010729656,0.7142857142857141,0.6593406593406593,0.0532049264674225,0.2250738755812097,0.1975382848780331,0.3082754617993603,0.3281049277527535,0.2238619431209046,0.1519218963555905,0.2297532679359858,0.2665224522855798,0.460900245648013,0.5214053537392337,0.5363861114093271,0.5617406901185199,0.4872352677208561,0.5196226458139699,0.490963930727215,0.5486800468369496,0.6351297198902115,0.178117048346056,3.4093042066718982e-06,0.2522522522522521,0.517549457562221,0.5470779187248369,0.3596097882727056,0.689029500596444,0.472850645846764,0.4114664507568172,0.17269546189102,0.2189237515021982,0.273187098675113,0.1657408236624662,0.5990720044383995,0.1581238597869239,0.616221964381103,0.9493584600979972,0.1486466941264408,0.1864101972328896,1.040939329441805e-06,0.1817130457749578,7.555594832219105e-07,0.2218789022085286,5.482882796210948e-07,0.2581473666253844
16,8,7,0.75,0.3272499068182906,0.0374864838530057,0.0,0.0457080350602771,4.577703956406952e-05,1.14922187576053e-08,1.1175644171375876e-08,0.0002060118735913,0.0573809494814547,0.0756066353988448,0.0001549332313129,0.2108557950072165,0.448818897637795,0.193138500635324,0.0975502427795967,0.6840277777777779,0.406392694063927,0.0609546229926252,0.7504302925989672,0.9249084249084248,0.031142941638101,0.07946825907353,0.2386975720816161,0.5252626709233458,0.4716968385191252,0.0784654404023564,0.1655418477662915,0.4666290684796249,0.4352356059152509,0.353663171456975,0.5356545213837993,0.6707431302075753,0.642648192579731,0.380869582305657,0.5152027231081359,0.6436723250946956,0.646441392778809,0.3845453332015531,0.1704834605597965,1.609657842603703e-06,0.2402402402402402,0.517549457562221,0.5411240228668226,0.3516863698557477,0.7227022897558624,0.4210720292104515,0.3668682563261164,0.2938717094689808,0.6580377242080695,0.614680587361105,0.6431454764646387,0.3233765937000725,0.9213484536383858,0.3265942373740337,0.911420626191285,0.1529650892520236,0.1607273034622602,2.0244400082975334e-06,0.4028109763472886,9.223811659986551e-07,0.3457175219649362,8.065231793956677e-07,0.3725625591957208
16,8,8,0.75,0.3384053001326492,0.0586390778233638,0.25,0.0880272751307495,4.575687554883549e-05,1.6602968867808253e-08,1.2369891354690774e-08,0.000149782720478,0.2434262792115394,0.1657726243401645,0.0001406382328946,0.7472740197065467,0.590551181102362,0.1181702668360863,0.1867158024041414,0.5798611111111112,0.6529680365296803,0.030563085112504,0.59552495697074,0.5073260073260073,0.0606298983172945,0.30077459087076,0.4363047493378909,0.5606697655762596,0.4858199049427108,0.3264471906225401,0.3657724789543287,0.5004015284948523,0.4141739462577113,0.5245122677817673,0.7067064755172723,0.70531991135676,0.6814888753473138,0.564605663735009,0.6991977395919524,0.6719108861822368,0.6703256112356448,0.6204955336358235,0.1730279898218829,5.837009080670348e-06,0.2672672672672671,0.4907466496490109,0.6052690731600103,0.4545236980033236,0.8665059196053444,0.4143582159568155,0.3316275140529249,0.0505851424207729,0.2053068746536275,0.2282958150902416,0.0282699497442278,0.5236701414821358,0.0161097791277418,0.535455045782425,0.8580066270140548,0.4321168206607833,0.4680598369004108,7.611441693546863e-07,0.0661101112894842,4.284721643327583e-07,0.076996177035409,3.699220359883653e-07,0.1086520859627361
16,8,9,0.75,0.2879325882114681,0.0274136940593896,0.25,0.1407569324078456,4.577037549885203e-05,1.3333506078034593e-08,1.395238487240774e-08,0.0002223062416385,0.1225979924613158,0.2005144212430295,0.0001073136611624,0.5648385393168325,0.448818897637795,0.110546378653113,0.1642987810430086,0.6111111111111112,0.5144596651445966,0.0425664390092655,0.5490533562822718,0.7216117216117216,0.02766002393526,0.0969874606873367,0.3299398687713844,0.4577155900010455,0.473157740971333,0.091660772757734,0.1211589863166612,0.4395100697574678,0.3517610960122041,0.3128443921255684,0.5669135947455242,0.5988126702381884,0.6119068706931938,0.3301569857805456,0.4074554198736462,0.6086642574075126,0.5423660080308784,0.750773864532988,0.1577608142493639,4.079079111402739e-06,0.246246246246246,0.6783663050414808,0.0158515752663896,0.1715392509159299,0.2044350613749408,0.5383198673408012,0.1725608318401394,0.1794601422558199,0.3865067057878617,0.4412086314452326,0.0721569768239289,0.4635044351223826,0.0764870644190026,0.4838189306080186,0.8933064347083315,0.2599460191732383,0.2674161397020812,1.23699580306332e-06,0.2491793911408683,5.854477508330092e-07,0.2488722196992681,4.439014748973757e-07,0.3263081853976634
16,8,10,0.75,0.2809380125973789,0.0227265372401934,0.0,0.1196848641802866,4.576863473280122e-05,2.1848630809749922e-08,1.02757159721556e-08,8.357458244715001e-05,0.15152616007731,0.2898752127529447,3.360175407894552e-05,0.6056783655141676,0.448818897637795,0.2566709021601016,0.0729232150875617,0.6736111111111109,0.5525114155251141,0.042776188926245,0.576592082616179,0.7893772893772893,0.0250437647457265,0.3472486647332606,0.6040978870131658,0.5942559598030153,0.609051224218432,0.3517487579077972,0.3432169974785885,0.4467688072145888,0.5392342290188676,0.5399496725774846,0.8112901814833184,0.7201745223046832,0.7394592718239826,0.5690984719755311,0.6735657290426157,0.6358064603125282,0.7222348527144999,0.5759033478680102,0.1832061068702291,3.238441628009064e-06,0.2522522522522521,0.5443522654754309,0.3633340720945162,0.2882453214098266,0.7240832365835685,0.4035428469597638,0.2586409835823351,0.1027869968413051,0.2354487771091373,0.2722083589930091,0.0842653697157315,0.5538896726601541,0.0761284467996998,0.5667597918057392,0.747734626936577,0.4865427386562866,0.4385175225981244,9.09196977686768e-07,0.0996225549846429,9.883876262568432e-07,0.1175398012897837,4.809842577049993e-07,0.1483513999887518
16,8,11,0.75,0.2730663264455945,0.0185956874531268,0.0,0.1284432115352462,4.57608532755034e-05,7.960111664883557e-09,1.9971711078989054e-08,0.000572223154888,0.2197989217299102,0.1462645263257045,0.000424632906019,0.6728191695661736,0.5196850393700786,0.207115628970775,0.1007633587786259,0.5798611111111112,0.258751902587519,0.0847833204969292,0.4509466437177279,0.521978021978022,0.0365588319666295,0.8198743713193222,0.8494407324877165,0.7443914718165932,0.7368049149041408,0.8506506518711404,0.7076961178507373,0.6000582224162444,0.63593900710543,0.7796959029975078,0.937755467428494,0.7980484059328791,0.8109992904567984,0.8044907494413558,0.8967636175969187,0.7199904011290404,0.7766542338282596,0.6103709708490599,0.2035623409669211,3.496901038962091e-06,0.246246246246246,0.6247606892150608,0.415304168998805,0.2752139797794388,0.5773604753522399,0.4964410832228405,0.3927271588857881,0.0134880715714711,0.4386400684668732,0.3657380947806197,0.0110060800979505,0.5060547298238922,0.0104886068547197,0.5269811632170355,0.1850207198260576,0.8772281507590995,0.8736956113018147,1.270129901575347e-06,0.0482386500951571,6.585859244459672e-07,0.0485556143111754,5.437892745071509e-07,0.0690545733990027
16,8,12,0.75,0.3190656927966349,0.0395502791848849,0.25,0.0222846667980246,4.576388013244178e-05,5.0371926548395585e-11,5.4587594005496695e-09,0.0271293754736901,0.0907722952948768,0.0683314361899113,2.372302630915635e-05,0.5539686413420883,0.5196850393700786,0.3329097839898347,0.0612815322256559,0.5798611111111112,0.5829528158295281,0.0350905513184645,1.0344234079173835,0.9413919413919412,0.0540085704363891,0.4424653623479188,0.4060143162708789,0.5154643783299296,0.5029208252925942,0.4214263855413679,0.3307707787473972,0.4587882043685723,0.4955933137775976,0.5964821412513325,0.6576050638353784,0.6602662600692882,0.6574959532855945,0.6107954086911491,0.6479852927306892,0.6342808693758276,0.6803594498139595,0.7486071696796173,0.1857506361323155,3.496901038962091e-06,0.2582582582582582,0.7051691129546904,0.3540777884671633,0.2495994090238644,0.6398823794026414,0.4746110847204777,0.4233980309312359,0.1685015453732491,0.3675159135605985,0.3970833621315153,0.0698167045846579,0.4841863444964384,0.0641992859113179,0.5192322500639108,0.8873577593457711,0.289138969769345,0.3367302560401963,7.371991266047098e-07,0.2279668667569051,6.329453438646594e-07,0.253079006661665,5.4879209873624e-07,0.3154566794413904
16,8,13,0.75,0.362001320288401,0.0789060077313068,0.25,0.1750535755535608,4.578240615176147e-05,1.186001032458834e-08,1.2788124983017789e-08,0.0002307141717376,0.2679059867650322,0.2152151592003033,0.0002136366768861,0.7294433631556245,0.448818897637795,0.1728081321473951,0.1087865227691497,0.5833333333333335,0.3911719939117198,0.055495867257804,0.7074010327022373,0.7124542124542124,0.0459740522937366,0.062754326828599,0.3723325578797803,0.3656789456091884,0.4144325187789943,0.0615453308193841,0.252002285763911,0.2826746235653269,0.3544598954309463,0.326789682842749,0.6290387832451009,0.5511328039206371,0.5934389147358365,0.3536567898468919,0.5785378706959652,0.502873108114382,0.5804260453282826,0.6576336204483795,0.1755725190839694,3.155175881636423e-06,0.2312312312312311,0.5711550733886408,0.2233320423002815,0.3694048961619849,0.4371502425120046,0.3873169718241168,0.3464922528343365,0.2058479998349486,0.4051390336621292,0.4869460059396533,0.1148517953062273,0.5244916597349012,0.0989245443813768,0.5424034254434009,0.9038445735151164,0.2240609970785501,0.2599288430213243,8.171720379867767e-07,0.281087986684172,9.559442712183285e-07,0.3010319322195539,5.572336054069917e-07,0.3166546353493348
16,8,14,0.75,0.2558637331044693,0.0117696046455884,0.0,0.0921825818206196,4.576998431842885e-05,1.5386236971513254e-09,6.104326562697246e-09,0.0009664738419485,0.1183268507488072,0.1674587589396611,0.0001754601004717,0.5903825579892499,0.448818897637795,0.1880559085133417,0.1001574634358553,0.6770833333333333,0.5251141552511415,0.0455456988519441,0.5662650602409638,0.7216117216117214,0.0295404471401592,0.1325404490519311,0.2778350746014018,0.3125461852148785,0.4675603278231744,0.1253323977816463,0.1881772456856793,0.2325576776464891,0.4241981552431674,0.3562481537994636,0.5328088318733089,0.4926614272462208,0.6172374323648305,0.3725380312661499,0.4935936701486436,0.4374816067612298,0.6133351907433084,0.7563575288645978,0.1755725190839694,3.496901038962091e-06,0.2552552552552553,0.6515634971282704,0.2904835577667466,0.3247176676849816,0.6256220985377934,0.4076333635529078,0.0964322728606303,0.2569766737128729,0.3060109617553668,0.3468682166023469,0.3167331397612067,0.4250543030420189,0.4144446339274985,0.4617288776405152,0.9259635727899224,0.1620016955368144,0.1827079136459682,1.1442945491027748e-06,0.3599142369275707,7.075490224848147e-07,0.29045639886889,5.443297023520703e-07,0.3393902775584216
16,8,15,0.75,0.2776510671169053,0.0178728704726983,0.0,0.0147721098287259,4.576244344777814e-05,3.0134654090027117e-09,5.954967939654062e-09,0.0004663078886706,0.0815393780618165,0.1491607343782491,0.0001266126034505,0.5036897733060296,0.448818897637795,0.135959339263024,0.1364257650648806,0.6423611111111109,0.593607305936073,0.037683964939728,0.7194492254733216,0.9230769230769232,0.0286031174123531,0.0255096586614577,0.206507174945468,0.2168821822942016,0.5159645745922985,0.0256717151637865,0.1685792945114216,0.1785338164061594,0.375846437710043,0.3406433311437864,0.5327116430738107,0.4830197143150846,0.6815918391080511,0.3711011317032424,0.5389850456147811,0.4642910399749442,0.621905964706369,0.7909566695099999,0.2035623409669211,4.293667631700587e-06,0.2342342342342342,0.6515634971282704,0.2164241092241927,0.3293827899829633,0.5221285687658752,0.4107944131425995,0.148736009547441,0.1238444552174568,0.2399393753587142,0.2887981547293887,0.2053788068733863,0.5339283187714227,0.1843534632430608,0.542503825312917,0.9232940352686654,0.2667442434425135,0.330359262164422,1.6756480173257434e-06,0.1350090012942549,1.0495666743505936e-06,0.20952569975163,6.473721120822008e-07,0.2038293744039073
16,8,16,0.75,0.3171393199195272,0.0393909383730795,0.25,0.0129147202976543,4.57450253082892e-05,1.130827217402338e-08,2.895385059927877e-09,3.7127084539144e-05,0.0251339967199569,0.125473803257036,0.0001008142775834,0.6738753481091593,0.448818897637795,0.0851334180432019,0.2051359904993358,0.6736111111111109,0.4231354642313545,0.0575951580500481,0.9156626506024096,0.6575091575091575,0.0774892437211051,0.1383098866326405,0.2314225603210662,0.2249520030905477,0.3788321749954811,0.1307384304744636,0.171783294887406,0.1973909014041393,0.3044982524798031,0.3685038912461048,0.5012232537933807,0.4339919969447771,0.5566149462173642,0.3841466599372559,0.4850269053822491,0.4163152744026202,0.52410722194277,0.7426592630549238,0.1755725190839694,3.977089845133324e-06,0.2432432432432432,0.7051691129546904,0.376727347999402,0.3643178296260769,0.6495689105415638,0.3792188779905031,0.2703997008907286,0.1537775308971071,0.3371947560334301,0.3779248367157279,0.0268544704118609,0.497881096276405,0.0174059728453255,0.5217941182697136,0.9300544875673532,0.2104277353662301,0.2579185342116009,2.0543795789052944e-06,0.1659348355405427,9.1508590322144e-07,0.1995342455352811,6.181002443723107e-07,0.308152634766604
16,8,17,0.75,0.326159730755455,0.0415642824691943,0.25,0.2274460707139536,4.579634164466836e-05,8.438033845147531e-09,1.5481501524447562e-08,0.000412470715146,0.2494454226993489,0.2477980963088458,0.0001215583377675,0.7085082955183555,0.448818897637795,0.2960609911054636,0.0625622727228412,0.5798611111111112,0.4977168949771689,0.0422270851319312,0.7022375215146298,0.6538461538461539,0.0524851203632453,0.2864978295492713,0.3806084029045979,0.3948866354833147,0.5074002583610686,0.2870952147764142,0.301499014857517,0.3149643608915266,0.4627153149039699,0.4775083978811775,0.6259782200030951,0.560780544283112,0.6505035574854163,0.5106463226533626,0.6182090954644961,0.5202515363325215,0.6535239127165546,0.7286010553321938,0.2035623409669211,4.079079111402739e-06,0.2432432432432432,0.8391831525207403,0.3267127574961659,0.3144122448452773,0.6027699142257119,0.491175768005598,0.2363930331221044,0.1493354001477289,0.315121793896356,0.3710689742355146,0.0281230348686566,0.5059686817876191,0.0167801155073916,0.5260277590969449,0.8729542128066523,0.356947736289645,0.401312019386963,1.4725196119684672e-06,0.149704765060731,6.192615215039102e-07,0.2068563214200248,5.568586048829577e-07,0.2419045957041836
16,8,18,0.75,0.317015065176456,0.0338043046201701,0.25,0.0831110483934187,4.57721373090712e-05,1.6254045652339042e-08,1.4735851656336124e-08,0.0001880228841148,0.2072168175078102,0.2620128428477079,4.580205431547193e-05,0.7260606667040281,0.448818897637795,0.1740787801778907,0.1080167295487116,0.6111111111111112,0.1780821917808219,0.1263668303750613,0.6127366609294318,0.521978021978022,0.0605934952931433,0.1298087764088578,0.1222008742152513,0.1902297044834598,0.2693746325529685,0.1332862749762883,0.1015611170198662,0.1663774676109558,0.2285900948640767,0.4092924747665146,0.4801433184103593,0.4722216775465176,0.5355834997052784,0.443239598439724,0.4979493041282357,0.4658153644292366,0.5418076181460312,0.7081072299728413,0.1959287531806617,3.875100578863906e-06,0.2492492492492492,0.7587747287811104,0.3688933164875778,0.4667268736990415,0.874376707974049,0.3151089098599044,0.3124440885580046,0.1611253094601969,0.2531397055305662,0.2572501449730966,0.4252989732035948,0.5588624629169167,0.38226176624929,0.5112348583719967,0.9575092723358786,0.1346314520587631,0.1660617356630399,1.1171235927042544e-06,0.207330640459874,5.460875921580441e-07,0.176039704268704,5.966229818935345e-07,0.1955808095307735
16,8,19,0.75,0.3301237449193694,0.0406243547508815,0.5,0.1522097479268696,4.575991034982805e-05,2.8248310985896573e-08,1.3249382829302269e-08,8.22744751609661e-05,0.1769332189734083,0.3251615147502916,0.0002288586194733,0.7046719345779333,0.5196850393700786,0.1740787801778907,0.1194407885115966,0.6423611111111109,0.3044140030441399,0.0781886660019871,0.6282271944922546,0.5604395604395604,0.0563817472574983,0.1266933924389852,0.1805758813761575,0.2264129668276681,0.4028716998259977,0.1305036818292232,0.1536411077472532,0.1766480503425434,0.3539857638308301,0.4480914693051284,0.5734214163374897,0.5451717272672041,0.6512333663562883,0.4760794353732904,0.5772816939747941,0.5155681892403031,0.6461307946912874,0.8516374948702259,0.1908396946564886,3.496901038962091e-06,0.246246246246246,0.6515634971282704,0.4059254949076583,0.389872019783942,0.7706325137412611,0.4349017267723918,0.318729927771948,0.1023440221888811,0.1729152056550269,0.1864769685478799,0.177957081874637,0.6224359584332615,0.1506784616229823,0.6248143411941719,0.9711240163111744,0.1703512390033499,0.1976484670578276,1.275070757736455e-06,0.1492751069654944,6.23826318295398e-07,0.1144128589327216,3.754918411330448e-07,0.1153650698331771
16,9,0,0.75,0.3031686587493997,0.0334533157422236,0.25,0.0570302755878543,4.672153294911458e-05,2.3592365587614212e-08,5.3672533823899765e-09,2.5961020611193448e-05,0.1506861352054512,0.1370037628336554,0.0001022416938662,0.530429640230123,0.448818897637795,0.1969504447268106,0.0956734934278934,0.5798611111111112,0.445966514459665,0.047809854371999,0.6901893287435455,0.5567765567765568,0.0656270532033709,0.0999915230289334,0.0961758579031339,0.3077488391164934,0.4612256955382525,0.0988809920053273,0.0860231426317875,0.2780394789627429,0.4236786347220401,0.2964198152256636,0.3220029483869027,0.456870854888547,0.5900911415960735,0.3315453924332192,0.3632546932258675,0.4601679234433592,0.601215995331702,0.6878799818890156,0.1552162849872773,3.496901038962091e-06,0.2252252252252253,0.7319719208679003,0.5526396414371657,0.3463092394121769,0.5923222466718978,0.4655590537618045,0.2239076323907523,0.2857383238505303,0.2309472171532238,0.2649080395352086,0.1104361615310149,0.4913040055911584,0.1144120449578739,0.510242905186077,0.91578555541106,0.2037550268716005,0.2136316995411789,2.472264240000115e-06,0.3092731745728071,1.1042826958048731e-06,0.3386987668240777,6.703921437017563e-07,0.4130583876517024
16,9,1,0.75,0.2989985796911442,0.0358041383890641,0.25,0.0496005569272044,4.67130039389125e-05,1.714629867806763e-08,8.426581272501628e-09,8.97695719921388e-05,0.0742924471291895,0.0927043723468069,2.4796008669069803e-05,0.6247720558482202,0.448818897637795,0.1118170266836085,0.1626576595414927,0.5798611111111112,0.4140030441400303,0.0519097534318667,0.593803786574871,0.7179487179487178,0.0328912695633284,0.041075789686798,0.2030405128056901,0.2851680707283197,0.5298871664697367,0.0411016029709392,0.1499260820401806,0.2140459355341891,0.3791553944940196,0.3476403233436724,0.5277342952799102,0.5236718343508616,0.6891419469326729,0.3768006761625053,0.5213822124311462,0.4837537152818202,0.6216612151153242,0.6456679711943001,0.1552162849872773,2.087561329256051e-06,0.2192192192192192,0.7587747287811104,-0.0197879669622134,0.1910043572144326,0.7185529476406032,0.4210143839488418,0.3131015777305515,0.1435684554236684,0.2084987635750677,0.2535419068306899,0.1204832571324359,0.5165902023386316,0.0900538239121793,0.5320009469069193,0.9411339425605828,0.2112795663884754,0.2327527589731007,7.876788154745114e-07,0.1507491604869635,1.02872554270972e-06,0.2210186479038601,5.019778031276038e-07,0.2263722281145214
16,9,2,0.75,0.2852871250705798,0.0218920411256509,0.0,0.0800272064817119,4.670411521383251e-05,1.5701128922384668e-10,9.348659703842116e-09,0.0145746201474337,0.2144501418627529,0.1036903362890588,5.828261706884553e-05,0.5777059426638855,0.448818897637795,0.2350698856416771,0.0799419179797917,0.5798611111111112,0.5357686453576863,0.0387749208642502,0.6454388984509466,0.6758241758241758,0.0430858108825301,0.1099733226468927,0.2312478602268476,0.4095676451499368,0.6097798011695591,0.1097365698099228,0.1235399291112964,0.4165985517870038,0.5173043359159771,0.3762624126830287,0.5322962121759619,0.5932274089729336,0.7353888799948153,0.4058813803294665,0.4847055063636779,0.6098937231385517,0.7030430564727859,0.5322964038159226,0.1857506361323155,9.76900735337833e-07,0.2372372372372371,0.6247606892150608,0.1711555454915845,0.2321283151661282,0.6808932955435218,0.4394219278245968,0.2520658394909425,0.1307053151681801,0.1021281974388785,0.0767414320212762,0.0433428730251745,0.4964921828939371,0.0299440847292282,0.5204419088083877,0.945659971031248,0.2259646093441062,0.2602006043457933,1.6599669221998634e-06,0.1264862919421335,8.073035324191384e-07,0.1186717771380963,4.530593121742559e-07,0.2213789110560933
16,9,3,0.75,0.2977649106322646,0.0235638788252429,0.0,0.2131780868206972,4.671955112663539e-05,2.0079819790178333e-08,1.9624811761956053e-08,0.0002035864390025,0.2916143265592679,0.316801388548979,1.1703761996258334e-05,0.7518862016882792,0.448818897637795,0.110546378653113,0.1642987810430086,0.6423611111111112,0.3348554033485539,0.0708922895498999,0.5318416523235799,0.6410256410256409,0.0333564798831449,0.0761726751740875,0.1970162239087488,0.2575615401933041,0.4082857012906388,0.0792594966817672,0.103728432812002,0.2071241534519488,0.3692643181793852,0.3963053734956644,0.5525577258006591,0.532939100587805,0.6334776417685839,0.4308499439278422,0.522290635366361,0.5091888185691267,0.6376145455284261,0.8025549607623104,0.1526717557251909,4.079079111402739e-06,0.246246246246246,0.7319719208679003,0.4224582829748149,0.4012385041712791,0.7717649730966212,0.4069255535190861,0.2887400069896307,0.1167336947422327,0.1631417215672137,0.1830160064741584,0.3523349442349731,0.4518803671145056,0.3196534778848041,0.5078302314367487,0.9477822315801748,0.2287172828114574,0.2597065770791866,7.03133223103043e-07,0.1125854204626609,5.485600310899381e-07,0.1186181468680747,4.1968292735635405e-07,0.1412468984187078
16,9,4,0.75,0.2587081220333428,0.0134698126784812,0.0,0.125644000167896,4.673446515676265e-05,2.3320193251131384e-08,1.6113466452373126e-08,0.0001353558917388,0.1501903251318479,0.1626879628376447,0.000685600959747,0.5033395948963275,0.448818897637795,0.1855146124523506,0.1015084777759165,0.6111111111111112,0.6316590563165906,0.0334170166268958,0.5869191049913941,0.6593406593406591,0.0380381691470609,0.0719624077733255,0.1816359295847857,0.4253136473408417,0.5518164286514486,0.0743225088323771,0.1551528375823101,0.3686897262575769,0.5524530730841147,0.3733431789624927,0.5197941751220563,0.6160455500346645,0.7050897202031139,0.4093127715692726,0.5374753854458786,0.5893485902605606,0.7309606645967982,0.6623723353591506,0.193384223918575,3.321707374381705e-06,0.2672672672672671,0.6515634971282704,0.396800657388038,0.297866663964113,0.788263285145756,0.401631528289258,0.3136020152265651,0.1109287086534974,0.1442260167205666,0.1752789206575278,0.1718671908266016,0.4345517229743576,0.147166182264998,0.4678411538903605,0.9444940606285156,0.2352139698067414,0.2477109896022506,1.8121793032837929e-06,0.1190734280983407,9.520588146125826e-07,0.1051558327511384,5.956148373243728e-07,0.1980593463411424
16,9,5,0.75,0.2752170582241302,0.0198769461528269,0.0,0.1168434933691975,4.672100664802079e-05,2.650059977308094e-08,1.6384467125905617e-08,0.0001177087737067,0.2509573823345427,0.193658694403406,2.853376480869545e-05,0.6219254880264562,0.590551181102362,0.1702668360864039,0.1336524174174949,0.6423611111111109,0.4946727549467275,0.0465056359865648,0.6179001721170395,0.6923076923076923,0.0381220148570628,0.4378190807731694,0.4219113014566351,0.6702884759694928,0.613690066332711,0.4356788970570824,0.2937243423258767,0.5437955400532889,0.5439706451110473,0.5952314019940518,0.6862640919562856,0.7669951035281479,0.7428392661577901,0.6189359785880745,0.6359330151017756,0.6963923899593688,0.724827190635338,0.8007279379051782,0.1755725190839694,4.756910865063223e-06,0.2642642642642642,0.6515634971282704,0.509079098612895,0.2955625824647754,0.685160638115903,0.5211795469768787,0.3352428222367296,0.1827875642103785,0.6842259590355602,0.6362833607294136,0.2811096405961513,0.4551626168910393,0.3979493696517659,0.3606788717783402,0.9148343858903554,0.2028289563658123,0.249513380458167,1.7611272997793398e-06,0.2097540856557017,9.888497831154794e-07,0.2252187462846879,5.759908639689334e-07,0.2933810207274308
16,9,6,0.75,0.2613675323134,0.0190250012518056,0.0,0.09418726483178,4.671417295685309e-05,6.104760217309377e-09,5.454884143969494e-09,0.0001947799176869,0.1765192683067296,0.1291420796186892,5.688624373175168e-05,0.3990476645219557,0.448818897637795,0.1855146124523506,0.1015084777759165,0.6111111111111112,0.4231354642313545,0.0529845140819363,0.5834767641996556,0.6245421245421245,0.0416092023112129,0.0445244547636965,0.1114145300782291,0.3531859249983323,0.3783480210591459,0.045665086256288,0.0866561599802817,0.2390710134987527,0.2741947179887753,0.2761859471150828,0.3716689178155835,0.516238327547825,0.5394573431250336,0.3212642838391498,0.405192131219849,0.4532983245782495,0.5034963618036752,0.5249436798263676,0.1501272264631042,2.5027988822849317e-06,0.2102102102102103,0.94639438417358,0.3984666617596204,0.3262730393585764,0.6963335878919272,0.4590962299588629,0.1506286820423685,0.2499208201767101,0.4512103694885232,0.4649204312177324,0.3673150320175291,0.4789585621054156,0.4365185980245998,0.5261780821020788,0.9076416105304452,0.2096777473789823,0.2106734091617086,6.530665417338397e-07,0.2049236679766244,7.898743559833541e-07,0.2294246134562816,4.489330198629405e-07,0.3218104420570577
16,9,7,0.75,0.2619831159375019,0.013212913666316,0.0,0.1176361004717636,4.66992087310297e-05,1.1354110315251845e-08,9.082119635766893e-09,0.0001654030042782,0.1921565835633007,0.1556379528934012,0.0051277598781496,0.558332152017931,0.448818897637795,0.2223634053367216,0.0846451724952035,0.5486111111111109,0.410958904109589,0.0499621580782337,0.5318416523235799,0.5879120879120878,0.0394257043479789,0.2155913449594793,0.2704249996456943,0.3876902912957957,0.600363356171647,0.2110158423641167,0.2279397060506268,0.3567719119154231,0.4977623470391396,0.4357513749395747,0.5473508013043926,0.5675036652946465,0.7251574286567978,0.4605370956513778,0.5569519795149829,0.5586157320394916,0.6835281930543111,0.6693717122006491,0.1475826972010178,2.996878273430096e-06,0.2402402402402402,0.4907466496490109,0.1752517692363451,0.3431445437726106,0.5719652354045297,0.3606276530870131,0.0980888124966885,0.2891944021852672,0.3535180387687178,0.4347175773564453,0.2856555685868491,0.5937223200633436,0.2355421240137286,0.5762712126684024,0.9226063829958642,0.1511069812533292,0.1873260914444411,2.004552901595053e-06,0.3747461166293254,9.033666883475668e-07,0.3466646800135696,4.808755389920872e-07,0.3967279768839703
16,9,8,0.75,0.3211357023626138,0.0412367812345085,0.25,0.0717534035404747,4.670702186623909e-05,6.3466866120007346e-09,1.0764034101579949e-08,0.0003834943139665,0.1701357411074384,0.1880222954046653,0.000103176100326,0.4906008081496355,0.448818897637795,0.0851334180432019,0.2051359904993357,0.6423611111111109,0.3683409436834093,0.0641578179510194,0.5800344234079172,0.5934065934065934,0.0450929766061764,0.0628179412888816,0.2278958748347258,0.2150931977659588,0.3737766569770144,0.0618439740857361,0.0686487867027241,0.156533143957205,0.2824205629720002,0.3081291197074429,0.4944223786964563,0.4222380987013736,0.5496730345566732,0.337903544981025,0.3929449497813767,0.3908954220706359,0.5137589036682828,0.6109902425032723,0.1526717557251909,1.4888592095510174e-06,0.2312312312312311,0.5979578813018509,0.6175594955177988,0.5475089355062597,0.7625424616211545,0.3507184683277966,0.1885206029145042,0.2046647361711103,0.3858926402887126,0.420011824406699,0.2202719606741303,0.5763246186088933,0.2472649745407467,0.6139310838097678,0.9290415163899326,0.1678842252322709,0.187309998314813,2.2539634242910314e-06,0.2535935986934242,9.468207151366312e-07,0.288216477930076,6.030752378079074e-07,0.3222991082974322
16,9,9,0.75,0.3468034603153236,0.0586126217946825,0.25,0.1453747759145543,4.670645626207551e-05,1.0249615395159502e-08,1.86521459416176e-08,0.0004069347598735,0.285186420549653,0.4960108077815548,0.000356700646782,0.8714209839111559,0.5196850393700786,0.0482846251588309,0.346519013159819,0.6736111111111109,0.2070015220700152,0.1186076940008315,0.6385542168674696,0.3223443223443222,0.1217490345020467,0.0442192482932572,0.0713145782571458,0.1358260126443076,0.145605337222935,0.0475750574441996,0.0544064795148605,0.1116722273639362,0.1635643587568058,0.3991421729008738,0.5011314135631902,0.4894952754505862,0.5157514179001348,0.4375064722821119,0.5191005419507091,0.4836599314602136,0.5573954841860719,0.748027504976633,0.1755725190839694,3.076027077533259e-06,0.2402402402402402,0.7587747287811104,0.5504735848698279,0.585151383461433,0.8865106386131463,0.3081738489797809,0.2688006219055947,0.0596469549940972,0.0691926514052529,0.1015526112350593,0.1321194637064907,0.5692469079390664,0.1346954887238957,0.5905691009129929,0.9819279310388273,0.1749593513508277,0.1960994656557787,8.946082714934105e-07,0.0861308300516191,4.969837579690046e-07,0.0684986973825105,3.618540372741603e-07,0.0897464059010972
16,9,10,0.75,0.3951647286687124,0.1050329442006443,0.5,0.0207290414852682,4.67054337154962e-05,1.2970179216730863e-09,6.886322224013245e-09,0.0012945317712748,0.1329227997474548,0.1517645908535921,9.249217093892656e-05,0.7511108544888822,0.448818897637795,0.1461245235069884,0.1276062435912043,0.6736111111111109,0.4368340943683408,0.055636387736798,0.657487091222031,0.5384615384615384,0.0642173796776851,0.0707765611506525,0.147124834259314,0.2506682932938455,0.473433874221692,0.0727938742216065,0.1282684121171675,0.2189817820889016,0.4007056378985207,0.3837563723319131,0.5095404335252898,0.519466268086679,0.6639896304397881,0.4171371781366978,0.5272951600978026,0.5061980553216343,0.6478451995134701,0.6065939359748347,0.1704834605597965,1.8340882519232909e-06,0.2342342342342342,0.7051691129546904,0.4824782878864857,0.4301861628395533,0.816361360692313,0.3839530435572222,0.3422153606620203,0.1790696487090324,0.1276580341756741,0.1755101019622233,0.2295690292650431,0.3887165691684203,0.2024724505091044,0.422101246920204,0.95095326521145,0.1554056328974649,0.1717569073686597,1.2595126507979558e-06,0.173605795677345,7.460227771032654e-07,0.1856443094100905,4.5299086137671137e-07,0.2177576184676107
16,9,11,0.75,0.2516188518938471,0.0107231694177952,0.0,0.0905141563693489,4.6711311049714645e-05,2.720215853940922e-09,1.0947939405512385e-08,0.0009529674313603,0.2368088595886821,0.3375528853490738,2.3581562451537324e-05,0.6129222019746918,0.5196850393700786,0.1982210927573061,0.1052459419145389,0.7048611111111109,0.4109589041095889,0.0618078437056488,0.7280550774526677,0.5897435897435896,0.0651755730042962,0.3064923587683874,0.3256081944719233,0.3449028923875976,0.4302605220856094,0.3013074720502545,0.3053859527383734,0.3020373678099058,0.3807092483265414,0.4961871418831472,0.5848469941837502,0.529084024410837,0.5983651390623217,0.5223081600493427,0.6232516556274157,0.5122084404096878,0.5940613211607559,0.6579363647132275,0.1653944020356235,1.9820502229390077e-06,0.2222222222222221,0.7051691129546904,0.2367946873192576,0.2868595378445135,0.4383210219047777,0.5019166849669467,0.2683488680278436,0.1618590500212851,0.3281337815615348,0.3327223422894239,0.0438081000797751,0.5160830484452277,0.0603920805419475,0.5246789077666483,0.9082540081717104,0.2819050068422269,0.3192257365971044,1.2064027572094534e-06,0.2128917937922571,1.0667221818024824e-06,0.2423460106828421,5.491728667781536e-07,0.322913464967341
16,9,12,0.75,0.2905107111284528,0.0238009456455253,0.0,0.1283526423974937,4.672155496441319e-05,2.898921914090145e-08,9.784525305704494e-09,5.115969428695299e-05,0.2503007070327889,0.1673322428158886,3.2296599253384693e-06,0.5703743595951415,0.5196850393700786,0.1842439644218551,0.1130631295783871,0.5798611111111112,0.5281582952815829,0.0394276251465549,0.6815834767641996,0.8095238095238096,0.0338196362942646,0.3746481478906702,0.2728237644959141,0.3840754847074266,0.4587582220081389,0.3686011081362493,0.1677335982650911,0.2896302993704059,0.4158378928300978,0.5539057228972367,0.5711080932965381,0.581694186393431,0.6406772379802099,0.576569947104642,0.525694763528357,0.5254630287033176,0.6385928842281673,0.6086392525287847,0.1526717557251909,2.7033763943546937e-06,0.2312312312312311,0.5979578813018509,0.5686734345661595,0.3632897965744366,0.6978741002041517,0.437237020171549,0.3264305997524592,0.1701319174811651,0.411758285968653,0.4683089643074654,0.1603002401813306,0.4606070312077964,0.1700450091565915,0.4836337518898033,0.9214063851429838,0.2120928826420252,0.2640396855945717,9.915759383285977e-07,0.2384004152881282,7.38896171051271e-07,0.2494845889566395,3.998858983552206e-07,0.2607410077175776
16,9,13,0.75,0.4167778406109267,0.1468792096648332,0.25,0.0201152158030503,4.673239715342952e-05,8.968579980373159e-09,9.386942971688744e-09,0.000225870441576,0.0124013574866194,0.0502169485325984,3.295659604473716e-05,0.3672548989614183,0.448818897637795,0.1969504447268106,0.0956734934278934,0.7361111111111112,0.4353120243531202,0.0603380293068519,0.738382099827883,0.7747252747252746,0.0426936023786005,0.0866435612655494,0.2857875757104528,0.6084011508517198,0.8509121943884659,0.0853231147733993,0.123035333530749,0.5683039028267248,0.8079384097414434,0.3848920148624333,0.5938632086164306,0.7291711917726702,0.8846549958121313,0.4086498131816691,0.5058993104799642,0.7119511649991194,0.8840847568215421,0.5788983764284805,0.2391857506361324,3.7781540094972456e-06,0.2582582582582582,0.5711550733886408,0.3465439371494665,0.2483729352619894,0.6570744963417945,0.403472774472473,0.5076211787114192,0.1315878694009035,0.3781436927849635,0.3901182709053876,0.5372986252848932,0.7325500927618559,0.6770109870895655,0.7224152415215449,0.8685954405183636,0.341982007549522,0.3092327136774041,2.989735833592936e-06,0.2210216843989119,1.2637525527218532e-06,0.169167353534798,1.0798413769074672e-06,0.1552247971411359
16,9,14,0.75,0.2991457810759632,0.0277788386294083,0.0,0.0716227149488789,4.6721634436587496e-05,1.2857952960528422e-08,1.044738807314724e-08,0.0001673911786427,0.0887278132854541,0.1230997226484355,0.0002439968954818,0.4888998436541439,0.448818897637795,0.1435832274459974,0.1297109021246952,0.6111111111111112,0.461187214611872,0.0481718163581482,0.5714285714285714,0.7252747252747251,0.0297775439790378,0.3092563850365379,0.4979030974533876,0.622326039042965,0.593737486961175,0.2988203951700066,0.3606630453170277,0.4639162350650837,0.4956606651682567,0.4793210703309516,0.7195765479743368,0.7350484685496205,0.7055395725927751,0.5033655274988635,0.662808298555541,0.6288300176850286,0.6625407444359,0.8138854230732995,0.193384223918575,2.3767570162207632e-06,0.2372372372372371,0.7855775366943203,0.1999327394378722,0.254523040177828,-0.1671707857042657,0.5080951022702023,0.2618487848671743,0.3456526140348679,0.6987806078578889,0.700840115650446,0.1661905177860019,0.5932912130327199,0.1909910394689394,0.6136207812352279,0.9022828067233692,0.1589672494454025,0.1911068295949171,2.1911372490109746e-06,0.5842429857936584,1.2955382404903983e-06,0.5134229216717179,7.608126945290996e-07,0.5193950184687487
16,9,15,0.75,0.2823606012020238,0.0182240974079854,0.0,0.1798563609969677,4.6716637947276085e-05,5.5952298770472305e-09,1.1545256757895229e-08,0.000472202195856,0.2572571013967186,0.1982001151372382,3.810294103900028e-05,0.4442316457660591,0.448818897637795,0.0851334180432019,0.2051359904993358,0.7152777777777779,0.308980213089802,0.0842067427548852,0.5301204819277108,0.672161172161172,0.0300225192708697,0.1614590340857569,0.1436962506087604,0.1911324473050623,0.3434729578136212,0.1579912207002427,0.1278812375643673,0.1683785891528253,0.2861307102578959,0.4044994418368142,0.4566063399518266,0.4365881757776844,0.5521736754815165,0.4289112424295646,0.4757745464959715,0.4260911255189111,0.5392951072103646,0.5307210104681901,0.1984732824427481,3.681207440130584e-06,0.2342342342342342,0.7587747287811104,0.577310453705274,0.5052284030002401,0.724200514190851,0.3528474721876344,0.3248395373511378,0.2101001327516212,0.2971239575687778,0.3552203587391327,0.5255626733306774,0.8533666558665362,0.50707153323801,0.8732820593876156,0.9301825638795628,0.1817983005776645,0.2205870274018502,1.374882678792503e-06,0.2234749548444924,6.804585499739504e-07,0.3015159445075559,5.55050713387409e-07,0.2896245823834745
16,9,16,0.75,0.3061281710759258,0.0284963847877499,0.25,0.119811014037721,4.672739858277953e-05,3.634540193553616e-08,1.2471314717228777e-08,5.181136918804977e-05,0.3644701176519155,0.2329642087069756,7.240055591663702e-05,0.6912069612817872,0.448818897637795,0.0851334180432019,0.2051359904993358,0.5277777777777779,0.3515981735159817,0.0573349128127369,0.557659208261618,0.5183150183150184,0.0530095031329993,0.1283866825341554,0.1695244386093076,0.2216561188732526,0.3389655134940082,0.1250330261962908,0.1316772221615595,0.1821406304031202,0.2857950847819244,0.3764247208517327,0.4693428411433987,0.4509331651988396,0.5432885426193554,0.4002819708819682,0.4716190156034656,0.4289001690419389,0.5324704493595445,0.7195939326706529,0.1603053435114504,2.5674172925276577e-06,0.2432432432432432,0.7587747287811104,0.5351976760307418,0.4117991351359791,0.6311747121933093,0.4152562284527659,0.3211638233129842,0.2307030824435936,0.2379170413539424,0.2987746535701427,0.2547014758613014,0.3206679723643146,0.2448235381058524,0.3507557071988853,0.9394069626434975,0.1430275382361877,0.1769321833350988,2.4013281746341817e-06,0.2222248973903356,9.36849670733814e-07,0.2393305177804251,5.315554922168201e-07,0.3078001187940862
16,9,17,0.75,0.2748750330649441,0.0232449947142187,0.0,0.0399743825869461,4.671371205403703e-05,7.389293098505207e-10,6.221120804108954e-09,0.0020832325562687,0.1435400667788846,0.1201126959839394,8.489221149027905e-05,0.5531801710355209,0.9448818897637794,0.1181702668360863,0.2662762130385188,0.7361111111111112,0.4353120243531202,0.0603380293068519,0.6454388984509466,0.6758241758241758,0.0430858108825301,0.4917893746538579,0.6377228294166103,0.6558944645759607,0.7456958049486093,0.5064774701425772,0.5071493213389264,0.6214379685831237,0.7393060957124131,0.6297947449267969,0.8393278753745814,0.7596797223294757,0.8252956677141862,0.6646010783335196,0.8006463006286126,0.74915585161415,0.8471046045070054,0.5704451641750428,0.1755725190839694,3.4093042066718982e-06,0.2522522522522521,0.6783663050414808,0.2555737871449004,0.1526101649653934,0.6849719281242219,0.516028741905016,0.3068268769517879,0.0747611630775588,0.3801835140489598,0.414876570869469,0.2247130993874703,0.5598903228839284,0.267292282680504,0.5690436606716965,0.5580859050607441,0.6931241777697544,0.665220625248252,1.6246293821316155e-06,0.1160277949832282,1.1011942957528542e-06,0.133208505965193,5.147550545298608e-07,0.1409591535031618
16,9,18,0.75,0.376563961679393,0.0970059810253579,0.25,0.0493047276920863,4.6724492636802766e-05,1.88265798742741e-08,7.95542175456345e-09,7.301567063081003e-05,0.1611866642075162,0.1707175484217782,0.0001558564742964,0.6436174231707589,0.5196850393700786,0.2337992376111816,0.0891704713581613,0.6111111111111112,0.5357686453576863,0.0406204212126723,0.6678141135972461,0.7069597069597069,0.0421839659366646,0.100990998530714,0.1863360383118585,0.4902924324246311,0.4776466305190353,0.1053706242796976,0.1475586310532217,0.4800271455121367,0.4600391011873447,0.3923442767003405,0.5247126794749908,0.6567009151540832,0.6611187580664664,0.4303026497197197,0.5352981086206585,0.6575945190102582,0.6785458676624836,0.9277334607242236,0.178117048346056,2.7033763943546937e-06,0.246246246246246,0.7855775366943203,0.4171761164567251,0.3885884101911374,0.8090133936498543,0.3244250593833973,0.4661977313615441,0.169020592538107,0.1234778097492468,0.1449053522455627,0.4436306330094304,0.6134950973310183,0.4150241981783288,0.6030273831296337,0.917482268763825,0.261505546903501,0.2778404935776283,1.241015577570414e-06,0.1938069523226225,6.478975008029145e-07,0.16513654807578,6.868213544203266e-07,0.2073401709340102
16,9,19,0.75,0.3045185170950095,0.0291252521317184,0.25,0.1861038048126046,4.671618358688989e-05,1.5429112618768283e-08,1.6460172342313385e-08,0.0002261422501713,0.3056612550069393,0.3155648520143091,6.668189695775179e-05,0.7995164130650514,0.448818897637795,0.110546378653113,0.1642987810430086,0.7048611111111109,0.4079147640791476,0.0623012992896635,0.4148020654044748,0.6575091575091574,0.0176887930893342,0.1064720781414275,0.2017546607538083,0.3348839763696965,0.3910830785159475,0.1099229422592044,0.1820426233890235,0.2305272606996773,0.3123887526975019,0.4203869919787009,0.5640726228199383,0.5827480105768779,0.6302538297185192,0.4518145527656948,0.5790132966263212,0.5269522522849519,0.6123836953803234,0.7178760156031498,0.1552162849872773,2.5674172925276577e-06,0.2342342342342342,0.91959157626037,0.4033085518689168,0.4354074160867967,0.7414473798388306,0.3814688917171551,0.349184628615906,0.1453697828113664,0.2671891511327673,0.2911746230771657,0.408260578293012,0.7588143098575657,0.396048353473099,0.7915196923330015,0.9527545518648124,0.1643948861857493,0.1858336004483154,1.0168014225847704e-06,0.2323956282253345,4.761938280888965e-07,0.1757945387143986,4.32157038326567e-07,0.1446060204477079
17,8,0,0.75,0.3684066495784537,0.0609825523382694,0.25,0.5587885596111436,4.5903338242073135e-05,8.719206465807311e-09,3.240452994945503e-09,6.69282563501994e-05,0.6596408870298068,0.7931550820840229,4.654491388600941e-06,0.9437482519816304,0.6850393700787397,0.0724269377382464,0.3117791847346715,0.3298611111111112,0.1293759512937594,0.1087678876042456,0.3907056798623063,0.3388278388278387,0.0597281869551643,0.2299823763217432,0.2578222852762921,0.3095594536296777,0.3810320578227102,0.2204899966028577,0.194135786293922,0.2542346158936072,0.3588475413512512,0.4002796357473601,0.4680302507134122,0.4454098190322529,0.5083487536354495,0.4234514841509395,0.4615689867240544,0.4192136146519802,0.5272222679007359,0.7540785507878733,0.0407124681933842,1.9470943786758506e-07,0.099099099099099,0.3299298021697512,0.7772396808409368,0.571982506008089,0.6280298224140268,0.2975136699418225,0.5868046267906972,0.513072425436605,0.4506444749762721,0.5399790381007072,0.2177240945568351,0.4038028515564439,0.1985560224300228,0.4793282490505778,0.8961690824791679,0.1290506451811374,0.1630594302168305,1.397839916543737e-07,0.5972857822054768,8.234073738131836e-08,0.682571769042677,3.901242297441661e-08,0.6425505385073249
17,8,1,0.75,0.4148169167905466,0.0917005131247127,0.25,0.4802559962473861,4.590287542605983e-05,3.90715017471776e-09,6.0800507475531345e-09,0.0003599458393312,0.7109834568434517,0.8143629784531295,1.0868499861840936e-05,0.9781886365370548,0.448818897637795,0.0965692503176619,0.1846314126986326,0.6805555555555556,0.0867579908675798,0.2532576762699015,0.4406196213425127,0.315018315018315,0.0782117378614925,0.1113411461433603,0.1651756318047967,0.1797638341492398,0.170078521431776,0.1099466938288163,0.1246522539136935,0.1493559681294187,0.1846789952066649,0.3636556460860698,0.4648032880621645,0.4199639033068559,0.4241152388591993,0.3918532957891639,0.4681405549304185,0.4073248603992691,0.4633835702793321,0.7579762427610612,0.0941475826972009,2.0725162429490198e-07,0.078078078078078,0.7587747287811104,0.6887482876819924,0.5952592676974984,0.6601989205516459,0.383453215008364,0.5634547083017392,0.1785616793723777,0.2409812656693235,0.290568906888577,0.1415907877090792,0.5415914863351045,0.1433218581058952,0.5676163678950791,0.9430594191195074,0.1666335601987364,0.201887363270235,3.9219667663354726e-08,0.1916824460861072,3.7531383604215415e-08,0.2558624123425954,2.8283269897374182e-08,0.3181865196211805
17,8,2,0.75,0.4235359147855707,0.0986066178254768,0.25,0.5959474008985366,4.5905444281159525e-05,1.687893025539686e-09,3.5915970495808223e-09,0.0005271078983795,0.8583594041965208,0.8677262583245529,1.5127324482546483e-05,0.9754122970951344,0.9212598425196852,0.099110546378653,0.3030763205003306,0.6006944444444444,0.2648401826484018,0.0852046072350304,0.4199655765920825,0.291208791208791,0.0814645624731811,0.1075421716533617,0.1829662160545455,0.2887473803387162,0.3227133724302019,0.1033758967137322,0.1586205045330347,0.2491634762104665,0.2970456280789509,0.2927191492347701,0.3951762670775002,0.4298363471789886,0.4594075017209953,0.318101542824449,0.4241147292972647,0.418033884701859,0.4732499661478989,0.7115429967996341,0.0712468193384224,1.504428689602016e-07,0.084084084084084,0.6247606892150608,0.7387680959790908,0.59042171992159,0.7529632699634168,0.275525499479798,0.7099127868954351,0.4917753781866646,0.4514839331844853,0.5282478061201972,0.423402268361891,0.4055112474018418,0.4735054402836124,0.4197849879171348,0.899166566646148,0.1323115760451778,0.1564599453595328,6.428208309818265e-08,0.4639337501485773,3.506314918388659e-08,0.4480026028236257,2.7250469791919233e-08,0.5357157561065123
17,8,3,0.75,0.4971063242159169,0.1839127876042864,0.5,0.5518693591505259,4.590555100448672e-05,6.307664881000362e-10,5.6350504723051395e-09,0.0022265589942195,0.7533210668988102,0.8538716972730234,3.3390038486064125e-05,0.9711044263867342,0.448818897637795,0.1359593392630241,0.1364257650648806,0.7951388888888891,0.2602739726027395,0.1091143858984079,0.3270223752151462,0.3663003663003663,0.0398827747671048,0.2443993431669311,0.2500648467268072,0.2811531733069545,0.3307448550509228,0.2358584847237915,0.1773440428066184,0.2123306500504498,0.3090884847775821,0.4463832539281012,0.5147525358715879,0.4743903892129339,0.5184465832437617,0.467861319875916,0.4934303166752326,0.4316054443740864,0.5305520977171424,0.7411387557424955,0.0636132315521629,2.642924720282939e-07,0.105105105105105,0.7855775366943203,0.837452774120405,0.5369404306596657,0.714983859511066,0.401067493146961,0.6294250977666374,0.2829484771190456,0.3337727059456541,0.3923588019573896,0.1842282357916985,0.4670710185150174,0.1923204770056898,0.4783191753413807,0.9228024966092544,0.1613077268788824,0.1962721157071553,1.0027415492647053e-07,0.3033714744740553,6.777252693942674e-08,0.314263190130754,4.0098867201994086e-08,0.4140790002079719
17,8,4,0.75,0.5339420681819271,0.2230997061955724,0.5,0.5234924557854189,4.590409342842101e-05,2.5618396344412437e-09,3.2349831546953395e-09,0.0003036517879539,0.816638499251189,0.7859868262285837,3.675914009407689e-05,0.9767945642940424,0.448818897637795,0.0711562897077509,0.236880114650054,0.8888888888888891,0.278538812785388,0.1122660337489397,0.504302925989673,0.4377289377289378,0.0591757705129346,0.0669007195775805,0.1303649052894211,0.195704542429645,0.321224423647123,0.0663880230554687,0.0979557584117301,0.1750898868460249,0.2998028643361029,0.2820925876068141,0.3738712277780936,0.3742004535671075,0.4825046490845628,0.3173586711359777,0.3927808327583523,0.3808225166591182,0.5056073405087003,0.8335263019088637,0.0508905852417303,1.8278737988087965e-07,0.084084084084084,0.517549457562221,0.5573381346899606,0.4601507561215578,0.7027373428808943,0.3539405748147473,0.6805299609841655,0.3532892095842491,0.3116313266955492,0.3691068057102575,0.2621183947739669,0.4991241645985643,0.2394837658862625,0.5177116300046484,0.923467060290147,0.1171690197645029,0.1378190766825901,1.713243375378066e-07,0.3947039407727066,7.308902970118782e-08,0.3708917229435887,3.290600418968304e-08,0.5048575441333618
17,8,5,0.75,0.5017850242375662,0.2044790287517382,0.5,0.458711353488322,4.590323824548704e-05,7.091152874809161e-09,3.205000611346085e-09,8.84128078739512e-05,0.8214460646054259,0.7845504123955384,8.608338888933664e-05,0.9679880581553532,0.5433070866141728,0.1130876747141041,0.1830488205148203,0.2569444444444443,0.263318112633181,0.0464687776408895,0.3838209982788294,0.3663003663003663,0.051610404993623,0.1862361238984055,0.2166289671033266,0.2651477665369995,0.3702107040313597,0.1838756853913556,0.1775241416977964,0.229505671069857,0.3347748456440803,0.4159946921064795,0.5054999138924634,0.4806180341777108,0.5639677504334929,0.4435010965410376,0.5146428157172744,0.4661492204110856,0.5691874900073675,0.7302917913777818,0.0585241730279898,1.4070950100029565e-07,0.111111111111111,0.5979578813018509,0.6313182507192314,0.5013641048651687,0.7020334447441501,0.4085735760389689,0.5986493541408736,0.3789420524068859,0.4117709394329993,0.45558971298163,0.5990655327887999,0.3668576073355599,0.700571950496066,0.3409231457353877,0.9174132904896672,0.1232065994574353,0.1469496210245643,1.3695834322867084e-07,0.3917073056190592,5.922140768279626e-08,0.4004915779103509,3.5815891186057864e-08,0.397585399714049
17,8,6,0.75,0.5512917643740856,0.2402874940413945,0.75,0.5820026281445128,4.591092434746316e-05,6.685696250199793e-09,5.430318008066943e-09,0.0001742271176336,0.838201504016567,0.8475670778201438,4.5998160416137794e-05,0.9802505118206908,0.6062992125984249,0.1080050825921219,0.2057559006756163,0.8645833333333335,0.3500761035007609,0.0872372164929619,0.2960413080895008,0.238095238095238,0.0671031712142404,0.2003940089825606,0.2009483760641323,0.2682951546141225,0.3496227232122604,0.193090645593081,0.1725250353942622,0.2190009342649297,0.3309309194900549,0.3948807808981621,0.4434468555404066,0.438159954930009,0.5083569299101554,0.4181679405781282,0.464967011002314,0.4133481179890349,0.5264934462357523,0.6792396419369231,0.0687022900763358,2.566112318613504e-07,0.087087087087087,0.5711550733886408,0.6780928250122931,0.6205985922862158,0.6591288437235368,0.2729517431182879,0.7182453031903436,0.4436622491954631,0.3365870317379238,0.4262258491366282,0.3625174760803547,0.525504627296073,0.3566609070075167,0.5243828351517337,0.9105633987026652,0.1164796679618235,0.1444400643083314,9.781580842373024e-08,0.4617009811056488,5.975082768592348e-08,0.5238915522080059,2.9074955163837602e-08,0.5338411318797129
17,8,7,0.75,0.3649868836862532,0.0616234503443603,0.25,0.5582767912427761,4.590129777807301e-05,1.7426079900477916e-08,5.458065458940823e-09,4.762719772441191e-05,0.6778180178211772,0.7750061819806997,2.437520752395234e-05,0.9008942936956,0.5196850393700786,0.1473951715374841,0.1397784342208313,0.6805555555555556,0.2617960426179603,0.0953520138610481,0.3889845094664371,0.3205128205128204,0.0643691975575333,0.1586256433865053,0.1571853345985534,0.3070200787307068,0.3406187618008658,0.1539662972959639,0.1243490557251917,0.2404024082483651,0.3082529195269082,0.4265339612844078,0.5039335846130201,0.5437879382440582,0.5782584884422644,0.4462154072372514,0.5016384544538747,0.5008570845892562,0.577888763035519,0.7840618056634656,0.0687022900763358,3.4405765132217e-07,0.12012012012012,0.6783663050414808,0.9314173050888308,0.6708548495263491,0.8689422044170652,0.343421504181819,0.5008430265909861,0.2416757030470702,0.2184184285144592,0.2660755531166923,0.3738638617617512,0.3977070479597918,0.3295892422612781,0.4562975353683596,0.9348903810291148,0.1548454454778119,0.1793416402988597,1.5534202523788889e-07,0.2967289707139807,7.18249598931259e-08,0.2592908921695662,5.236482214744669e-08,0.3003516668894304
17,8,8,0.75,0.5761596472921158,0.2558420910416323,0.75,0.5336016376418939,4.590848349464576e-05,2.8381432930258312e-08,9.74290471226051e-09,5.2590145017860455e-05,0.8386023277823357,0.8797319108172754,0.0003159858961004,0.9968672401874508,0.448818897637795,0.1867852604828462,0.1008289012855845,0.4930555555555556,0.1750380517503805,0.1090845054484967,0.2839931153184164,0.1208791208791208,0.140413781059502,0.1275482843082712,0.252364587823175,0.2702513695654316,0.277122267885393,0.1240447880010458,0.1991807124754118,0.2301072790044083,0.2625851177202026,0.3373237364782814,0.4944141656184266,0.4426390702829667,0.4519283137291556,0.3644230896285476,0.4978872583250748,0.428018910427002,0.473859681655514,0.6596930356194854,0.0814249363867683,2.566112318613504e-07,0.099099099099099,0.6247606892150608,0.867616612461406,0.6418735105533662,0.8201081677662563,0.3429550644845725,0.7290496515420927,0.3774385542377756,0.324745530455282,0.3987562290881108,0.4056628826280362,0.2680319388707141,0.4732687763574886,0.2866885656056966,0.9103336609604455,0.1506594087338343,0.1774705061312242,1.1450949823557735e-07,0.446334257267295,4.991108205302419e-08,0.4587034198653142,2.6204077143801725e-08,0.4134112977194929
17,8,9,0.75,0.395301550380894,0.0706742655871964,0.25,0.6034430606329388,4.590487899024638e-05,1.4959485627984203e-08,4.687110137908369e-09,4.85633476324154e-05,0.7906903583055354,0.8801371414929474,0.0001980064452756,0.972530507480748,0.3779527559055117,0.0482846251588309,0.2839873219945538,0.4687499999999999,0.0730593607305935,0.2192238438210765,0.1652323580034422,0.0897435897435896,0.1057930113997213,0.2080576807551438,0.188655074732646,0.266108846416764,0.2989866522623857,0.201103069768336,0.1567217367287503,0.2332336598843405,0.2640049585832019,0.4112275267277034,0.4489175743344071,0.4512748383970297,0.4824293633325112,0.4344293476965246,0.4629652055731243,0.4392653347976986,0.4848669636737119,0.775875540859257,0.0458015267175572,2.416285382189055e-07,0.0960960960960959,0.7319719208679003,0.7222748523412861,0.4842419483167202,0.6260948711252632,0.4019563766181622,0.632805282456975,0.501237023526002,0.4360214518073457,0.4968666463508091,0.6253648353562016,0.379521857788628,0.6849605397310038,0.3497232476507084,0.9073554352244252,0.0984220931643802,0.1166229410469541,1.230880533123901e-07,0.6606047569304626,6.674966845220565e-08,0.559921262728508,3.4690466390103695e-08,0.478643067589786
17,8,10,0.75,0.3466830852517555,0.0448483152226056,0.25,0.6480115792000747,4.590028723056855e-05,1.5801323777497427e-09,3.1514869781961396e-09,0.0004995183346431,0.8019637560869592,0.8631832130732019,2.043061478115144e-05,0.9818426259381908,0.448818897637795,0.0355781448538754,0.3847328244274808,0.8333333333333333,0.2191780821917808,0.1338137857737549,0.2771084337349397,0.2307692307692305,0.0640932235301822,0.1219195644698987,0.1410600150402219,0.1739783088485219,0.243923517107177,0.1192265399254799,0.1184971928440488,0.1549410847891355,0.2318449763090403,0.3433592151352105,0.4060490826593929,0.3773257730730769,0.4390156411925598,0.3713626904084629,0.4276014756277834,0.3765825080887418,0.4621869509997132,0.7069188956317789,0.0152671755725191,2.3432708474340418e-07,0.087087087087087,0.4371410338225909,0.72192880162623,0.5791093050416398,0.6151869167594306,0.3495638843011504,0.5989367705526081,0.3354531404557455,0.364090889585793,0.4426946951339952,0.206645193851419,0.4918372756182849,0.2514263073717904,0.5650241334571792,0.9230416273848344,0.1175198293952518,0.1409998441941611,6.034307361844046e-08,0.3718112443067838,7.833189582575695e-08,0.3884179925698577,3.852109495341703e-08,0.4334922776100933
17,8,11,0.75,0.3657999899778673,0.0669716642485468,0.25,0.4804349550226325,4.589955566933508e-05,3.964291055567312e-11,2.018129375403884e-09,0.0141961105567913,0.7151193496988165,0.8486737546917963,3.392688268381602e-05,0.9489701552111888,0.448818897637795,0.0724269377382464,0.2336145707780902,0.965277777777778,0.3074581430745813,0.1094133256031753,0.3941480206540448,0.3864468864468864,0.0493555093049727,0.0843187603311276,0.1737407433649795,0.2666020510464276,0.3263425349916671,0.0796587871398688,0.1422027487837456,0.2179762918030894,0.3029741834081667,0.2879101315961799,0.4046870527737199,0.4255798176454347,0.4782954052719512,0.3059834301873327,0.4153259361149738,0.3970095228622849,0.4877086239490499,0.6615583043652093,0.0279898218829516,2.0725162429490198e-07,0.0660660660660659,0.8659859604339502,0.907282640111712,0.5328417872484819,0.6557317165331633,0.4505579427621226,0.4183103813473349,0.3758788097101374,0.2772089768940233,0.335898249900104,0.3022693979021624,0.5468988586096809,0.3082063879868383,0.5866535050058479,0.9152667020041428,0.1463858267203539,0.1792722668389857,1.472806148767145e-07,0.4339199173990133,7.209567979620046e-08,0.4770726882036237,3.2397736783287324e-08,0.5096574425098026
17,8,12,0.75,0.521589843155243,0.2296754900313645,0.5,0.4805441026345977,4.5903247498738224e-05,2.656211064392873e-09,6.203623956446437e-09,0.0005553688177602,0.6791519903712535,0.7879835192624594,5.74331471217065e-05,0.9803244478952496,0.5196850393700786,0.1245235069885641,0.1630214578885281,0.6111111111111112,0.3424657534246574,0.0664490221727836,0.3425129087779689,0.2637362637362637,0.0709677954011794,0.1671122010687011,0.2009575965807041,0.1787182254553847,0.204711795293443,0.156266402162412,0.1564637030416552,0.1512799276885896,0.1771240651779437,0.3842549465704408,0.4671857111954239,0.3896699480440139,0.4173101519243131,0.3963399905877861,0.4599018208545863,0.3669966882910911,0.4111814953482688,0.6681018380486612,0.0508905852417303,2.3432708474340418e-07,0.093093093093093,0.7051691129546904,0.6947267674469031,0.657796823352446,0.8793468978132735,0.3356723731792756,0.6152452292133856,0.2206032503885867,0.2318790036623037,0.2586453447889183,0.2043146968514734,0.5047928642812621,0.2034455891919767,0.5099783151507198,0.9394105019494056,0.1599159843132172,0.1986213601150077,6.06374470438492e-08,0.241352067515688,3.9522686454662896e-08,0.2599730703089001,4.328353398646088e-08,0.2570270133338934
17,8,13,0.75,0.4478040680726151,0.1349169561532017,0.25,0.4973331816877396,4.590092316503333e-05,4.634479216208402e-09,3.607154495588526e-09,0.0001725963090311,0.683263463831514,0.8270284556542434,1.7189027484784963e-05,0.981580114988783,0.448818897637795,0.0851334180432019,0.2051359904993358,0.7534722222222223,0.2176560121765601,0.1238945106655809,0.4733218588640276,0.291208791208791,0.0950333563562166,0.1805998484215166,0.199711637642591,0.1923521577108309,0.2677097440520178,0.1794141473585055,0.1598613165599624,0.1657529348347703,0.2587953382997642,0.3985485979115864,0.471953192337735,0.4066859894230309,0.4714872721001104,0.4298402612799728,0.4841420244459352,0.4024618706410158,0.4996974402913807,0.6766813154299256,0.0254452926208651,1.9470943786758506e-07,0.075075075075075,0.6247606892150608,0.8379145563433301,0.7628802428292181,0.8886894062878143,0.2313371468379378,0.581517727635467,0.2374507835252036,0.3301529815211459,0.3984864053282302,0.1219900302033538,0.5540432171790829,0.1799891413564552,0.6111851063581952,0.92922897071564,0.1686536803783508,0.2000295165598306,9.188575641761205e-08,0.308554303990884,3.5617885320743486e-08,0.326447873494655,2.661843435097217e-08,0.3915536127166752
17,8,14,0.75,0.6189540831619743,0.3329005280970274,0.5,0.4891674817670062,4.590783284867074e-05,2.0405341747107557e-08,9.386266008016384e-09,8.145050081590642e-05,0.7477099478177962,0.8119175584145605,6.381466794384022e-05,0.969996964010668,0.6771653543307083,0.073697585768742,0.3050116856908116,0.3437499999999999,0.2222222222222221,0.0670725928733889,0.5576592082616179,0.368131868131868,0.0869328523632953,0.2852835878492552,0.2895829913339966,0.2677809121018316,0.3998594575515674,0.2711914263421537,0.2557616021525714,0.2124406711220928,0.3351137286807921,0.4845108689324442,0.5617321741910246,0.4798388526447015,0.5826859017645747,0.4998571762392898,0.5767063507043636,0.4422147839983551,0.5597520863998466,0.5846740008946636,0.0763358778625955,6.183722641881204e-07,0.114114114114114,0.6515634971282704,0.5979719786530486,0.4295484104041103,0.4980861106162408,0.3973475600183913,0.7417917548162611,0.3795325095671116,0.6792008910702514,0.7146616355314515,0.4763175764995696,0.3369646154096614,0.5891613416653512,0.3908800430669158,0.918024051282648,0.0941700679017987,0.1160958039687252,9.693387429675028e-08,0.6792343295709639,6.75001982672078e-08,0.5358143538534612,5.3457680445938076e-08,0.4306707720110538
17,8,15,0.75,0.3977607344697721,0.0864714694053928,0.25,0.3252715053691896,4.589980135094309e-05,3.427003548812477e-09,2.800245857335716e-09,0.0001890558465364,0.4008963679722379,0.7602846614609702,1.755508182390982e-05,0.9693277719152796,0.448818897637795,0.0724269377382464,0.2336145707780901,0.7048611111111109,0.2496194824961947,0.1028239797080915,0.4664371772805506,0.2967032967032965,0.0911013241503262,0.0602605201077402,0.1049169003043562,0.1872806004353171,0.2545509762064917,0.0606898317383705,0.0941849439356998,0.1599156232250129,0.2643758685617761,0.3184985346635209,0.4045344457261935,0.4148173627996071,0.4731768497231691,0.3539928756565076,0.4373042906355717,0.4116670789848538,0.5165741350720663,0.689674288667927,0.0356234096692111,1.504428689602016e-07,0.063063063063063,0.5443522654754309,0.7749541976154011,0.8022755100424765,0.9270497814522254,0.2137680988892845,0.5275331187201218,0.2304275463992796,0.1767536077026563,0.2273227215603159,0.2717409102814428,0.489388661144379,0.2602045489714464,0.4785586022712664,0.915317736957343,0.2300665273125156,0.274202508255581,7.903882155562555e-08,0.2107846339200376,3.3915017412123846e-08,0.3325234620682246,2.611899531067349e-08,0.3309208291256303
17,8,16,0.75,0.4109942559217806,0.0969499157685278,0.5,0.4980056776205405,4.590372732133868e-05,3.262727028442457e-09,2.74693902456357e-09,0.0001963194673753,0.7145284137837532,0.791677804881032,2.806903237701076e-05,0.9188172991071404,0.448818897637795,0.1728081321473951,0.1087865227691497,0.7222222222222221,0.2617960426179603,0.1001316343096666,0.3597246127366608,0.282051282051282,0.0691605267596635,0.3117466769908112,0.2855088306958296,0.2850968647340002,0.3472994230265824,0.2942218292157744,0.235455028780638,0.2490712125611939,0.3005978380841488,0.4963905690637237,0.5435157717794412,0.4755752490422446,0.5290946785103201,0.5100131110762918,0.5444827989269524,0.4548235404698182,0.5168000889154994,0.8275921370861101,0.0254452926208651,2.7237325357408324e-07,0.0960960960960959,0.6247606892150608,0.6766762785664855,0.4794192541949105,0.6400142236894415,0.4232652892017972,0.4923910045043072,0.2396840249781685,0.4519339386551921,0.4826159778494623,0.070886560729681,0.4922881317401943,0.0800833376360941,0.540508086019054,0.9205467323256856,0.1824558075054067,0.2246630611575547,7.369826456138778e-08,0.2593490449207596,5.2017039310758526e-08,0.2993741541704544,3.5563448921855e-08,0.3842622733959245
17,8,17,0.75,0.5538945454974169,0.2484996683602127,0.75,0.6503424819600869,4.5907062581974216e-05,1.2951817410340792e-08,6.938199818871557e-09,0.0001020247951221,0.8381990418571069,0.8860609306913242,0.0002132505170783,0.9867402166820396,0.448818897637795,0.1232528589580686,0.1491608499514391,0.75,0.1750380517503805,0.1510964180236045,0.2633390705679861,0.2765567765567764,0.0453838471487745,0.317836925597688,0.2738347177760309,0.2552260023283821,0.2781654050170052,0.3123326011377833,0.1993747927325731,0.2179112189799623,0.267134842571389,0.4944372739358719,0.5180758832974031,0.434479598471581,0.4574385109053135,0.5227107878949201,0.503804639674811,0.4237656985083999,0.4845838382706799,0.6784953422133433,0.0458015267175572,2.974562454326772e-07,0.093093093093093,0.5979578813018509,0.7031386069960237,0.5709380301585067,0.6839047047821758,0.356197599539082,0.7152827833296002,0.2862385119108434,0.4076575034312819,0.4548044010337131,0.1525338757859321,0.4772052692747902,0.1226101061493657,0.5152473309901864,0.9118473514466318,0.179371093797598,0.2140428623577682,4.9208246756027217e-08,0.3735065531964245,2.2101536678256464e-08,0.4173969482709607,2.62018512313997e-08,0.3922091915205741
17,8,18,0.75,0.4176985524151464,0.0900369702603555,0.5,0.5476022776956936,4.591055464570309e-05,1.0610235625537308e-08,5.7339473333299805e-09,0.0001047786441067,0.7181911333961918,0.7830974259824958,2.6996177669202278e-05,0.895488771552374,0.448818897637795,0.1956797966963151,0.0962918443703621,0.6458333333333333,0.3942161339421613,0.0599576063182812,0.5387263339070568,0.553113553113553,0.0449669690073511,0.0274155418084206,0.1887148876491305,0.3889698221884458,0.4650157337182442,0.028422423276829,0.1719276540956944,0.2879773551169559,0.4715027801782497,0.2912759274518854,0.4704679544831017,0.5619661738119182,0.6237564533850569,0.3360521200692842,0.5113043531108986,0.5106859604181959,0.6667934366925823,0.7154463826070794,0.0865139949109414,2.7237325357408324e-07,0.129129129129129,0.5443522654754309,0.6933796283372926,0.5176020962748007,0.8111610463207821,0.3952617106681672,0.4759863521490375,0.2005678495238675,0.1871634098742296,0.2252649042064787,0.2255625914030579,0.5865950913300627,0.2337503872516591,0.5778389464749547,0.94066952344497,0.1739696797383419,0.20432892427454,2.947440299887592e-07,0.2181478391242127,1.402383056406006e-07,0.2128786374880055,7.431842596655064e-08,0.2905157995734863
17,8,19,0.75,0.513887017392489,0.2011173083802705,0.25,0.5836826984685685,4.590561701290795e-05,1.6999927704211172e-09,8.478521287448943e-09,0.0012011438214121,0.72496144292531,0.9175109829975436,5.927118581478692e-05,0.9779794744623862,0.5196850393700786,0.099110546378653,0.1989642779932139,0.6840277777777779,0.2054794520547945,0.120918327786694,0.3889845094664371,0.3296703296703296,0.0617944536476273,0.1675427954813344,0.1518204688948553,0.2130375951089664,0.2863736761841791,0.1622106606445592,0.1199079542526391,0.1690993711789242,0.274142767702669,0.4048922544696083,0.4568820672952483,0.4463010164052799,0.5079964537729741,0.4265362637120979,0.4608489490828858,0.4189527683570091,0.523949402693811,0.6438934239731928,0.0661577608142493,2.3432708474340418e-07,0.093093093093093,0.5443522654754309,0.7251395674062513,0.4316660658714308,0.7078435256285691,0.4490361304709896,0.7186315735905944,0.3064892457781125,0.2439803722587761,0.314823129996141,0.2738171545442285,0.3545507598420472,0.2747858517632,0.3666803558496455,0.9280871210636092,0.1324560369185114,0.1527406708138883,4.5405211280727616e-08,0.3892208717817687,3.864978097812453e-08,0.3531690293682509,2.7264287011639692e-08,0.368977547736519
17,9,0,0.75,0.8169823625258527,0.6796084680235218,0.25,0.550462244620248,4.588489112395671e-05,9.302534170440288e-09,3.170298457034715e-08,0.0007825847929964,0.843015912954307,0.8052169205621001,0.0017484735168732,0.9978103722999904,0.448818897637795,0.1232528589580686,0.1491608499514391,0.7604166666666665,0.2070015220700152,0.1308779561740321,0.2013769363166953,0.1575091575091574,0.0704251870528332,0.1421361969940698,0.1535133444658053,0.2139812153062414,0.2449682188310329,0.1350644157243503,0.1161665961754536,0.1804772402383632,0.2273790665107504,0.306032113886949,0.3390037629222367,0.3375784752760571,0.3647975451835715,0.3277212599008969,0.3476262454104744,0.3265943518338324,0.3818185009144437,0.6813806083227929,0.1297709923664122,2.0725162429490198e-07,0.102102102102102,0.4907466496490109,0.7760965533127382,0.5891184350857079,0.7676405583840373,0.3038569230608259,0.8846591155982646,0.4463799952406795,0.3392231999143213,0.3910196572524151,0.3276626555623614,0.3805260725857212,0.3010850786981739,0.4052929841362978,0.9138267997734896,0.1124811713698245,0.1319771160580684,8.918013431425395e-08,0.4480592808437466,4.277562069866595e-08,0.5128929809552765,3.4124378551561455e-08,0.5224296874687656
17,9,1,0.75,0.4542043982780326,0.1378899016861646,0.25,0.7790123515753803,4.58727520447238e-05,2.5487342541069264e-09,8.060436183685933e-09,0.0007519704271372,0.9144382060105212,0.9025759641603096,0.0001556775814244,0.9800771638641194,0.448818897637795,0.1232528589580686,0.1491608499514391,0.6388888888888891,0.248097412480974,0.0954964529405393,0.1652323580034422,0.2271062271062269,0.030062198367434,0.0621083959652601,0.207057872095457,0.3012496129675154,0.3342178805043606,0.0589039405083502,0.1499247047574196,0.2307331919054359,0.3155579195672762,0.2033849226058443,0.3703771426722854,0.3999604471591843,0.4260137606011795,0.2266846273571254,0.3650584948153152,0.3571659511058764,0.4485530541871028,0.474445472864097,0.0483460559796437,2.642924720282939e-07,0.0810810810810809,0.6515634971282704,0.7176146909761578,0.4981530232974096,0.5138249342849752,0.390701279338782,0.7516082369321962,0.6346369848392475,0.3871905232311301,0.4875366311387843,0.301446603277605,0.6526714818704464,0.2707555962889913,0.6308058690870677,0.8874867752333865,0.1324375556757695,0.1539015756949166,8.495004888023978e-08,0.6921538608140008,1.252736997268826e-07,0.8336620924958605,5.194305937269235e-08,0.7432797586505632
17,9,2,0.75,0.7338406321173584,0.5343139842326632,0.5,0.5370715742677248,4.588424205578063e-05,2.6465528947836815e-08,2.200293228254962e-08,0.0001679942038869,0.9097365652542482,0.856641636228798,5.486378754413672e-05,0.996613040713106,0.448818897637795,0.135959339263024,0.1364257650648806,0.4444444444444443,0.2359208523592084,0.0758169176404974,0.0654044750430292,0.1208791208791208,0.023281324186709,0.0684898459053141,0.2325167942279791,0.2462761509520164,0.2721836759375521,0.0657970776728433,0.2012138787883454,0.2267099240028263,0.258156475806546,0.2409194143942708,0.4297319443330223,0.3741486157388635,0.3962233732638269,0.2676816401265256,0.4609780205105253,0.3823609857294034,0.4212198198915783,0.590641872298983,0.1297709923664122,2.4892999169440683e-07,0.117117117117117,0.6247606892150608,0.826534066948736,0.5780953479844104,0.7136243437652947,0.3646919252106014,0.8450732556650824,0.4885124079146083,0.4627220791515307,0.4889067690532642,0.1731689017054445,0.5830142807910738,0.1570858696642235,0.6021869996499347,0.902453776355831,0.1436084549730192,0.1698550725892883,7.103869316250338e-08,0.4799550299141339,5.24552025216825e-08,0.4782122065875298,5.4246451834883957e-08,0.5671210715058973
17,9,3,0.75,0.6316950752123814,0.3754064927218522,0.25,0.5051001330467628,4.588161929948247e-05,6.434729004706333e-09,1.374444821808738e-08,0.0004870841550263,0.821619059545203,0.7476441862892348,7.359290969808968e-05,0.9981524087447315,0.448818897637795,0.0864040660736975,0.2026482064749848,0.5104166666666665,0.1050228310502282,0.175134560876008,0.261617900172117,0.2783882783882782,0.0444400357107429,0.1045635989871991,0.1604196721297372,0.1909024614694598,0.1873886867002074,0.1078174494585116,0.128929595879329,0.1695664029731962,0.2064534405354516,0.3172335295751016,0.4072338087450726,0.3749811789600168,0.3769824278957797,0.3645148587586434,0.4407017533231498,0.391400799772251,0.4448120860940013,0.6081693483221713,0.083969465648855,1.270600534848707e-07,0.1081081081081081,0.3835354179961712,0.7571606264062991,0.7437403476811619,0.8462795424834741,0.2357304499044174,0.7884859331107315,0.2903939508381073,0.2206533187106563,0.2781994623942099,0.547796991601873,0.920722541149437,0.5215237813982206,0.897525601013508,0.9244810889668974,0.1589782707324261,0.1808438916642177,9.101721770353533e-08,0.2934801825054266,4.15058632491981e-08,0.2942501370460166,2.8634121289279724e-08,0.338890078678104
17,9,4,0.75,0.4957563154563846,0.1715755367119872,0.5,0.6477255520579808,4.58804009445378e-05,3.4731540241870094e-08,1.307447400556348e-08,5.9793572436541136e-05,0.8936621494004855,0.8677746263698647,4.267154167406996e-05,0.98145559507191,0.448818897637795,0.1728081321473951,0.1087865227691497,0.5243055555555556,0.1019786910197868,0.1829552316765696,0.4234079173838209,0.315018315018315,0.0741341885961321,0.1435911109001485,0.2221989708438064,0.2768748978604627,0.2943422808468128,0.1429536247486342,0.1684938314285796,0.249543652637992,0.2806380686183274,0.3769845154786506,0.4989463205654198,0.4786948764524938,0.4994079730271414,0.4084901830890632,0.4992882866319189,0.4745230933785955,0.5233130227988199,0.7615879678250432,0.0814249363867683,5.2455925840467e-07,0.159159159159159,0.517549457562221,0.7529025964602418,0.5372537093062233,0.7282256874608155,0.3699478233613254,0.7590248076671041,0.3117900099947038,0.2903008390804056,0.3578229863364011,0.2859669696464165,0.4305227799152668,0.2549804681433041,0.4637909167558896,0.9259663329711086,0.1336578118090229,0.1640278381317187,2.290194612493217e-07,0.3556749082221582,1.0025103537136899e-07,0.3235502490469148,1.803257474187648e-07,0.4356237843277802
17,9,5,0.75,0.4117402725344551,0.0879688196385776,0.25,0.7254896265106672,4.587053633604723e-05,3.0647408892363803e-09,5.929218091117846e-09,0.0004559938720954,0.8670352543023039,0.8732598213138141,4.858170567479822e-06,0.9773318490214716,0.448818897637795,0.0749682337992375,0.2273346787166213,0.8229166666666667,0.2374429223744291,0.1227164789342575,0.2478485370051634,0.2252747252747251,0.0569159415564472,0.0541223104283952,0.144626108420773,0.188406908523903,0.2204715203579867,0.0519763344567319,0.1151347795524619,0.1563953864179323,0.199648045076994,0.2754919252939441,0.39209670760368,0.3725294818362105,0.4036699904833816,0.2990932693484749,0.4039230436703211,0.3579008706148395,0.4150217588940077,0.8517470682390877,0.0636132315521629,3.341597879552815e-07,0.129129129129129,0.5979578813018509,0.5482887487130443,0.3575291355526584,0.571161282232389,0.4952146587931486,0.6862079279466486,0.3095326461289676,0.3515679269015517,0.4171652121282556,0.1793017049679805,0.497110259872042,0.1664627151931856,0.4904648049453969,0.9245724698312384,0.1421123874608142,0.171592972848966,1.193313433792527e-07,0.2693845471798459,7.07911097959832e-08,0.3122070287243111,7.062125407308944e-08,0.4636492651464439
17,9,6,0.75,0.5349892451911955,0.2174304922380536,0.25,0.6202270827208516,4.588891235587344e-05,1.5689413848791158e-08,1.6656841322242078e-08,0.000224820417504,0.8390312058231361,0.8307511603004052,0.0002081523439186,0.9898075789185202,0.6141732283464569,0.0978398983481575,0.2259066713462607,0.4722222222222221,0.1933028919330289,0.0962522848359591,0.018932874354561,0.053113553113553,0.0266958069301947,0.150310586936813,0.2494043730305093,0.3133381264029001,0.3775229839812234,0.1436607704641847,0.1879687298144875,0.2794857906602501,0.363958568207789,0.3054064011464982,0.4333871708217005,0.42517377619573,0.4822748719717441,0.3300309962032831,0.4306663351482664,0.4239973542185677,0.5124164982202519,0.5558501870792267,0.1145038167938932,3.247513086850697e-07,0.099099099099099,0.3567326100829611,0.8866077263917691,0.7018294736239232,0.6910877533598847,0.2770680896618893,0.7673994030355111,0.6812651405267683,0.4623364455860808,0.5885320978609911,0.4673000566161023,0.3682486605080887,0.4206069188341743,0.4038772992442831,0.8844831885589194,0.1146204094598275,0.1342885916888083,4.4531333131476627e-08,0.7970473368903019,7.357027989033414e-08,0.7939668139986572,6.416569911616325e-08,0.7434972461086646
17,9,7,0.75,0.647647229499869,0.3724799356351134,0.5,0.5647660830944006,4.58798475183887e-05,2.7809691037450936e-08,1.3467254243674669e-08,8.592196799711306e-05,0.9088355585924572,0.8544370518515406,3.531634125235015e-05,0.9969722059452072,0.448818897637795,0.1003811944091485,0.1786334749746173,0.4270833333333334,0.0852359208523591,0.1827075435936315,0.2547332185886402,0.1794871794871795,0.0799552416853018,0.0977288320306988,0.1674241029817931,0.1951387168525204,0.2238259555530136,0.0964872758875806,0.1409713193109428,0.1738817690874831,0.2296311496953406,0.2726994860345124,0.3653554807511446,0.3304491105343911,0.3564003825916295,0.309559762676619,0.4011199823472131,0.3425610718765105,0.4080688171378976,0.5119409884672255,0.1323155216284987,2.3432708474340418e-07,0.099099099099099,0.463943841735801,0.8024790334628675,0.6308153690911977,0.7420324476554141,0.3195138811502178,0.8501908417851839,0.3839868785856818,0.3505338823954527,0.4473304508597193,0.247068335499953,0.4757957592768649,0.2507817475421453,0.4919533692800025,0.9048963175064212,0.1668635066186672,0.1921580206294668,1.0090459437362455e-07,0.4409235099513486,5.203523166323968e-08,0.45422218932337,6.24208582816282e-08,0.5981327812193377
17,9,8,0.75,0.6094274422135406,0.2936499955254684,0.5,0.6416270614837727,4.591335102282544e-05,1.5386503765827748e-08,1.9213436961823075e-08,0.0002690739326056,0.8714865379638931,0.7961199007927181,5.513752848551419e-05,0.995392753993184,0.448818897637795,0.1601016518424396,0.1170684360373116,0.5520833333333335,0.4383561643835614,0.0467527189683231,0.2702237521514629,0.3717948717948717,0.0272626675385686,0.1583918302204653,0.2005483743892513,0.252293101583941,0.3383344320451927,0.1550803431130021,0.1667081751146182,0.2103551599325747,0.2854790132624997,0.3245232580864028,0.3941488270466485,0.3786294331060306,0.4570893538681487,0.3578985549925308,0.4237324490204258,0.3706077186137149,0.452686995485132,0.7265859782593318,0.1374045801526717,4.694931786635584e-07,0.129129129129129,0.6247606892150608,0.7311249755353901,0.4206110962629479,0.646717947850366,0.5049803541187079,0.905317100380459,0.2568659653984725,0.359481662975047,0.4052648597336019,0.0308878791947644,0.4949279370605044,0.017553485532432,0.5180421756756524,0.9130668185947716,0.2117542545493802,0.2519192974125864,1.3975140142429724e-07,0.3003375033414578,7.34196257351364e-08,0.3330983631865018,4.6196424592826854e-08,0.4437950285975748
17,9,9,0.75,0.8198744351439085,0.6866358739566127,0.25,0.4758559976233569,4.591522946872581e-05,7.649287767532774e-09,2.235415954690471e-08,0.0006702451912964,0.9032371817432892,0.8187874364283717,0.0056938581289895,0.9970794423797508,0.448818897637795,0.1613722998729352,0.1161891918204862,0.5243055555555556,0.2176560121765601,0.0929007373243853,0.1858864027538726,0.1062271062271061,0.1010460137475107,0.2555190409626762,0.2587238664543951,0.3007941692914831,0.3087291373901304,0.2497230715301515,0.2146918923441194,0.2465061285709793,0.3168653359524897,0.4177771223967098,0.4592620237480145,0.4277998601075621,0.4321289531773984,0.4489860288786677,0.4829837524591192,0.4085138793743215,0.484525611451902,0.7089070945071345,0.1577608142493639,2.974562454326772e-07,0.1081081081081081,0.517549457562221,0.7037469491476305,0.3435331855301191,0.5641242060026692,0.503048528310517,0.8779728534446534,0.3876845756309074,0.370018368488574,0.4578411178333872,0.2209220988585237,0.3658482666695668,0.2210373180569762,0.379294144339972,0.8926742457351665,0.1932260520607129,0.2138833485165035,9.396790826346677e-08,0.5142401803832234,4.0518335967437784e-08,0.4925941312097037,4.177207859206917e-08,0.5637452167220685
17,9,10,0.75,0.5311797702820341,0.2089638533595696,0.5,0.6292310776827222,4.58731471896873e-05,4.479462396876098e-09,9.620439780203818e-09,0.0004963546193462,0.8932598936277181,0.9050444118430132,2.2646680080888248e-05,0.9910259946851354,0.448818897637795,0.124523506988564,0.1477893792713482,0.65625,0.2952815829528157,0.0820734204316116,0.2426850258175558,0.3131868131868132,0.0316845275669093,0.089000531905125,0.1433251128440808,0.1981143472960078,0.2575238502858192,0.0900221994580929,0.1085862109310897,0.1804036480641212,0.258494190177826,0.3268168247111914,0.4200881881185407,0.4077869475641098,0.4605986854399548,0.3649594617120042,0.4381407426631531,0.4161505506783819,0.501616256253834,0.7254618264734507,0.0788804071246819,3.153428294148579e-07,0.111111111111111,0.6515634971282704,0.6916249381264272,0.5346731290330231,0.7466788581957773,0.3877136388974537,0.8067083470047978,0.2958376090724653,0.2941907093421148,0.3774915717923446,0.3493724498488416,0.5102938853944134,0.3531936770662165,0.5530506773382314,0.926934393287236,0.134919372820828,0.159702810553616,1.541227282153576e-07,0.3123326071829477,6.885209571004719e-08,0.3187242564066753,3.9044192866108166e-08,0.3666175306031283
17,9,11,0.75,0.4084368506788868,0.0892560130399112,0.25,0.6036608644379559,4.586068666935074e-05,8.355078475572708e-09,5.2344593393696455e-09,0.0001275353205012,0.8149723541608986,0.77993804404185,1.4808473017922977e-05,0.9845993898673888,0.448818897637795,0.1588310038119439,0.1179598919793707,0.854166666666667,0.2511415525114154,0.1199947671160629,0.316695352839931,0.2454212454212454,0.0704643942573078,0.1097576342965449,0.2185373717444493,0.2965756567653241,0.3160931113252652,0.1045237059741572,0.1703729035260975,0.2551168133202259,0.2909371645251473,0.304862558269152,0.4428893486955121,0.4469527468043779,0.4644015358028051,0.3259373403136283,0.4447711635614569,0.4298723330191056,0.4745630700970782,0.7939438565218766,0.0636132315521629,2.642924720282939e-07,0.087087087087087,0.7051691129546904,0.7667654043230705,0.5317537763762896,0.636435943490858,0.3824651839151869,0.6753751537987391,0.3513656906156977,0.4033332739495494,0.5064692636840533,0.3343138165785427,0.3667847037113407,0.3295733121900824,0.3784505425450244,0.900806408718836,0.1783578589673451,0.2144699221368415,8.499653281582713e-08,0.4024209764330008,4.4509823998713975e-08,0.4825030717363578,6.050583558775593e-08,0.4817290579811839
17,9,12,0.75,0.6325083440308192,0.3448748004276606,0.75,0.5725152634059817,4.5876720824585865e-05,6.7527650014174365e-09,2.359791708927004e-08,0.0008068952792128,0.7973443431053568,0.8350410953621649,0.0002046581643161,0.9984268532709396,0.448818897637795,0.121982210927573,0.1505561722955316,0.5555555555555558,0.1628614916286148,0.1274500734081856,0.2788296041308089,0.2619047619047619,0.0538376172839594,0.1913389839245402,0.1653630043087753,0.2268887901693765,0.2409914436579121,0.1827961935323183,0.1270710444565531,0.1916584947259135,0.2307776295639773,0.3764294404786408,0.391489005453641,0.3863999981674963,0.4005322155689452,0.3977160243296445,0.397636767003799,0.3717165982547284,0.4221638549163025,0.7247581006111425,0.1145038167938932,4.197377908920046e-07,0.099099099099099,0.5711550733886408,0.8675692925224423,0.6703265998282832,0.7446837828747861,0.3282494463142427,0.763478496514512,0.358507333772585,0.4252009250257194,0.4650394322847546,0.1655574817995819,0.4595274909736991,0.1366998138530585,0.4779069029889657,0.9161947587060448,0.1520056202098094,0.1835553417107251,1.1256692156431446e-07,0.440795720266278,6.91077953411483e-08,0.4697243353775957,5.1634485209684015e-08,0.4899919167283459
17,9,13,0.75,0.6013782953596308,0.3369469211976074,0.5,0.4741295315587957,4.58739154455955e-05,3.751207966294463e-08,2.695583126049988e-08,0.0001403128021416,0.5918765443097618,0.6495783781631285,0.000350178896439,0.9811955251825746,0.6850393700787397,0.1334180432020329,0.1867158024041413,0.2361111111111112,0.0989345509893454,0.1123557032744864,0.2581755593803785,0.2967032967032967,0.0390219588110843,0.1778291341906586,0.2836803580095518,0.3685401914149702,0.4500105520543054,0.168024019315476,0.2220352760464432,0.2980509923677203,0.3837883384029893,0.3613302232236253,0.5042642919612493,0.5080190709784054,0.5780527700151767,0.3788308575764184,0.4990889361046344,0.4664874745213374,0.554782076089712,0.6124627602181252,0.1348600508905852,9.016476092769984e-07,0.1411411411411411,0.6783663050414808,0.5789623661056158,0.5492677804400108,0.4243295057459986,0.3143546681199822,0.754932090965925,0.553580634420151,0.550037951693958,0.6346855241686717,0.239531737599716,0.5054238332981447,0.2369708545897196,0.5362113305057686,0.8934852099930858,0.1226555358757493,0.1529305381204717,3.102775323913591e-07,0.8642466028041144,2.0781013484073247e-07,0.8072880070595415,1.8577285332596737e-07,0.7518551344319216
17,9,14,0.75,0.3607382411430426,0.0582346990836295,0.25,0.7469331459556564,4.586740469829556e-05,3.896480325095455e-08,9.008674567438714e-09,2.522436758692281e-05,0.8046975363777054,0.8703661700044416,6.577046278480271e-06,0.9695087163481636,0.5196850393700786,0.1601016518424396,0.1293591477491051,0.3333333333333334,0.2496194824961947,0.058342603064915,0.1652323580034422,0.1904761904761904,0.0411528310956597,0.1775777762049933,0.2405576156411755,0.2891061337822353,0.3280443417530101,0.1668939998686249,0.1905297787762357,0.2511779663477963,0.2823164957309176,0.4123783059236751,0.5279025443998581,0.5008805940071048,0.5375817264697643,0.4249317343098862,0.5183745830418905,0.4746943185821743,0.523286017011229,0.8224292639305792,0.0737913486005088,6.529513647223767e-07,0.132132132132132,0.7855775366943203,0.8023965246075409,0.4893370429821786,0.5757783153307461,0.4246887696100108,0.6803462464388191,0.2889012881191083,0.2272750528742388,0.2992243159174963,0.3178981882981768,0.3421591193839772,0.2824177390755785,0.3914288560496407,0.9263078683048016,0.1535694317149722,0.1835155087920602,1.404807297204345e-07,0.3582128773428426,7.165656002607413e-08,0.3155684512122395,5.5597303124942097e-08,0.322379267848885
17,9,15,0.75,0.5719875620209889,0.2524184912874315,1.0,0.4988563008871939,4.587177069721717e-05,1.6991473103461903e-08,1.2320466699842737e-08,0.0001449448664916,0.8071737811827974,0.7952570563949779,0.0151848972791811,0.9933003302569696,0.5196850393700786,0.1321473951715374,0.1545179126442488,0.6736111111111114,0.2891933028919329,0.0856365014818388,0.3889845094664371,0.282051282051282,0.0768177849731019,0.3334636661196832,0.3426516938568288,0.3423399116778217,0.3509420525164571,0.3250260873105787,0.219970205003169,0.2645618610222383,0.3266661423473292,0.5078644763022183,0.5828443154443359,0.5079085158445399,0.5181680690513388,0.5329992424071696,0.5248898168745958,0.4635112803359851,0.5331304792106646,0.5542763556553187,0.0814249363867683,5.542586550278745e-07,0.117117117117117,0.463943841735801,0.7735169939947544,0.5375032088698335,0.7155102186846309,0.4150914997637002,0.7584070828516017,0.2647541308434804,0.3620023438551796,0.4148703324457616,0.20025773759735,0.4884504407677362,0.2114344165629055,0.5077976001392028,0.8942797539011412,0.2394545727426649,0.3024374282556473,2.23730971262065e-07,0.2891227152135812,1.0216901822757699e-07,0.4369126833753798,4.822407326867547e-08,0.4435569105841891
17,9,16,0.75,0.4032965876972957,0.0840952829953802,0.25,0.700558236125185,4.5868973202716936e-05,9.286518353688442e-09,1.0011878213805188e-08,0.0002329259113747,0.8565286629905068,0.8460674193306421,1.817997140214549e-05,0.9885404757406054,0.52755905511811,0.0864040660736975,0.2254087837190468,0.6944444444444444,0.1050228310502282,0.2209528353091184,0.0981067125645438,0.1208791208791208,0.0408050775771269,0.0507043590948678,0.118162860692971,0.2007562988764278,0.1924675805358538,0.048344249180586,0.091957443028242,0.1582946542323827,0.1857565789567041,0.2973563841598606,0.3978994050763114,0.409464602562601,0.410884351588078,0.3169964738148281,0.4031280932047241,0.381277341786185,0.4275332486653091,0.6526421404681293,0.0661577608142493,1.8874840887423238e-07,0.087087087087087,0.6783663050414808,0.6435785023898442,0.6092169810205972,0.7392689674562791,0.346543860673779,0.6920030479878747,0.3007936349698833,0.2438833044435766,0.3098585614119251,0.1802452994994777,0.4750564537807561,0.1738211336899944,0.4999378445087177,0.9264063318377248,0.143218179698837,0.1661302072069336,3.7958037824151196e-08,0.3020889345625078,3.0127926713714924e-08,0.3278990334601497,5.4138361839032963e-08,0.3881001579501875
17,9,17,0.75,0.538940575693135,0.205053365211385,0.5,0.521166310757286,4.587289598797007e-05,1.174254940318663e-08,9.960269441668692e-09,0.0001765235797677,0.7963091740597089,0.8425649612003481,3.119705625267477e-05,0.9972446944644272,0.448818897637795,0.050825921219822,0.3041835273332411,0.8194444444444446,0.1613394216133942,0.1747956785443518,0.3442340791738381,0.1227106227106226,0.1702204377551541,0.0868096287895963,0.1252737113160335,0.1702892972345926,0.186400227628091,0.0859781694682413,0.0954567432470879,0.1460387734993355,0.1881838113932575,0.2983264742719116,0.3686163031917494,0.3522720548548413,0.3702963615874021,0.3327409068965907,0.3891355261082597,0.3545716241054329,0.4116052081649948,0.6040526300779283,0.1017811704834606,2.0725162429490198e-07,0.0960960960960959,0.4907466496490109,0.6552992545747274,0.7159000230529928,0.7853133816596656,0.2034766560228416,0.7651733668119558,0.3144991163601743,0.2973009996935245,0.3679047497456533,0.2936322969660763,0.623751663446367,0.2401350807350776,0.6342587248720455,0.9271341047861708,0.1256429959405489,0.1550986627822384,9.76027434780144e-08,0.3746914633107179,4.710212341658781e-08,0.4012159567432253,2.305341323566788e-08,0.3746530172162793
17,9,18,0.75,0.4642607992214754,0.1363256869399259,0.75,0.5684844782065952,4.587047573285135e-05,1.4300503598524425e-08,6.347010828422425e-09,7.965124103720796e-05,0.8106136849216106,0.8545734332081336,9.346679176938031e-05,0.9873527125026608,0.448818897637795,0.1092757306226174,0.1659711620016963,0.6354166666666665,0.1445966514459664,0.1571621493555724,0.2461273666092943,0.1391941391941391,0.1033450574822352,0.1255127815273717,0.1667180304045788,0.2303837501371022,0.2546692237680239,0.1181085688313481,0.1225827646581104,0.1837558430124158,0.2421714318991455,0.2852149003270695,0.3466484279205187,0.3474111464136986,0.367530061984689,0.3032927492300604,0.3459205610565061,0.3209738315335652,0.3871204466927858,0.6462072462484474,0.0763358778625955,2.642924720282939e-07,0.105105105105105,0.410338225909381,0.6422853341015928,0.6282108439016536,0.6852840423231221,0.2867464527156474,0.7169715889753875,0.4391812901508078,0.3353875396702257,0.4043645872771457,0.3774562109885251,0.4965328546563639,0.4548466714504992,0.4840089988322438,0.9042116562016204,0.1531678588944644,0.1821363457781661,2.3369803012309438e-07,0.5605848402281866,9.30726052455661e-08,0.5209229923904516,6.837455067998255e-08,0.5847192183806091
17,9,19,0.75,0.5080056025708589,0.1723784125056895,0.5,0.630707161826488,4.588440443012848e-05,2.209567870273956e-08,1.5842683139905583e-08,0.0001417275947166,0.8950381957383418,0.8365452779994154,5.335198910339312e-05,0.9858554130627932,0.6929133858267719,0.099110546378653,0.2438753551531466,0.2395833333333334,0.2343987823439878,0.0503623398791342,0.2771084337349396,0.2948717948717949,0.0442108996856438,0.1422300945621833,0.229280029449772,0.2770440308929477,0.4172727069287765,0.1355159216554453,0.1701020045551675,0.2356151148805235,0.3705026391087364,0.3314861285562836,0.4516062365447037,0.4278632869731898,0.5506302761376846,0.3524933235927881,0.4429210383903871,0.4099719631120077,0.5455123660907197,0.6146851930335466,0.099236641221374,3.74780920456764e-07,0.12012012012012,0.5979578813018509,0.654276661722502,0.4493166793843191,0.3601512635108141,0.4402774873909208,0.8276286856292154,0.6717849160902454,0.4559965210483094,0.5453099150095673,0.5261264149946087,0.4207448933254665,0.492251844758195,0.468002230820667,0.8911718881594538,0.1009226387873073,0.1267796200234861,1.777223504780328e-07,0.8502262911095751,9.293275462739264e-08,0.6777443499910125,5.280821804366319e-08,0.6194305314903125
18,8,0,0.75,0.3915516680149074,0.0739474412515116,0.5,0.5620975892501132,4.597037072802567e-05,2.62511835556158e-08,2.295277134210929e-08,0.0001781622177166,0.7562402354831758,0.9004915406990543,1.1677086328596547e-05,0.983570576468516,0.448818897637795,0.073697585768742,0.2304338462274761,0.75,0.1171993911719938,0.2144691172289613,0.316695352839931,0.2985347985347985,0.0531517058018964,0.0867108849507104,0.1529191171164133,0.1678775673675054,0.1597278261157159,0.0835387491021885,0.1197625089438238,0.1338118384728479,0.1656657777073277,0.2849578578828139,0.3781775194582478,0.333312749842429,0.3291833204005847,0.3106305385819833,0.3913857568939282,0.3194043998420893,0.365845102525513,0.634766792132639,0.1094147582697201,1.1148335419635865e-06,0.1651651651651651,0.7051691129546904,0.7305967389671251,0.6669484121068123,0.7717465945871651,0.3291407223495647,0.6479069559048612,0.2433736827243078,0.2744676960612087,0.3503809790431886,0.224978838510759,0.4680738012261318,0.2600780645130449,0.485395048941593,0.930836189706228,0.1533066283581487,0.1872893440605312,1.8020116531338025e-07,0.2785960851428091,8.861817704964173e-08,0.3160542541324392,1.9735061777276686e-07,0.3680527189743952
18,8,1,0.75,0.5140778726558614,0.1750105724043165,0.25,0.3489622926253095,4.5970265250718825e-05,7.427906047627615e-08,2.8127315159309995e-08,5.884360636622696e-05,0.3689938312320009,0.7222991884713127,7.506455772467425e-06,0.985914877885798,0.448818897637795,0.1232528589580686,0.1491608499514391,0.6423611111111109,0.2222222222222221,0.1067241309991499,0.4922547332185886,0.2930402930402929,0.0990759618552579,0.079275750745572,0.0964218489199412,0.1714169134397666,0.1425933654735531,0.0814091274069376,0.0817608169867794,0.1286239820686768,0.1605264300977277,0.3865428235915316,0.4732664436775646,0.4702652376449293,0.470529918910107,0.4198046205828295,0.4920414779356256,0.4509655122465452,0.5110461116397045,0.7574510220349482,0.1424936386768447,1.4499425057450368e-06,0.1831831831831831,0.8123803446075304,0.5898812523065722,0.6605191206643806,0.8752593049293993,0.2668034480748135,0.6767767767256614,0.1305848643856435,0.1341799289136158,0.1545244497489342,0.3807215871994865,0.5737501660102697,0.3659160025999826,0.5757875927463849,0.9486252147976466,0.2083123200703006,0.2431684303814515,2.472663455136398e-07,0.0999657379240816,1.2207047745043133e-07,0.1445872639334443,1.099442846243142e-07,0.1423037391343157
18,8,2,0.75,0.365731684883989,0.0501782835809561,0.25,0.6439581094978588,4.596531544896904e-05,2.5820693891745667e-09,1.5100498658885128e-08,0.0013849999508032,0.7043116059612405,0.850116729864963,8.297678897713349e-05,0.9742231338285016,0.448818897637795,0.1982210927573061,0.0950622093533385,0.6458333333333335,0.3515981735159817,0.0676811978771796,0.3975903614457831,0.3003663003663003,0.0726599977078865,0.0951467640351156,0.1736521996502873,0.2475807693827046,0.3293867493112543,0.0941261278368275,0.1322699957712517,0.2081699195699479,0.3073018991139954,0.2917937342082623,0.3980671084186372,0.4032286573057361,0.4755390164041566,0.3271583539442492,0.4135712035613238,0.3962056585283818,0.4994096107033068,0.694277869263273,0.1119592875318066,1.527775913356998e-06,0.1891891891891892,0.463943841735801,0.8289114055747193,0.5827754457621337,0.7831324389923968,0.3833646706532795,0.6538623871349255,0.3638347386437299,0.269629457038034,0.3376976930161142,0.2960630253801753,0.3980473863826053,0.2682852893648747,0.4094145457452443,0.9205064420674528,0.13137484648839,0.1568093050841561,2.965502098626652e-07,0.3733918313796716,1.8947401845642053e-07,0.3450509848851379,1.504618529595518e-07,0.3858077320885393
18,8,3,0.75,0.329923622277291,0.0468850996269177,0.25,0.4350234666833968,4.596131996277204e-05,2.7859023303719938e-08,1.4149486702734012e-08,9.14912558096356e-05,0.561198640432593,0.5982172956760101,8.605935288378905e-05,0.8256004999255986,0.6062992125984249,0.0584498094027954,0.3359901728525049,0.4340277777777778,0.1887366818873667,0.0926084671583155,0.4475043029259896,0.4835164835164834,0.0415311457467186,0.0992532296807754,0.2029782380204644,0.3257775842726689,0.4371665083601768,0.0949878239172171,0.1565302890741468,0.2782770212875766,0.3891069825624026,0.2800404950332475,0.4096717412231969,0.4591249330793898,0.558131263822097,0.3041740320461126,0.4151590348748588,0.4413417831320506,0.5543816934521661,0.812646036154784,0.1399491094147583,1.6957988782190064e-06,0.2072072072072071,0.7587747287811104,0.5724721758052715,0.448343645892403,0.3461030330462917,0.3609636998782776,0.389683316781108,0.7168056820298538,0.6465422859848369,0.699123112212114,0.7675532117100776,0.30737179665555,0.7414158943987335,0.3308197756090919,0.8827146242608678,0.1090528841022078,0.12713904944054,8.464318758236011e-07,0.912519160253172,5.168649089320319e-07,0.7877698867654701,3.586222306769144e-07,0.7261542234033916
18,8,4,0.75,0.416124965364721,0.0892027495263814,0.5,0.5924147392908702,4.5965014211102846e-05,2.084631008840617e-08,1.1754143515394203e-08,0.0001058540110134,0.8242205123548116,0.8520476281577156,9.381260640656072e-06,0.9740083571209132,0.448818897637795,0.0864040660736975,0.2026482064749848,0.75,0.1780821917808219,0.1487420143379565,0.4268502581755592,0.2783882783882782,0.0881897407696686,0.0963840840657654,0.1266893881753184,0.144709543064289,0.188184797657946,0.100159492371016,0.1074479119440142,0.1376019069661914,0.2082270199853786,0.3020463860928373,0.3641411860072003,0.324758706876915,0.3658734559695381,0.3533459906598567,0.4128748561200109,0.3584429490398153,0.4396349661022443,0.7537068839138712,0.104325699745547,8.782098640673373e-07,0.1651651651651651,0.6783663050414808,0.4913839995631193,0.5082693561947025,0.58517093412244,0.3311306135586303,0.670553617560786,0.2951426117873161,0.3439012823180236,0.3577263353245614,0.4142051462129092,0.5272000192554457,0.425823617561292,0.6061064264223204,0.9338260412447972,0.1153029890937795,0.1324436717574088,2.9904595765050025e-07,0.3460621996764289,1.404759225719898e-07,0.2959639856492073,1.4309021814121634e-07,0.3703887017449079
18,8,5,0.75,0.387293750952039,0.0673906949258016,0.25,0.577923894324868,4.594606446004217e-05,3.7812869902569096e-08,1.2522609084834605e-08,4.888680107775268e-05,0.8626508756499919,0.7539272480329154,9.88970740438256e-06,0.9767447660745407,0.448818897637795,0.0851334180432019,0.2051359904993358,0.8263888888888891,0.1065449010654489,0.250850789242787,0.1876075731497418,0.2271062271062269,0.0371548368783074,0.1050498345556831,0.1438621230775337,0.1611864531067976,0.1720216725920662,0.1052145462212098,0.1152632112496482,0.1433875290028836,0.1855584425045425,0.3624114475274426,0.452033224995371,0.4109909149965909,0.4301438479256527,0.3944109349944799,0.467185938716718,0.4103976922011875,0.4720697949133802,0.8529527919063793,0.099236641221374,1.2387806823999526e-06,0.1801801801801801,0.6783663050414808,0.5966889681389076,0.5851687211216836,0.790410884870933,0.3696229663629045,0.601328393900426,0.1822654270213218,0.20577607220909,0.2465066627763921,0.3230234416797525,0.3213423419076122,0.3362771985308352,0.3404025513247264,0.947523303540869,0.1520185856198023,0.1892268525358887,2.331044485309997e-07,0.1630034200297118,1.2517567668244566e-07,0.1932139219498564,1.624736297168652e-07,0.3174596911692161
18,8,6,0.75,0.594687035613504,0.3241303286122758,0.5,0.4889832987596398,4.599821590345893e-05,5.85963960395952e-08,1.9562856866144927e-08,4.861731220095091e-05,0.7871188211926802,0.8745858412485528,2.1923472904477507e-05,0.9898210262818156,0.448818897637795,0.0470139771283354,0.3210844959199789,0.9618055555555558,0.2207001522070015,0.1501063548234989,0.3132530120481926,0.2032967032967032,0.0885288857701253,0.105323895337046,0.1075849795439495,0.1508773534209109,0.2219451712777971,0.1016953194049763,0.088690367717729,0.1269316955911115,0.2171854440999633,0.3220671679370843,0.3640447038710879,0.3473877829620944,0.410846958681813,0.3466578798394744,0.3832257062106723,0.3390508412150892,0.4369261887580462,0.7321862320076087,0.083969465648855,1.1148335419635865e-06,0.1831831831831831,0.463943841735801,0.7306128838849393,0.6782924086106146,0.7972051682996666,0.26722706851599,0.6012001640225755,0.2831279251191806,0.204600865535516,0.2607405707254422,0.3197123763285517,0.3682743235611867,0.2833964810312921,0.4294235919619651,0.9312369626215032,0.1467269828067202,0.1668479975727687,3.6315666061688905e-07,0.2866942849195923,2.568696010100028e-07,0.3205655844310873,1.6878704075871957e-07,0.4053759672481766
18,8,7,0.75,0.4462878106447478,0.1188750436755752,0.5,0.4932218313119449,4.595113687891464e-05,3.406038002249473e-08,1.5307174549110888e-08,7.70641560776665e-05,0.5531185557253062,0.7525524627352556,0.0001775976582409,0.9915391216006564,0.448818897637795,0.0609911054637864,0.2665137068016065,0.6145833333333335,0.0898021308980212,0.2280018006065201,0.3511187607573149,0.2637362637362637,0.0733589508345698,0.0326778830289342,0.1292343445640508,0.153257640222627,0.1571373078516627,0.0328402879170265,0.1083958563896233,0.1448368570907183,0.1682399713252048,0.2647872636300483,0.3857032652620394,0.3510639098400286,0.3604676689974616,0.3035666724775976,0.4182173993622696,0.3688781947331734,0.4122342961913691,0.7787007636097405,0.1094147582697201,1.1450348629314583e-06,0.1651651651651651,0.4907466496490109,0.8381936557453722,0.7646333932513567,0.8638763334608992,0.2723819187497242,0.676591825210094,0.2370287901767711,0.2174697461324852,0.2760371630595633,0.4602880152089347,0.5348065665657666,0.4278835503687727,0.5723920163617735,0.9429606778717952,0.1254509179285556,0.1492823723728309,4.310019907936423e-07,0.2958963395490832,1.873002581260159e-07,0.2753026510461979,1.6001899044395553e-07,0.358926284093586
18,8,8,0.75,0.4721523727572912,0.1421738082121769,0.25,0.5581409113657896,4.5964696655028325e-05,3.952424405136028e-08,2.3379226840534077e-08,0.0001102008003244,0.8034632441567036,0.8317400248454472,0.0001543659512002,0.9848781052580444,0.5196850393700786,0.0851334180432019,0.2258587021064294,0.6493055555555556,0.1902587519025875,0.1246576149334512,0.2753872633390704,0.2252747252747251,0.0657072534477206,0.0951547905802842,0.1093271448331127,0.1652978499368899,0.2277285251481245,0.0948821411390637,0.0918992904092722,0.1389975419721866,0.2134432901169147,0.311797831364655,0.3627543978981713,0.3565866949939275,0.4129073664633568,0.3477013564699175,0.3952888168307355,0.3578607740676572,0.4420941547583146,0.8012831524027932,0.1348600508905852,9.50961338531345e-07,0.1651651651651651,0.463943841735801,0.7758082633736612,0.8167926141989295,0.9223151338180368,0.1407049883233189,0.6562508661785916,0.2440752701484501,0.2705341269287327,0.3019932282817681,0.1639461711826632,0.382377750093705,0.1410029080783009,0.4207015495829853,0.9368836277287688,0.1455784709058891,0.1814368628079091,4.243003108278272e-07,0.2807529904993135,2.3928059771973136e-07,0.3195231358012786,2.272688169530358e-07,0.3579278852939193
18,8,9,0.75,0.4810237914343454,0.1649764185592142,0.5,0.4946586495901248,4.5977367251671406e-05,6.117356458453976e-08,1.9074772223196213e-08,4.334718234213747e-05,0.5472870066492904,0.8094268335634688,0.0005202418495876,0.980907406668758,0.52755905511811,0.0851334180432019,0.2281612256183287,0.7291666666666665,0.2343987823439878,0.1123661733578161,0.2977624784853699,0.2655677655677655,0.0579440666050815,0.0635610841125273,0.163795287855848,0.217128069515698,0.3133322446195694,0.058667439880254,0.1290000863414052,0.177429952742555,0.2813629021575741,0.2583014211730583,0.3814126527277586,0.3698253169907982,0.4558676971004609,0.2680852725546962,0.3804585179941382,0.3396259612993915,0.4505531004460325,0.871785273207617,0.1119592875318066,1.0861254772301633e-06,0.1651651651651651,0.6515634971282704,0.7656723966292107,0.6949597212653131,0.8295390230413648,0.2121558995489877,0.686866059619245,0.4013463861813189,0.449694689198729,0.531355927124534,0.3210758838202849,0.401119899803722,0.3360677669189525,0.4046268417468948,0.9158339911563208,0.0987498905959329,0.1156290125223974,4.145600919336922e-07,0.5540751457764308,1.991248134869616e-07,0.5207370721525664,1.8258897582452322e-07,0.5371926025844778
18,8,10,0.75,0.3780319677567078,0.0740408897546514,0.25,0.4188999729763701,4.59526667834936e-05,3.5410027776650494e-08,1.7204839224059517e-08,8.555911002139484e-05,0.7176836525174306,0.6862327494762724,4.777283905202256e-05,0.8769594583407724,0.448818897637795,0.1969504447268106,0.0956734934278934,0.5868055555555558,0.4277016742770167,0.0505895406873894,0.4733218588640276,0.5421245421245422,0.0371687371987599,0.2677209184993119,0.3038536256106831,0.3561296614423073,0.4299896857663211,0.2748203057719923,0.253452821067763,0.332013719331768,0.4350431690899651,0.4996508680099393,0.615842816628858,0.584642520473682,0.6419592831400849,0.5305033642187869,0.6170299311341718,0.5740346287239259,0.6687615321015162,0.7212123555074501,0.1475826972010178,2.8464074384501494e-06,0.2222222222222221,0.8123803446075304,0.7783881287951382,0.3767476092261024,0.6813426670057319,0.4935810849863289,0.4652615560046201,0.2352965836934927,0.34871736638501,0.3989742843063162,0.392543293640487,0.4045691762149194,0.398968383307279,0.4006890988582288,0.929252263195188,0.158942171352711,0.1984907730344265,8.209951433518315e-07,0.2613531089955853,4.595647449485254e-07,0.2513141182183234,2.3830544765528626e-07,0.2456467166639356
18,8,11,0.75,0.3666782512247725,0.0683530976945274,0.25,0.4575163588970855,4.595503653311024e-05,1.9165299522356976e-08,1.0639769143971474e-08,0.0001042086670722,0.6687070015505998,0.7313555124796441,0.0001787062247344,0.8950984381264406,0.5196850393700786,0.121982210927573,0.1660531566277929,0.75,0.3044140030441399,0.0889573618453166,0.4457831325301202,0.2838827838827839,0.0909346343553742,0.164523141889474,0.2267254135989537,0.2650549190432449,0.3077515609423478,0.1644196904061947,0.1992659348552181,0.2439947617687663,0.2984792445193054,0.3780178722269902,0.4841599244700126,0.4516568116970813,0.4905386855104183,0.4125404992629807,0.5144851724032908,0.4569848990279925,0.5220103123280003,0.7067610087354113,0.1094147582697201,1.609657842603703e-06,0.1951951951951953,0.3835354179961712,0.4257319368357457,0.3553377946609659,0.3984785977701794,0.4722601400090722,0.4549594521320099,0.4021644961205596,0.3511983938181409,0.4354657770165677,0.5444612459689102,0.2925078909061417,0.4813433998099937,0.3875240207907781,0.9096763329749128,0.1417479930623412,0.1697347329092207,6.36203918960835e-07,0.4887245419805561,3.78645998849557e-07,0.4954121360370577,2.004027113341683e-07,0.4531695923407526
18,8,12,0.75,0.7915714705968959,0.6408188442933445,0.25,0.4305217299628751,4.599056006593403e-05,2.7312865379031472e-08,3.3568586133967024e-08,0.000261702728746,0.7662315946139165,0.8153545321885611,0.0009859503505058,0.9962782891639592,0.448818897637795,0.0495552731893265,0.3096229195220762,0.6805555555555556,0.0898021308980212,0.2465330427091231,0.2547332185886402,0.1007326007326007,0.1491946091823143,0.1254285552956031,0.1455034911415789,0.2005777256552256,0.1738643544754659,0.1190388160952662,0.110991383478577,0.1619345525849519,0.1749793840230911,0.3507593513846306,0.4166270309894883,0.4047285556704967,0.3913696142625527,0.3683435573812273,0.4162718854951552,0.3787805778414175,0.4125846665069998,0.9138566415268156,0.1704834605597965,7.678595958161378e-07,0.1681681681681681,0.4907466496490109,0.6595749086078242,0.6479117574578304,0.7960015339078557,0.32426528176013,0.7687050233017665,0.2543542904020091,0.2002950310197473,0.2595133341505873,0.1702153085461548,0.4841415620498515,0.1452586476333413,0.5120860501842558,0.933837590964337,0.1513374002225786,0.1914509689497157,2.466288776304505e-07,0.2666394178101494,1.7305280786053446e-07,0.3063259111448913,1.370979062687723e-07,0.3381472971247095
18,8,13,0.75,0.3923938458819938,0.078051269748545,0.5,0.6993077667208298,4.5962550895615385e-05,6.197451959297925e-09,9.883688009583763e-09,0.0003599816284531,0.8393486460058354,0.829092789123196,2.5028106408751105e-05,0.9352218033033938,0.448818897637795,0.0711562897077509,0.236880114650054,0.6979166666666667,0.1750380517503804,0.1425804897989205,0.2839931153184164,0.282051282051282,0.0493417407954699,0.1742023044398382,0.2065669630776608,0.3129388042357271,0.348509149691224,0.1697017484771669,0.1629621917033267,0.2801559099189547,0.3363695898149624,0.3525336076299807,0.4192215141313742,0.4518905481724924,0.4824363749687269,0.3822506157094158,0.4331769459967486,0.451149363227261,0.5130905632979756,0.6600157210307649,0.0814249363867683,1.3759574470608792e-06,0.162162162162162,0.5711550733886408,0.4757995430915822,0.4524312263383834,0.4105674869625852,0.3736197529184876,0.6236883056340624,0.4475622750246117,0.462329890118289,0.5294878594382175,0.234213635088835,0.5108131727948879,0.2838383204982707,0.5420346572753949,0.9053490458437652,0.1337879027667415,0.1505284083794985,2.946340731768536e-07,0.5355566375034025,2.208272525216113e-07,0.5466133984973867,1.5915644163020129e-07,0.6221500740336201
18,8,14,0.75,0.6228891919410386,0.3519301816550255,0.75,0.4805757087162611,4.600035427882304e-05,2.3451703290086988e-08,3.0257329939070065e-08,0.0002767114344056,0.7293840811369456,0.8225144208328939,0.0001889718746164,0.9898597668029556,0.448818897637795,0.087674714104193,0.2002169629966418,0.8194444444444444,0.278538812785388,0.1047337936030145,0.3889845094664371,0.2619047619047617,0.084634511114259,0.1151874279606323,0.1072390568820922,0.2056989545257014,0.2288207213799885,0.1132830151508271,0.0859545526621451,0.1626716629065842,0.2196032831171073,0.3590628604083077,0.4074606014527502,0.4292781827004568,0.4554514973455768,0.3867957628947388,0.4233883307264537,0.4079912123577887,0.47850146451981,0.7548565570930199,0.1526717557251909,1.527775913356998e-06,0.192192192192192,0.6783663050414808,0.490196472189381,0.4937546625080884,0.7435341251613576,0.4020177902346285,0.7662364206196417,0.2213876782111307,0.2472719815942181,0.3062943964220244,0.2219032712538956,0.5223123696824344,0.2138594179550155,0.5522072232649435,0.9495500049797088,0.0961820958155694,0.1185751116885513,4.0493923278529133e-07,0.2763913695294467,2.0700111120920549e-07,0.2165600202050124,1.5707012388745342e-07,0.2611900819558287
18,8,15,0.75,0.4060034030965177,0.0821222130226118,0.5,0.4910517937392123,4.593883735902317e-05,4.771917582751657e-08,1.5896986984944035e-08,4.882152345839381e-05,0.6009783237342244,0.831335582699291,1.32672323763678e-05,0.9774306371461344,0.5196850393700786,0.0597204574332909,0.2977253450535893,0.6736111111111109,0.2024353120243531,0.121126326762699,0.4767641996557658,0.3333333333333333,0.0805563286890747,0.0293453083650172,0.1106764647312032,0.1888405196238448,0.2809178774040969,0.0284758501492615,0.0848625634512695,0.1679793289430641,0.2634050576226628,0.2916671697003513,0.4040593189079313,0.4113628100191058,0.488082049953053,0.316491969884896,0.412818318584838,0.4037778629261322,0.5027580101150515,0.8462590187023658,0.0966921119592875,1.030128772320531e-06,0.159159159159159,0.7051691129546904,0.7992498994517203,0.7255250216074964,0.8674813108436155,0.2547830568287617,0.5266173683741711,0.1925143825394582,0.2456094028191413,0.2692226542441851,0.228094759041695,0.6229237320445082,0.3114391320423654,0.7003392720992783,0.8922552917505808,0.2786815320865028,0.3332050997633395,2.1954130799763765e-07,0.1767802732912373,1.753076813160097e-07,0.3069349985372506,1.4120648431503205e-07,0.3390367549632812
18,8,16,0.75,0.3882559857048056,0.068536892549882,0.5,0.6454853454312437,4.5963728049650366e-05,1.9748082865700242e-08,2.2538013694447493e-08,0.0002423446781837,0.8024199800206163,0.8614608955195242,6.986215698177384e-05,0.9702142527145572,0.6062992125984249,0.0889453621346886,0.2423385613994614,0.2291666666666665,0.2815829528158294,0.0402223721179146,0.3063683304647158,0.3021978021978021,0.0496198732860256,0.1825429015649859,0.1829141586069378,0.2321086246098819,0.2866289797872441,0.1857541213390492,0.1441876258160049,0.2056962089651505,0.2958242868140039,0.4450242264187052,0.5279356315805634,0.5037181888296032,0.5516866616245613,0.4756590436947392,0.5322028563137732,0.4926349331514376,0.583779111918599,0.8269619116523308,0.1068702290076335,7.890369541260113e-07,0.192192192192192,0.6247606892150608,0.7947282407022849,0.6176399455339379,0.8578655373106656,0.3557415330763768,0.6540937391131194,0.2825309027236951,0.2211766345950916,0.2494930282214524,0.4117838240291657,0.3001771533285646,0.426234966619516,0.3088955376211841,0.9360428904415292,0.1252993624817007,0.1499497069717802,2.0038302334545625e-07,0.2755600772332405,1.635683035489866e-07,0.2700749968241099,1.1659795229108348e-07,0.2570602409309895
18,8,17,0.75,0.5623327466918093,0.2589446572245563,0.75,0.4452357170339091,4.5972450259551966e-05,2.3891305458613783e-08,2.604066282699157e-08,0.0002293942200723,0.6894179754156651,0.7101497189750662,1.7222508673095523e-05,0.9723868292765304,0.7559055118110232,0.099110546378653,0.2602066559385766,0.3923611111111112,0.2039573820395737,0.0800004769408395,0.2977624784853699,0.4047619047619048,0.0275648225930872,0.099903723228507,0.2058427067498677,0.2848769768915961,0.3615676180500518,0.0965226891623789,0.1699154066887153,0.2475307304449292,0.3322842208579302,0.3438197641441249,0.4840119334237409,0.4835285353412908,0.5474487724176287,0.366581031005771,0.4923676819489452,0.4656435871528903,0.553919395711822,0.8050036656489086,0.1297709923664122,1.6527283604113546e-06,0.1981981981981981,0.6515634971282704,0.4597326896356506,0.5331200205080471,0.6531742018537927,0.3219743830452542,0.6805345059177081,0.4301557705723769,0.3420906204490708,0.4298263791528773,0.5289011040728546,0.1926384573103705,0.502279719517257,0.2341754297389492,0.9088700001471596,0.1309071791169218,0.155771767683721,5.343081170193778e-07,0.5422218559203761,3.210859088514862e-07,0.5374369971102685,2.37911407215445e-07,0.4479445722656558
18,8,18,0.75,0.493171674982068,0.1594520038131452,0.5,0.5087510882820969,4.596661662953126e-05,4.308664391457182e-08,2.393114218088024e-08,0.0001014829271416,0.6707446044019492,0.86508322078802,0.0005577604329697,0.981406237596578,0.5196850393700786,0.1855146124523506,0.1123094062499169,0.6736111111111114,0.3028919330289192,0.0817293647536707,0.4870912220309809,0.3131868131868132,0.0898920826882973,0.0918185273183411,0.1549455408535195,0.2961265501483882,0.360181260321936,0.0920984245347635,0.1321338520217556,0.2527473678169643,0.3454187806042572,0.3079831038977529,0.4036531115394652,0.4640331460314608,0.5194586870297919,0.3460464322734626,0.4369203015046813,0.4548180503855122,0.5496968681741741,0.7046002967571923,0.1145038167938932,1.2387806823999526e-06,0.1891891891891892,0.5443522654754309,0.718725849527853,0.5392186698338026,0.7899549610524548,0.4128262041401301,0.7007291333952741,0.29883192936488,0.3403812893231135,0.3975869701992294,0.2525200131704704,0.4077632879338351,0.2584580164380168,0.4596821161071053,0.9172005377076474,0.1750243244153563,0.2044834977991784,3.209326777605629e-07,0.3814066147647423,2.238213876156273e-07,0.3455499925132307,2.2237382120772106e-07,0.4243352787176121
18,8,19,0.75,0.3765048465388613,0.0788311910423161,0.25,0.5795617145120314,4.59513721970863e-05,1.4946319999411275e-08,1.4425152618811956e-08,0.0002023506605403,0.7988116086185701,0.7049409046853335,0.0001227185174845,0.9185072802514088,0.5196850393700786,0.0864040660736975,0.2231327259946406,0.4270833333333334,0.2815829528158294,0.0614787968826651,0.3046471600688466,0.315018315018315,0.0459990986651454,0.1445238988237812,0.2516109279230852,0.3385993141908822,0.3882915509032081,0.1413689487407481,0.2126183450897805,0.2900252429923639,0.3564757120991214,0.4160532407216841,0.5666182730410645,0.5613288371938981,0.6050623746534338,0.4380390275637137,0.5696551097269492,0.5325157596037222,0.6072920257681984,0.7537692803238007,0.1119592875318066,1.030128772320531e-06,0.1891891891891892,0.5979578813018509,0.8256926307291064,0.4778819861995176,0.7727071752921404,0.4255802222420675,0.5436947032402248,0.3547472285193156,0.3477964239745759,0.4018001756741007,0.6409437618522732,0.4251030483667387,0.664713117846604,0.4223827148243803,0.9149891622124098,0.1535761227309468,0.1824438958195537,2.564198527154782e-07,0.5009256513701371,1.743206901760356e-07,0.3975741407974597,2.0072383680232465e-07,0.342779925651451
18,9,0,0.75,0.8194434051437952,0.6863325992429589,0.25,0.4143419269309549,4.606904572712754e-05,2.3258240704646817e-08,1.0079986477634033e-07,0.0009948663332376,0.7864313155850512,0.792561465951069,5.117638154417701e-05,0.9955902470735722,0.448818897637795,0.073697585768742,0.2304338462274761,0.5243055555555556,0.0989345509893454,0.1875256665403083,0.2822719449225472,0.2637362637362637,0.054229707367447,0.0965094566616777,0.1295073395767663,0.1890773054179792,0.2092894265218418,0.090783665601633,0.0997567640588458,0.1558016285602537,0.2036879207919191,0.2224574118168089,0.258524144054821,0.2634313419279367,0.2776011512190252,0.2424082385719855,0.2749702544812961,0.2521541961897862,0.3062006119400521,0.6512445143129058,0.2162849872773538,1.4499425057450368e-06,0.1831831831831831,0.3835354179961712,0.6724473098749133,0.6064320267947059,0.563451536270164,0.3404361193550482,0.8500443795555029,0.4629787680423969,0.3114783426332566,0.3773767834594626,0.1577444451072508,0.4842279108603595,0.1124015474745947,0.5172507572884432,0.9069309355864008,0.1319497022303611,0.1565490358377344,5.267906117191153e-07,0.5049730029129048,3.093521808123284e-07,0.5142815243194444,3.671816737181367e-07,0.59148853475764
18,9,1,0.75,0.5476774864299436,0.264208415187819,0.5,0.6951555363816121,4.604812351825932e-05,1.1916487894531201e-07,5.829269794126568e-08,8.442811784506084e-05,0.8747284737306795,0.91848275316177,4.914283652535038e-05,0.9925075026522152,0.448818897637795,0.0584498094027954,0.2750618583837851,0.5902777777777777,0.2207001522070015,0.1004716479594667,0.2943201376936316,0.2435897435897436,0.0645100921843808,0.1609443994849774,0.2331295478200372,0.2598964630356892,0.2828101597092424,0.1546299827435562,0.1876990207485641,0.2149797718855739,0.2716493035124759,0.341666494114366,0.4476724718546382,0.4047362017066321,0.4250585931873499,0.3661371078579005,0.4588540687429843,0.3858525741540923,0.4506971830623321,0.6218220669392314,0.1323155216284987,1.1148335419635865e-06,0.1891891891891892,0.5979578813018509,0.7496703568434286,0.5781124546259004,0.6067421525449141,0.330084311508506,0.787408346467162,0.3565651709388971,0.442760651970689,0.547082384469761,0.2449065992673395,0.6417967811988241,0.2456041659654962,0.6677304055863362,0.9048261886807464,0.1656158408253843,0.2003883579765473,4.3327726750108093e-07,0.4106873202261674,3.2818945335922625e-07,0.5137282489715123,3.317900456589325e-07,0.550440979785845
18,9,2,0.75,0.5614118276774325,0.2317725058168941,0.5,0.638138278569859,4.6153874818222674e-05,1.2038236736298502e-07,1.2577818616000637e-07,0.0002155179465751,0.958714086852271,0.925550144030644,6.23470616423893e-05,0.992446042615744,0.448818897637795,0.1118170266836085,0.1626576595414927,0.6770833333333333,0.3074581430745813,0.0808419368505552,0.2736660929432012,0.2619047619047617,0.052394012885664,0.1235449947970697,0.1467633412432188,0.2294555947091205,0.3075639456146308,0.1268038376118579,0.129145957422567,0.1911521156674539,0.3109850280601763,0.393662277703358,0.4802955728302391,0.4817869276133033,0.544984135159537,0.4294619303367221,0.5052667121976635,0.4689668135634597,0.5795039800037329,0.6742919824617015,0.188295165394402,3.875100578863906e-06,0.2732732732732732,0.463943841735801,0.8300616017193483,0.6972392116367647,0.9185783861240115,0.2594078479400939,0.7719813759705783,0.1870051498564876,0.0795380870713713,0.1167656999668791,0.2372115258944127,0.6425611764371304,0.2123443185507091,0.6596816005317451,0.9407277601713128,0.194454054587781,0.2232300077124251,8.246787304568747e-07,0.1868671700208088,4.7338804409089927e-07,0.1879527541747318,4.260127188726416e-07,0.2499912938957667
18,9,3,0.75,0.3983234912382354,0.071569829153572,0.25,0.6603309324899989,4.604189103456765e-05,6.571536961996032e-08,4.0258438037103216e-08,0.0001142093728629,0.8361274202091022,0.7862540561055728,0.0003371095273449,0.9838376831746568,0.6062992125984249,0.1232528589580686,0.183301715817532,0.2361111111111112,0.1171993911719938,0.0971858612901187,0.3063683304647158,0.2399267399267398,0.0695202637227109,0.2125717630244999,0.202633783543213,0.2506327245144863,0.3161401115806904,0.2094659495599269,0.1819923766670997,0.2247106391195129,0.3010698553597297,0.3602104959581728,0.3706502563333875,0.3525348517025666,0.4125894486711769,0.3977142681708414,0.4244656995323377,0.3670855278571066,0.4497217512395782,0.7775520783723202,0.1755725190839694,2.1430609739925736e-06,0.2312312312312311,0.7319719208679003,0.3654934487554855,0.4510934926928742,0.4736768226373726,0.3411144840567688,0.6060740411955344,0.5109663873723814,0.4050461231545956,0.5161313965087677,0.1861328823712492,0.5765461255303722,0.1576321583285314,0.5780927242559377,0.8981426055731477,0.1332874186183517,0.1640113479068375,1.1671603712290963e-06,0.5273185617614228,6.099210256762037e-07,0.5466690247820066,4.2396345235226366e-07,0.662390171019357
18,9,4,0.75,0.520751078990878,0.1960047199353636,0.25,0.6126926902848623,4.6081398058176185e-05,2.4376214535592344e-08,4.5385183022295695e-08,0.0004114312036028,0.903531455778558,0.8152487612120927,7.315648012584962e-05,0.9960065045930584,0.448818897637795,0.0851334180432019,0.2051359904993357,0.6493055555555556,0.1643835616438356,0.1425491976742103,0.2977624784853699,0.2106227106227104,0.0794932533448915,0.0200448316654174,0.1710806470882159,0.2532984284920364,0.2665003737468631,0.0204331847610889,0.0981617070352224,0.2722900042284523,0.2754239024741638,0.2300480571958221,0.3991542170438924,0.4114452509771151,0.4244918698414705,0.2765695830021094,0.3901101973693358,0.4635406685219352,0.4829457288227032,0.6681357847327591,0.1653944020356235,1.9820502229390077e-06,0.1951951951951953,0.517549457562221,0.6823048582076265,0.5276424236617769,0.6404203884860551,0.3610756441042449,0.7494987638787789,0.3997126888320757,0.4262972282785062,0.4794933164358639,0.3449863745534408,0.3202943758646683,0.322868871070552,0.3261035762396569,0.9148709318917408,0.1165983221185408,0.1293451510170526,6.540092477309134e-07,0.4376009165885367,2.655931004562265e-07,0.4025017273191697,1.943108978462945e-07,0.4195259116110544
18,9,5,0.75,0.4026872997216277,0.0712508301515185,0.25,0.598963233536652,4.607380258888419e-05,6.767924665293397e-08,5.1398762208868755e-08,0.0001488091193654,0.8378456833855905,0.822153682854853,7.573652025749821e-05,0.9849209551262496,0.52755905511811,0.1334180432020329,0.1547775730455383,0.4965277777777777,0.3561643835616437,0.0538420493127204,0.2340791738382099,0.1648351648351648,0.0800541860480628,0.1619555818800749,0.2552062778227462,0.3084906619656206,0.3120254309598319,0.1528709408303676,0.202836718850845,0.2842639667589846,0.2865597644156605,0.3418123756524729,0.4692504658203671,0.4481347445367923,0.4501363643653169,0.3594446501618031,0.4710248018341851,0.4480175689697684,0.4582256783721939,0.7132187491259687,0.1577608142493639,2.1430609739925736e-06,0.2252252252252253,0.517549457562221,0.6438664315470066,0.3263630493327714,0.5742327338347191,0.5674387224870914,0.6131135066444316,0.4752038858738768,0.4154424711791618,0.520735282233979,0.5083729593066565,0.3058836051855018,0.5690991844487516,0.2434778444979644,0.8952612398068465,0.1578385680108796,0.1843093605030484,9.187104721587442e-07,0.4778082429672841,4.099422305633353e-07,0.4950947917758016,1.2204380214570869e-06,0.534174014489216
18,9,6,0.75,0.5693577410535692,0.2875380162177172,0.25,0.5506038368141029,4.6052010115162674e-05,1.799380423594061e-07,3.74308640309169e-08,1.7819828591258032e-05,0.7806493447524444,0.7357806656974555,3.724794903016115e-05,0.9820361125848328,0.448818897637795,0.1092757306226174,0.1659711620016963,0.5277777777777779,0.2054794520547945,0.0986884372261552,0.1841652323580033,0.2655677655677654,0.0265744544654378,0.1471447791290594,0.2719967682462618,0.2991216665988364,0.3588035560638696,0.143216000084482,0.224162312997888,0.2718582456029815,0.3364268975072284,0.3180431058474939,0.4752911700153883,0.4281470531839018,0.4807726072585669,0.348767888593054,0.4947800131153819,0.4342307894346816,0.5036792610809078,0.7044973023139676,0.1908396946564886,2.087561329256051e-06,0.2072072072072071,0.5443522654754309,0.8278940906071601,0.5753948278488679,0.6543954057391277,0.3499999800010283,0.763785992831292,0.4863401583040703,0.3875099142918665,0.4859494440084115,0.250337381441845,0.4294059152178636,0.2279846591352022,0.4453484586157815,0.8952380480360298,0.1504495044577409,0.1782788358385818,4.561268329745039e-07,0.566136652214159,3.98760048696257e-07,0.6503263830829233,4.151484326531656e-07,0.5900966309988503
18,9,7,0.75,0.5238066557250911,0.1847929482682789,0.75,0.7253056708600466,4.609244228053885e-05,1.5531536127339036e-07,6.806452268517348e-08,7.222086000654559e-05,0.943641724448071,0.9050916086786256,1.2761455438785493e-05,0.9962470972941736,0.448818897637795,0.073697585768742,0.2304338462274761,0.4618055555555556,0.2176560121765601,0.0844478900495137,0.2650602409638553,0.1080586080586079,0.1455283693696241,0.1465992021766611,0.1193048289111233,0.206055765772583,0.2324243463448146,0.1477596593326858,0.0976303670220471,0.1667119509486781,0.237486400738102,0.331244585379949,0.3357128283960187,0.3590771648614159,0.3836823856667868,0.3735259255298835,0.3753534942317243,0.3581365538665675,0.4381851429439807,0.5511785567708136,0.1679389312977098,1.5687168779803509e-06,0.2072072072072071,0.5711550733886408,0.7465726926011897,0.6668996888055219,0.6971207270761588,0.2739011135504847,0.8440317480667312,0.3375535627281342,0.2647331648500679,0.3257799575634617,0.0884934832310579,0.5309577172530474,0.0543433290745495,0.5418259829074084,0.921160870436882,0.1378949544637454,0.1544659068752648,6.73637795530861e-07,0.3726363470667007,2.6316851618809866e-07,0.3902131382137453,3.608417699729388e-07,0.5100433466594434
18,9,8,0.75,0.6709706193464748,0.392760096702885,0.75,0.5313129060705738,4.621550748432686e-05,1.823886312339941e-08,9.223617076275432e-08,0.0011666198735291,0.8390111342080003,0.7908244213497754,0.0002819258435339,0.9967294297532822,0.448818897637795,0.1346886912325286,0.1376075809423532,0.7222222222222221,0.2389649923896498,0.1094328843304155,0.1669535283993113,0.2124542124542124,0.0346793350329509,0.138338487781876,0.167953686519197,0.2483960426154042,0.2404377606475175,0.1357834491172928,0.1385774686570359,0.2008900297155858,0.2442513395240307,0.2971482697639027,0.3473152632223522,0.3645689450035003,0.3530857314260318,0.3326862629466441,0.3811317535776719,0.3529504357566997,0.4042205142458325,0.7406898576271064,0.2035623409669211,1.2387806823999526e-06,0.1651651651651651,0.8123803446075304,0.7073709869085079,0.5832414957755505,0.7896157219437829,0.3316663952686118,0.8650975685542268,0.4400692157903797,0.1834900027767847,0.2370353308136432,0.3337818531315205,0.3871294813033114,0.3167772160641696,0.3986024637441338,0.9145747329982404,0.1245382027171176,0.1525295192399071,2.496677567223119e-07,0.4792552785647858,1.921492812160321e-07,0.4802001461827031,2.061824065536233e-07,0.4776625902477266
18,9,9,0.75,0.7489766207999586,0.5675979084419639,0.25,0.477340003070889,4.615597239240438e-05,6.456569196809899e-09,1.0231294489905049e-07,0.0037215491266691,0.9340811243693244,0.8854674408988416,0.0001289923302292,0.9916487050162128,0.7480314960629919,0.1601016518424396,0.168962552153773,0.4583333333333334,0.1308980213089801,0.134453861150222,0.1617900172117038,0.2234432234432233,0.0299219044188673,0.1976571023520398,0.246835736324988,0.2816097217272393,0.2860470283885821,0.1891171801484105,0.1957110479666649,0.2474334006113984,0.2751754766546721,0.3627086380356419,0.445398106980651,0.4083203267439408,0.4096047955071266,0.3862114153730764,0.4534005785563036,0.4025693790136286,0.4367754664355425,0.729023017042072,0.2086513994910943,1.9820502229390077e-06,0.216216216216216,0.7051691129546904,0.7107741422182534,0.3648248703014696,0.4568831882090931,0.4980776158854997,0.8354529474239722,0.5156855715605715,0.3761422433789292,0.4257037778553165,0.1822548011056056,0.5492372486140003,0.1423604548376829,0.546616263848794,0.9035865537205838,0.1159189652029529,0.1449585758667953,7.801334381329613e-07,0.633179340921087,6.065775241212862e-07,0.6480282162866514,3.226080460050393e-07,0.5994019256321902
18,9,10,0.75,0.4943103148136513,0.1507995772362109,0.25,0.6200216951057673,4.60667276944686e-05,3.6899461677247466e-08,4.777917590458297e-08,0.0002763148568096,0.8896152896437178,0.8603957542286788,2.3428175731041897e-05,0.9930646127532616,0.448818897637795,0.0482846251588309,0.3152531675771863,0.7534722222222223,0.1156773211567731,0.2176222517058378,0.3012048192771084,0.2619047619047617,0.060093236343239,0.0574479611697278,0.1065170995134081,0.1482898142714975,0.1762125095652933,0.0574137381360423,0.0909579053405475,0.1278065020496176,0.1807763770027746,0.295226705182633,0.3784300368255333,0.3598872214022708,0.3892342549284338,0.3307581918486013,0.4098917627307591,0.3636191012489455,0.4315401663825476,0.5612768088454483,0.1679389312977098,1.1450348629314583e-06,0.1861861861861861,0.2227185705169114,0.690140173103365,0.8437068527491514,0.9402993885665332,0.0565815331716317,0.7696160070166979,0.2690135100623433,0.2707952707557888,0.2908266570294295,0.2444623828393474,0.4493822580055041,0.2733977423279225,0.4487830843153822,0.941846059527239,0.1025191869637397,0.1252723940147905,2.565216251068095e-07,0.2796606431504969,1.9504392626797495e-07,0.289770841974258,2.721106772883957e-07,0.3763130274556465
18,9,11,0.75,0.491203830256543,0.1886405167143506,0.25,0.6060801633047914,4.599827962271902e-05,9.61701259918258e-08,3.135503103505541e-08,4.6130366014730304e-05,0.8831861266134374,0.8525740153907162,1.923010795106595e-05,0.9971714319644877,0.448818897637795,0.124523506988564,0.1477893792713482,0.6145833333333335,0.1933028919330289,0.1176159878799838,0.2977624784853699,0.1593406593406592,0.1107156305767939,0.0812305463364336,0.1194209007347371,0.1637625207018424,0.156615981673108,0.0792741732859907,0.1024244022719565,0.1388339077084131,0.1625123132840115,0.3179385860328954,0.3954451938999423,0.3774453775907118,0.3799269305939884,0.3451022415091132,0.4180431920226906,0.3695943390782344,0.4140818945691955,0.7793316631596499,0.1603053435114504,1.1752361838993303e-06,0.1861861861861861,0.7319719208679003,0.7899971475317926,0.6625253981921331,0.8763203899781011,0.3947448405672604,0.6617551570032976,0.2210833968275296,0.2822667172261373,0.3367547327721731,0.2633817925494873,0.4660927814875572,0.2368809647237432,0.5096982250482689,0.9392696987672128,0.1485314339621339,0.1787012003188396,1.1566525908202376e-07,0.2465561525008386,1.2276230212345106e-07,0.2799067739068399,1.3622697593395632e-07,0.2833341436140233
18,9,12,0.75,0.4182396492097364,0.076517263910969,0.5,0.6506526309874925,4.6029582304999225e-05,1.6705318958067014e-08,7.092832540774759e-08,0.0009756972493501,0.7793354998620912,0.8641113314330099,2.882830776903481e-05,0.9851240351916658,0.448818897637795,0.0851334180432019,0.2051359904993357,0.6631944444444444,0.1917808219178082,0.1258344553083579,0.1962134251290878,0.2069597069597068,0.0463881777935195,0.1387472777633014,0.1700666215709187,0.2328964978188905,0.2762183166061376,0.1325538589943943,0.1295258439336963,0.2111243705308102,0.261091659486519,0.3184650419105098,0.3788227668773352,0.3758973415501302,0.4148442381730449,0.3412651911823673,0.3853513159546959,0.3768804578038224,0.4352650491272775,0.6671228908809717,0.1552162849872773,1.0861254772301633e-06,0.1801801801801801,0.4907466496490109,0.835091965620284,0.7271565305535246,0.842447130106998,0.2429495706647297,0.7182067296417762,0.4309663846247608,0.3607906281473851,0.4124931709397956,0.1998156106204489,0.4323715815591745,0.1694405513373179,0.4607854602640827,0.905940843982279,0.157737067674952,0.1819504062919614,2.087499229187884e-07,0.5062397015349894,5.58991198959434e-07,0.5435943129896595,4.478920394958471e-07,0.5741456840361603
18,9,13,0.75,0.4997512270972569,0.1977682044723263,0.25,0.573082879871647,4.604853982749185e-05,8.524370278020706e-08,9.474115768039159e-08,0.0002315589952413,0.6298767875343488,0.7823485339785848,0.0001015991724933,0.9856387484796596,0.6141732283464564,0.062261753494282,0.323580508802626,0.5972222222222223,0.2191780821917808,0.1020767150239305,0.118760757314974,0.1391941391941391,0.0423553312365255,0.33655405552354,0.2904954291095937,0.3013966281722464,0.3734103393648862,0.3179209598986027,0.2223894090810889,0.2371819787732151,0.333270469709496,0.4915134763598227,0.4876115568568128,0.4223532605561357,0.4868343379955703,0.5083131645867534,0.4789261956605049,0.3838121601559203,0.4856972446286061,0.608644164840404,0.2086513994910943,1.6957988782190064e-06,0.2102102102102103,0.5979578813018509,0.5936727279565659,0.608755110361626,0.2580664560723873,0.2964713252962314,0.7058332177615427,0.4827495752256435,0.4207984062966949,0.5351556029526532,0.2112886506425574,0.4168053814281858,0.1782028812290348,0.4472151265296762,0.893834011620253,0.1497099376834874,0.1845681009084164,2.5626648628733773e-07,0.6403351347141845,5.180220824518819e-07,0.6362003773091084,3.023629655382626e-07,0.637714220966992
18,9,14,0.75,0.4159457848854925,0.096466460038231,0.5,0.7066069835432071,4.600086621791495e-05,6.100367942114295e-08,3.2156702109740946e-08,9.415194785397012e-05,0.8540488201578011,0.875105054265736,0.0006064235772867,0.9861797407575864,0.448818897637795,0.1867852604828462,0.1008289012855845,0.7256944444444442,0.2404870624048705,0.1091935606498673,0.1962134251290876,0.1904761904761904,0.0525833380526536,0.1125141168276856,0.1508622082189398,0.1746713451993679,0.2082600083536073,0.1076475273914986,0.1251078951189106,0.1531099928769874,0.1899884720473258,0.3039860583541389,0.3715728456156974,0.3347573572615441,0.3664706351620247,0.3270077976155693,0.3911846505342982,0.3311226187922649,0.3806923623845489,0.7853733704308956,0.1424936386768447,1.1148335419635865e-06,0.1951951951951953,0.5979578813018509,0.3116999049977589,0.4072603688144935,0.6012353277762719,0.3894797701945856,0.7530659302249938,0.288774440497984,0.3196270853315388,0.3863503310926584,0.1801739360594061,0.6111391167328639,0.171803595964125,0.6225801408571792,0.930832652338338,0.1278954127117359,0.1573354537756355,4.769084230448385e-07,0.3485989577805504,1.894765848388375e-07,0.2772703168381792,1.410470839499288e-07,0.3847753290587254
18,9,15,0.75,0.4818631331489542,0.1485957881769557,0.5,0.6712332835150686,4.606449969390731e-05,6.032957436561808e-08,5.17853236892517e-08,0.0001723228924858,0.8645108788573314,0.8865455031983405,0.0001049661021589,0.9950296486965956,0.448818897637795,0.1448538754764929,0.1286506606078238,0.9618055555555554,0.2907153729071536,0.1152538223401566,0.3339070567986228,0.2655677655677655,0.0679253068313318,0.171393925386618,0.2410842188062538,0.2601350612659134,0.2833380244185692,0.1701611895378558,0.1956851537779539,0.2295338666436044,0.2767016080721504,0.3579314810264546,0.4645624114042239,0.4140951010926866,0.4353551284439122,0.3937463649692978,0.4837590461653459,0.4164513213444269,0.4735061476342606,0.5791285541698921,0.1755725190839694,1.609657842603703e-06,0.2072072072072071,0.410338225909381,0.734544844189386,0.6547377256194888,0.7266392848950747,0.2821039611983515,0.7861284118133463,0.3845412130177466,0.3689087513756393,0.419090570070936,0.4854294931664869,0.6387900034273072,0.4921968685099783,0.6915008615938013,0.90398591667727,0.1767722335554847,0.2214697569290394,3.701849801797629e-07,0.3918943942055908,3.875449596560015e-07,0.4979188537212752,2.575065557663207e-07,0.5126740713581784
18,9,16,0.75,0.4152450144854459,0.0799204943665736,0.25,0.6480295425357274,4.606294195984548e-05,1.773001211834649e-08,5.2442045213628855e-08,0.0006714768226928,0.824584165100667,0.840355838722649,7.779171007334909e-05,0.9868168451047764,0.52755905511811,0.1130876747141041,0.1793818386254992,0.604166666666667,0.1628614916286148,0.1359029206830571,0.2289156626506024,0.2783882783882784,0.0357812399178305,0.0422093508884216,0.1392395572234661,0.1875328266673315,0.2218405477075707,0.0391549342122834,0.0939140350577506,0.1571128726929345,0.1786658409264428,0.2136245393689856,0.3269117194443393,0.3151031004196832,0.3461240742650245,0.2263657648865574,0.3128083172174071,0.2958639609277889,0.3259717913386546,0.653342922160904,0.178117048346056,1.3759574470608792e-06,0.1861861861861861,0.5443522654754309,0.7766709404796885,0.6366228664671754,0.7471255020719947,0.3660172738884449,0.6404953580866253,0.3575596997450702,0.3656830128225319,0.4363940571375444,0.0987364374725454,0.4921558720392337,0.0721772797873795,0.5144839284234833,0.9225746981421978,0.114008751494814,0.1396202485384869,4.138319827538313e-07,0.350317307864417,2.434080532719106e-07,0.391309714790795,2.2644152631267005e-07,0.5012427201893719
18,9,17,0.75,0.5491693119487768,0.2360864003918715,0.25,0.6177982475208184,4.606642086128589e-05,3.1528729058485044e-08,4.687839534600288e-08,0.0003220579532462,0.9177858024744,0.9297142692386664,3.663892202605061e-05,0.9984110825389054,0.448818897637795,0.0482846251588309,0.3152531675771863,0.5486111111111109,0.1628614916286148,0.1262425237974897,0.4268502581755594,0.2271062271062269,0.1129915101868764,0.1136091985502294,0.1428332408918927,0.1676167884717884,0.1867076463193944,0.1123759570365362,0.1160622949498008,0.1500802476487443,0.1975250615045676,0.3316369400224594,0.4004535479547741,0.3651071948121854,0.386624962740105,0.3640780575282858,0.4227930549352782,0.3701607079412446,0.4322699937441956,0.5615372010022339,0.1730279898218829,6.529513647223767e-07,0.1711711711711711,0.410338225909381,0.661290067390194,0.6055790509591334,0.8104985672418783,0.311051263917484,0.807252761944293,0.2687848429351186,0.2486804495685317,0.3004859828499047,0.2148890927571321,0.5313351523414002,0.2096560301039989,0.5683729631264879,0.9387405081063348,0.1127382668239424,0.1438780425842094,3.8821518963581515e-07,0.3027057952102361,1.7146622316404585e-07,0.3197178940647716,1.3794044437777405e-07,0.3166383495980976
18,9,18,0.75,0.5247366345078777,0.2031118221331026,0.5,0.5965690661642536,4.600075142519886e-05,1.0715851058661968e-08,5.975022019433766e-08,0.00129268588016,0.854150426348963,0.8878030499570857,0.0005049593977975,0.9955949174970704,0.448818897637795,0.1372299872935196,0.1352625604610689,0.6805555555555556,0.0989345509893454,0.2282804659012961,0.2977624784853699,0.1904761904761904,0.0900499997450225,0.0894967575884313,0.1656510665971767,0.2180281810124596,0.1849014857638265,0.0875841707070425,0.1331541439221923,0.1829713140528424,0.1781146306549345,0.3104475250971161,0.4189427700713946,0.4040352142068366,0.3826043468628593,0.3397232064715829,0.434946068409232,0.3928870418312256,0.41065563313407,0.6148689536635215,0.1806615776081425,9.26304473904172e-07,0.1951951951951953,0.517549457562221,0.7229563384638018,0.758388968085618,0.8765779912699228,0.143539436016734,0.774342762023231,0.2578278393441373,0.2382281192032944,0.2960371624676101,0.2126593932006372,0.5488809924527306,0.1935466446902284,0.5485318104507692,0.9303474562384622,0.1644975085097431,0.1915871147042692,4.627141769026732e-07,0.3175919844362688,1.8312181210617986e-07,0.2822176251612971,2.0855873851225174e-07,0.3840572609418798
18,9,19,0.75,0.4830941542138794,0.142012877832178,0.5,0.6008763282713312,4.60391339667615e-05,8.528662322839531e-08,4.0611589889299036e-08,8.168191843978158e-05,0.8583823021468868,0.8441922948577517,2.7045604517743022e-05,0.9863379647766336,0.448818897637795,0.0851334180432019,0.2051359904993358,0.4409722222222221,0.1308980213089801,0.1308312123181342,0.1480206540447503,0.1886446886446885,0.0354008404506343,0.1276493371511793,0.1485705670388667,0.2277793123570712,0.2695382383960208,0.1261789762078631,0.1223154754781683,0.1999564203638211,0.2582258073914506,0.3430429904044179,0.4059124441962723,0.4143372904653677,0.4529326574164714,0.3750934092452628,0.4290841197407347,0.4120459367673516,0.4810693743279621,0.7679545913751054,0.1704834605597965,1.6957988782190064e-06,0.1891891891891892,0.6515634971282704,0.6708345127155582,0.6004008014074342,0.7179261541653412,0.2892385841232939,0.7528759945330168,0.3198511939436161,0.3467461112685837,0.4122057133374106,0.2352571436296862,0.6787053827172176,0.2056860053927166,0.6719180845590679,0.92344849390804,0.1319120783009965,0.1514463206351707,4.4944985650876483e-07,0.4342699380693074,2.588551048769579e-07,0.3617755125010094,1.9326056556664525e-07,0.4298640093657202
19,8,0,0.75,0.5267329060745832,0.2058882461446504,0.5,0.3504795415668323,4.551771827947337e-05,4.662421226055556e-09,3.7212556221551934e-09,0.0001771448332243,0.766370747768154,0.7667640493877185,4.305174006834054e-05,0.9239649341268572,0.5196850393700786,0.2604828462515882,0.0797512503290339,0.6736111111111109,0.5129375951293759,0.0465578174647119,0.5645438898450945,0.5402930402930403,0.0505260902616717,0.0854581863182053,0.1924610881935141,0.4272345056236324,0.394414990439629,0.0833425267822959,0.150830622170939,0.3526648779482876,0.3463210007076373,0.3609102788714223,0.5040373717927163,0.6056866959835833,0.5935970935140835,0.3842867907919809,0.502915107189209,0.5634711220548876,0.5866019231961399,0.627112347512139,0.0687022900763358,3.247513086850697e-07,0.111111111111111,0.6247606892150608,0.7610304565440771,0.5328887343196094,0.8028285849051429,0.4269997974283119,0.5036349227277612,0.1852612577297158,0.5056667759695697,0.5076658724055099,0.2637184359797075,0.4950836736972398,0.3288304800092147,0.4871241457218679,0.9152738294118696,0.2121634882740042,0.2279993274614613,1.904925886283396e-07,0.2344456659814987,9.025056454664723e-08,0.2775625672441435,4.3814053521447384e-08,0.2546947727067492
19,8,1,0.75,0.355672507329139,0.0727549050528415,0.25,0.1487708369154267,4.551782942732608e-05,2.753763453154376e-10,2.0667619941580607e-09,0.0020841413449881,0.5090074347647732,0.6073717933250403,7.322869542263837e-06,0.7621154463119144,0.590551181102362,0.2973316391359593,0.0763584897350075,0.6736111111111114,0.4596651445966513,0.0526158540761787,0.6867469879518071,0.6593406593406593,0.0499256275873443,0.0991023563623447,0.1506818121414495,0.2944122710471199,0.3165637084207054,0.1054060501991418,0.1276928123372454,0.241884611097668,0.2973294888776473,0.4202074312833467,0.5380375650420736,0.564425643184465,0.5946526375649773,0.4572206512589941,0.5534025571355745,0.5402806668321931,0.6124757938856642,0.79274640294441,0.0916030534351145,5.855028722295035e-07,0.144144144144144,0.7855775366943203,0.7660698479292862,0.646612585852437,0.9203310266869402,0.2759200829105374,0.3320797298539764,0.1132759376404558,0.1106005083768351,0.1383806853949005,0.1862625999233915,0.536143234356186,0.1312154628629149,0.5493233013604114,0.9672125095059064,0.1593449556397073,0.192000440487582,1.1829208003372228e-07,0.1103817409803899,9.70465923184165e-08,0.1626507450386563,5.0540093200936194e-08,0.134184132385565
19,8,2,0.75,0.7245573522883959,0.505024871289309,0.5,0.0924078606685375,4.551578312224287e-05,8.426506471735707e-10,2.883989912144949e-09,0.0008893482431571,0.8067536524009943,0.8548333799113936,0.0007828752282984,0.9445335000815792,0.5196850393700786,0.3240152477763658,0.063135836104904,0.7361111111111112,0.5281582952815829,0.0487811856556341,0.7228915662650601,0.5586080586080586,0.0698647546594606,0.1578741385218413,0.2873846989149602,0.3348729703635528,0.3706961274164198,0.1630212727112389,0.2514939045180496,0.3077241969373949,0.3276823209098154,0.442245415471972,0.6101960105339165,0.577213964501649,0.6136029436230092,0.4743701175051534,0.6197553800276562,0.5642975492469868,0.6152311696708455,0.823132989792887,0.0916030534351145,4.439848760716925e-07,0.1261261261261261,0.7319719208679003,0.7801700372176277,0.4713575406339636,0.8433726844789478,0.4515221455976652,0.7255442276762449,0.1372240012456916,0.1562964242555276,0.2113073248199899,0.3252606719846394,0.3816417577469066,0.303764280351485,0.3872176413374839,0.9365375597447833,0.2241949511566563,0.2748087989656721,1.8017746620808728e-07,0.1486480087284216,9.362619396567692e-08,0.1441882630616234,4.594679671884909e-08,0.1568381444921619
19,8,3,0.75,0.403177586996545,0.0878157702978566,0.5,0.0915116534298854,4.551760329474473e-05,8.825784153168678e-10,3.571245061251949e-09,0.0010313042396487,0.4516984859860715,0.7784234177615375,6.32499725588489e-05,0.9142610908982904,0.7322834645669289,0.3468869123252858,0.0768570436103708,0.7048611111111109,0.502283105022831,0.049634054082823,0.5938037865748708,0.4560439560439561,0.0706400190384001,0.1865629942962279,0.4616332750876498,0.418294039948466,0.370549022745215,0.1990321343473306,0.374824265533451,0.3953364632519859,0.3747772316566948,0.4660612473853517,0.7226104198663615,0.6303629265608822,0.6229987382058761,0.5030278030531148,0.7045146054266289,0.6186578673745388,0.6507462700277319,0.6926739350167179,0.0916030534351145,4.197377908920046e-07,0.1381381381381381,0.5979578813018509,0.816689432256362,0.7006741334511073,0.9188136865141052,0.3275931722181428,0.5088157346312926,0.0387596863131824,0.048956498815017,0.0384908938234849,0.0227889656283639,0.4945992988745568,0.0193255788206494,0.5188575765155737,0.8730842058219117,0.4263384928409872,0.431125898226064,8.419552202295558e-08,0.0335594136957638,6.10023419541737e-08,0.039364953034791,4.1563922567296415e-08,0.0880587402285236
19,8,4,0.75,0.3802059024487475,0.0814687228029377,0.25,0.1182270042096763,4.551601157359439e-05,1.0363043445094247e-09,1.8682615754292323e-09,0.0004861900842649,0.3784430365051281,0.5443325145345969,0.0057752918955181,0.7127034052368333,0.5196850393700786,0.2477763659466327,0.0840060386443719,0.6111111111111112,0.5555555555555555,0.0389404605367071,1.0120481927710845,0.5091575091575091,0.1236378407582912,0.133934657643001,0.1904019126319036,0.2695084032614668,0.5175162605450736,0.1346767430747553,0.1506225178383631,0.2256459028070568,0.4231724519053212,0.436126575099288,0.558678598005349,0.5486533697096069,0.6978762790976175,0.4615167263005233,0.5553084370472957,0.5211729076537275,0.6671443774835495,0.651234558714088,0.099236641221374,3.857352423470928e-07,0.114114114114114,0.7587747287811104,0.7477207922090918,0.4343958512987429,0.7990708303399008,0.4250755542129356,0.276127109097353,0.1639846175383441,0.2597968555924244,0.3010871142649027,0.3986547263101725,0.5030860909489514,0.3459459894019949,0.4877510689755113,0.9406865628704624,0.1819605922249372,0.215766011697049,1.91751285427041e-07,0.1830688348551577,1.0383476585952505e-07,0.1582182786651457,4.6748998633629974e-08,0.1876964191646427
19,8,5,0.75,0.4117111922213337,0.0935979050485074,0.5,0.2368970346701671,4.552380861755065e-05,2.510532610463966e-10,4.185783555142832e-09,0.0042754280653858,0.5792318045629647,0.6708351213623888,1.989726790033198e-05,0.9004552260377748,0.448818897637795,0.2198221092757305,0.0856446140797285,0.6111111111111112,0.4170471841704717,0.053830760453027,0.6643717728055079,0.5402930402930403,0.0648821902310876,0.2365767845238325,0.2897063980829376,0.5173403890802213,0.4382602256370678,0.240886448517245,0.2328105263673313,0.4506556835567951,0.4090697733640542,0.4601802965473321,0.5762424473314566,0.6659785960814075,0.6216954979384705,0.4942338907525985,0.578359316697885,0.6343552823359377,0.6340359001234394,0.7552027025737544,0.0661577608142493,3.966895642374214e-07,0.1231231231231231,0.6783663050414808,0.7039808017104989,0.3961042356788784,0.667537022922327,0.4730628862159025,0.4766324421227095,0.2114009782514433,0.3277025569266525,0.3950701354085129,0.1650749249380116,0.5600003502199837,0.14353708186983,0.5739767910103034,0.9316737733906062,0.1762713786189354,0.2196302777981184,1.319392368500705e-07,0.2039657556652839,7.491019462511487e-08,0.2467169330882809,7.068788961359535e-08,0.3553515430163529
19,8,6,0.75,0.4993177913665252,0.2048259253135216,0.75,0.1300879258506567,4.5520073721633085e-05,7.676644479557772e-09,2.533362673830448e-09,5.86043240473507e-05,0.3613827533233562,0.7167275959758486,0.0001131096069367,0.841252264767785,0.448818897637795,0.3468869123252858,0.0524439861006441,0.6111111111111112,0.6286149162861492,0.0336134057436891,0.7246127366609293,0.6098901098901098,0.0615135346876206,0.2275890998587307,0.2431111472550399,0.3343644354433371,0.4071009718138249,0.2408241797868745,0.2106694382957725,0.3312927086446026,0.4370324125973499,0.4891402528541595,0.5959102294474055,0.5881721062991063,0.6440828843150282,0.5236911340832408,0.6055447536527593,0.5868410800599111,0.6814559437083861,0.7318429394693307,0.1221374045801527,5.69880763628689e-07,0.1351351351351351,0.7587747287811104,0.8115453612715595,0.5773323698618364,0.8617259057133224,0.4433433516241868,0.3920560516332076,0.0980271218687516,0.1874338738677721,0.2355632890976442,0.1898943826171579,0.5640829011132388,0.187741176222528,0.5890125559172072,0.9660421035184704,0.1715829612077266,0.2120498642982851,1.6072834288713049e-07,0.10090177564564,8.228447076465598e-08,0.1279689052705216,4.7107441794870817e-08,0.1098454732468816
19,8,7,0.75,0.5456686110488096,0.2539169712127075,0.5,0.3009774118227863,4.551352955692914e-05,1.1246341536621651e-08,6.974310390426208e-09,0.0001230747278421,0.7908620853584656,0.822542136160716,0.0001800408546854,0.9388298554590176,0.448818897637795,0.2744599745870393,0.0679055891901377,0.7048611111111109,0.4855403348554032,0.0515423616376042,0.6746987951807228,0.5439560439560439,0.0657072534477207,0.2117167519342038,0.1997103294885675,0.2816104291841363,0.3031291299453993,0.2279912550599505,0.1772786079436887,0.2588333088150739,0.3015989151262665,0.4814036179552047,0.5712572930753752,0.5612183382562043,0.5915636315321626,0.519425079298293,0.5884662658512643,0.5531105876901705,0.619302048725648,0.6333888679908126,0.099236641221374,5.855028722295035e-07,0.147147147147147,0.5979578813018509,0.6354902754545617,0.6324708667980454,0.9173014315217638,0.3398038871883389,0.535995309969946,0.0358022468076202,-0.0016702342905601,-0.0074310679330407,0.0898819724961721,0.4581688775620672,0.0841090341353807,0.4815136125944236,0.959219887620856,0.2892859953360679,0.3444846059201262,1.2564222086168808e-07,0.0412036765062926,6.387053841092138e-08,0.0445616240833597,3.6793524044703016e-08,0.0792695369637307
19,8,8,0.75,0.6574239905914125,0.3750011931470711,0.75,0.1807608895980751,4.551640332667973e-05,1.1905151768781544e-09,4.654201377659486e-09,0.0009709776067901,0.7987329433509623,0.7255843048129347,0.000184546622605,0.9508261694004764,0.448818897637795,0.2858958068614993,0.0649840265701212,0.5798611111111112,0.5996955859969559,0.0339161459356361,0.6901893287435455,0.639194139194139,0.0529709301747194,0.0845220199708248,0.2700205908717053,0.3960756980378208,0.479267347626434,0.0840224669497358,0.2307586905599852,0.3524496859422449,0.4359778999017475,0.3707307284641261,0.5716789730725947,0.5914264843181738,0.6554612769720667,0.3982815696212516,0.5804742422637091,0.5705567352098521,0.6542076892297756,0.7613294704289695,0.0712468193384224,4.694931786635584e-07,0.117117117117117,0.7587747287811104,0.6906102762264861,0.518358079421759,0.8102612991043419,0.4400989237234771,0.659601799973632,0.1503890191728045,0.2515932701277141,0.2593207622026141,0.1192238188340225,0.5766632360842177,0.1029326996583007,0.5786455877877369,0.926745475641077,0.2441467450381229,0.2927158734615536,2.491884677204832e-07,0.1805896670369544,1.0540595942521638e-07,0.2010186930456831,4.779377532159235e-08,0.2526424980934046
19,8,9,0.75,0.3781832823060628,0.067895256621457,0.25,0.1166855763006969,4.551513029129846e-05,5.108411836208321e-09,2.4493029754086913e-09,0.0001001652237908,0.6853616049221706,0.7883421033758233,5.5889391827348096e-06,0.9120456160428768,0.5196850393700786,0.1473951715374841,0.1397784342208313,0.6423611111111109,0.3835616438356164,0.0614581555690462,0.7504302925989672,0.4523809523809523,0.0980609399456997,0.2100610295298307,0.196083886825877,0.2333609436878959,0.3231391040683727,0.2045932768727758,0.1634102186342267,0.1944165045725816,0.2539107864252853,0.4658691016600752,0.5445229825599774,0.512048387766924,0.5799889079719857,0.4849983384416792,0.5438574551402207,0.4835527461387781,0.5572562126256734,0.7955928034815902,0.0687022900763358,3.74780920456764e-07,0.129129129129129,0.6515634971282704,0.7613832459142609,0.5975893117105766,0.7916627254379365,0.3633067452990727,0.4080525436058089,0.1382882693077695,0.2922221292876676,0.3487129406430918,0.3808937528317039,0.6467233808367125,0.4238593263798626,0.7023695605822227,0.9542631105826328,0.1535398659671002,0.1869465961394989,1.5511853709109825e-07,0.1951778794861503,9.186410628958433e-08,0.1737042739740264,4.0415208681357136e-08,0.1811535125977487
19,8,10,0.75,0.6046501127883952,0.324291275016685,0.75,0.3775947531641117,4.55182079318025e-05,3.388885766165989e-09,7.468578202358117e-09,0.0005164991247266,0.7931842329606782,0.8395705724150958,2.912264270900108e-05,0.9236560133820656,0.448818897637795,0.2986022871664548,0.0619806704209354,0.5486111111111109,0.5722983257229832,0.0341385879214211,0.729776247848537,0.5897435897435896,0.0654034360514781,0.1737572485704027,0.1889696320933958,0.2888283636554823,0.4548846149277281,0.1761920028823676,0.1580034752893538,0.2383715257337021,0.3736203634239127,0.4514384308067686,0.5492766104314242,0.5519948229489549,0.6601378940836417,0.4793358517661766,0.5549543098207672,0.5235399565126524,0.637601250701825,0.6972494691837068,0.104325699745547,3.341597879552815e-07,0.144144144144144,0.7855775366943203,0.8154315197582633,0.5725047620814765,0.9016333735252208,0.4128836077714746,0.6240012833107641,0.1560098056656008,0.2438396584908702,0.2875486222026078,0.3543724064102797,0.5043284999679872,0.3422622047379837,0.5430807173009288,0.9417418426606614,0.1932455696727613,0.230600353617072,1.7067815505783458e-07,0.1636195866052508,9.459485796849273e-08,0.1618060895120075,5.229509277632453e-08,0.1723591611313501
19,8,11,0.75,0.4497654413640807,0.1814532181749526,0.5,0.1476040890128667,4.551599239412798e-05,1.019019196916001e-09,2.991984465162042e-09,0.0007550022924133,0.549764177997999,0.6193674262086352,1.0733471612272804e-05,0.7612635732517421,0.5196850393700786,0.2706480304955527,0.0766115099859914,0.6423611111111109,0.6149162861491628,0.0361387688036462,0.7779690189328743,0.5769230769230769,0.0740827600468393,0.0996716660549141,0.2023500030895939,0.3456970410726209,0.4039011005680651,0.1102755533323994,0.1801011447660231,0.3450271015690261,0.4184018101129119,0.4543448806776959,0.6072618671765048,0.6191836918850852,0.6671333496806997,0.4913409287160998,0.6174591128745873,0.6119818440648302,0.6915564221255268,0.658075575893954,0.1094147582697201,3.153428294148579e-07,0.1381381381381381,0.5443522654754309,0.7617398534066604,0.5442101317157322,0.898288260192416,0.400563269195732,0.3656903120128285,0.0794040988307895,0.1025708158722646,0.1224028900994576,0.4874237267328543,0.7803544767240678,0.4160573952395054,0.7671261934266911,0.9562354792561846,0.2385996119894832,0.2710017301239348,1.4673834742573429e-07,0.0844830764853925,1.0166987291330157e-07,0.0858657302531342,5.840515225486997e-08,0.0354526566748761
19,8,12,0.75,0.7659571734630417,0.5637425843701503,0.5,0.4527425459571157,4.551450733934545e-05,5.405087678610008e-09,1.2281971381510452e-08,0.0005220851380701,0.8846183178627476,0.8440591827810038,7.440950501088303e-05,0.9893416158818288,0.5196850393700786,0.2350698856416771,0.0886779630690567,0.7361111111111112,0.5601217656012176,0.0456456079208076,0.7659208261617898,0.4249084249084249,0.1089890797164328,0.3269500398282379,0.2362812805040288,0.341070783381325,0.3821339637495607,0.3128215883040367,0.1766846967722263,0.2667544795843625,0.3313528563340238,0.5234136666032694,0.544741290275025,0.553861866741503,0.5919431729330951,0.5388377258101082,0.527491580212742,0.5053149144407575,0.5789576174943027,0.7812873108021838,0.099236641221374,1.9470943786758506e-07,0.1231231231231231,0.6247606892150608,0.7876469080397817,0.6537178141870834,0.8422872146550962,0.3144788972139755,0.8607498186241462,0.1772529143485669,0.3013514669825685,0.3486061844159911,0.1209646308111626,0.445591148124559,0.0963908032942953,0.4847407397232179,0.9368394364331564,0.1830613798492084,0.226671547181857,1.1652873549335518e-07,0.2172002675173357,7.40640724539748e-08,0.2456013009469075,4.251605376679099e-08,0.209786374728544
19,8,13,0.75,0.2814826735460619,0.0227673141228258,0.0,0.101545956809889,4.551586188953732e-05,1.195457722454477e-09,9.310164024750119e-10,0.0002323777246609,0.1364446313785017,0.524729729487054,2.6217429727705067e-05,0.7275761370113671,0.448818897637795,0.2109275730622616,0.0893128348142825,0.6736111111111109,0.4566210045662099,0.0530021793844961,0.6437177280550773,0.5238095238095238,0.0648577640174372,0.1109921229721097,0.2835850139802447,0.2897465693822075,0.3381045682594089,0.1061697325907309,0.1870043771375547,0.2277649956342375,0.2987378679520396,0.4034322654757832,0.5959615246572868,0.5388673749184834,0.5825063566320964,0.4193083634629486,0.5525909278031765,0.4951245738526029,0.5744804836786809,0.6144164964307461,0.0763358778625955,2.974562454326772e-07,0.1351351351351351,0.463943841735801,0.6366533429406056,0.5953550235982235,0.8031291448643088,0.3585537895154954,0.1147997970243073,0.1061972131725314,0.2528695322623708,0.3220342354120644,0.0554030552954312,0.5095104369444214,0.0490973001658839,0.5266321989645796,0.9263131048556764,0.2652677153804977,0.3032723892981343,1.3142251974758048e-07,0.1453686337505788,7.691999871973661e-08,0.1561056050587457,4.4227804609408926e-08,0.1769134120342956
19,8,14,0.75,0.3530188292736687,0.0505005007779927,0.0,0.2498017171969227,4.551785026751038e-05,4.6672265643795894e-09,3.771298074396097e-09,0.0001794591809007,0.4237375625905087,0.7882404530589912,0.000207350299226,0.8667007698414243,0.448818897637795,0.1092757306226174,0.1659711620016963,0.6736111111111109,0.5144596651445966,0.0464021848314762,0.6746987951807227,0.4230769230769229,0.0930874236151205,0.179989294683308,0.2239725700327319,0.2572505321500546,0.3453599309883551,0.1752507260143914,0.1723611281319819,0.2028657246741176,0.3258941415495396,0.44502629051853,0.557546516649049,0.5208670391879737,0.5880534092063034,0.4647181458762426,0.5460255109165818,0.4841153958949389,0.5952290569046355,0.7111199853300172,0.083969465648855,3.74780920456764e-07,0.1351351351351351,0.6515634971282704,0.6658561557850309,0.5133433544114867,0.8082257067056955,0.3927107768445034,0.321032524280972,0.1455183614027071,0.2038426328790015,0.2739053289502919,0.2054967858786398,0.4788331144974579,0.1753299801359094,0.5067452180872914,0.9250092650323696,0.238808238028144,0.2666014430605122,1.372999035463931e-07,0.1947986476849328,1.0785976402185545e-07,0.1647539923963625,4.940694716512187e-08,0.1838132621600412
19,8,15,0.75,0.6671071628503431,0.4265863666332096,0.5,0.3885860982396349,4.552078586896465e-05,8.014167228326438e-09,5.325002256024306e-09,0.0001369779382059,0.8282853628746645,0.7387135775023645,3.363479399994671e-05,0.9335641757922742,0.5196850393700786,0.2109275730622616,0.0989460953451477,0.7361111111111112,0.5859969558599696,0.0433460364137247,0.4836488812392427,0.5934065934065934,0.0324072677806108,0.1022760734419839,0.3533657557752185,0.3466102314895528,0.4221193501257498,0.1099580351793833,0.3191704366664573,0.3510588363989996,0.3846689721022048,0.4293958357790776,0.663287268640599,0.598281619999036,0.6551964752882137,0.4670260971883794,0.6737051528798181,0.6002641548617221,0.6606576306578533,0.5833356361383868,0.1119592875318066,2.0725162429490198e-07,0.1351351351351351,0.410338225909381,0.6996072287799402,0.6136769354170148,0.9197515656135522,0.4418991599222069,0.6224532943353216,0.035514906530607,0.0264467120162592,0.0346551212575179,0.0392152967854305,0.5437389649567139,0.0299680754435447,0.5519715832510816,0.937696707805832,0.3294682531826565,0.3780704660058405,1.0705111609310673e-07,0.0268135761987562,7.444595141905667e-08,0.0727639641621545,4.2252499872808885e-08,0.0656543727486937
19,8,16,0.75,0.6020021531762796,0.3139167866415898,0.5,0.5273751473871099,4.5521513109411154e-05,4.713690391025633e-10,8.022748373412662e-09,0.0041829239787906,0.8171451411700995,0.8803264298836577,3.248975905775076e-05,0.9414909939223556,0.5196850393700786,0.2363405336721727,0.0881902597388701,0.5486111111111109,0.5403348554033485,0.0365609783785317,0.5817555938037865,0.5439560439560439,0.0524260929834039,0.0876811456709629,0.1533095845548861,0.2161415816622966,0.3295050994769466,0.0923364158567238,0.13980183733625,0.1874090512687528,0.3085494120296909,0.4480946812704056,0.5820235106847454,0.5615996548628921,0.6343764253278874,0.4772849377334172,0.5900694428087938,0.5410629237153376,0.6426744072765064,0.6971831981637511,0.1246819338422391,8.782098640673373e-07,0.1501501501501501,0.6783663050414808,0.8091869240568847,0.6596281864670006,0.9470251046282924,0.3857266663281588,0.5310061127779487,0.0449668427892308,0.0221152722867277,0.0279238095654068,0.3545558670410588,0.4332725825692148,0.3669803256685818,0.4442710880724969,0.9662631394157132,0.2472452557049949,0.2669260180424824,1.5602674536663646e-07,0.0299725941949794,7.220816573567561e-08,0.0278533948015748,3.562330237197857e-08,0.0285329640264629
19,8,17,0.75,0.4446374629951881,0.1319190311079688,0.25,0.1079066717210544,4.551699348985948e-05,2.260786158983725e-09,2.151651739152913e-09,0.0002352806720817,0.5088745979640918,0.8106246686825063,4.623088415438662e-05,0.8980490007648249,0.6614173228346455,0.2871664548919949,0.086494942278043,0.7048611111111109,0.5251141552511415,0.0472176906206,0.7211703958691911,0.4578754578754579,0.0916280921234134,0.051807844716197,0.13488185838945,0.3181277534585503,0.4445460167585062,0.0514626157959312,0.1119290510606227,0.2347965365530096,0.4558945976674382,0.3637641064557418,0.4907004967954119,0.5519959023959824,0.6418832408263375,0.3899917403668711,0.4992886484321776,0.5027837368588355,0.6720500120055724,0.7602675418492177,0.089058524173028,4.197377908920046e-07,0.1261261261261261,0.6515634971282704,0.7122121037357365,0.4729092731910498,0.8071618598329238,0.4252785792555005,0.421204383651972,0.1357160970314782,0.2159940464097061,0.2830285188705952,0.4413526085848585,0.4610852527552668,0.3923595661333258,0.5159956332035659,0.9541064596845876,0.1657870129278545,0.2025151938677767,1.4338412430094637e-07,0.174334939996478,7.206710782036218e-08,0.1676753079711502,4.6878144546044896e-08,0.1638964763322108
19,8,18,0.75,0.4624986753689651,0.1495271446976851,0.5,0.1411630152090947,4.551593852384428e-05,7.389611933748032e-09,3.047318215600386e-09,7.852394107335534e-05,0.6649793583205234,0.7348586918122338,0.0005719526691372,0.8810765225902104,0.590551181102362,0.3684879288437102,0.0604719404669315,0.6423611111111109,0.6088280060882801,0.0365697167884109,0.7194492254733218,0.5604395604395604,0.0690548710544671,0.1476709206168552,0.2602351555939516,0.3544747389165734,0.4429639503525335,0.1534549352302649,0.2345548764707466,0.340056460966554,0.4043062960087416,0.4213944827274581,0.5763824209526296,0.5743053838085543,0.641048331167771,0.4578453350892507,0.59800697130192,0.5738555434249378,0.6467041904119983,0.7928154507035372,0.0814249363867683,5.542586550278745e-07,0.1261261261261261,0.94639438417358,0.5633418926793818,0.5102434905841431,0.7398874672975246,0.3512755640648815,0.5011673563329831,0.1074932060932798,0.1523046637233256,0.1714597020967199,0.0363286381250275,0.5074706529709108,0.0305981856901454,0.5279436036945311,0.9553451215839046,0.210683323199641,0.253558138471804,7.55247004572189e-08,0.124580494010776,6.980797581223551e-08,0.1139574748929284,4.8650161784326076e-08,0.2039994255669044
19,8,19,0.75,0.4055770621221054,0.1070228776235702,0.5,0.2856407327882356,4.5516821427860616e-05,9.252111806541225e-10,2.289719033681341e-09,0.0006557542840929,0.5698618831971867,0.5742270337963467,1.4253979028400283e-05,0.7884348074002805,0.448818897637795,0.3608640406607368,0.0501298037147752,0.6736111111111109,0.5418569254185693,0.0437427343947434,0.5989672977624784,0.5586080586080585,0.0525951342414637,0.0857570818368828,0.2056385980760515,0.3085958220644753,0.3355293445184574,0.0876732027670793,0.1822265733491651,0.2542709186627714,0.3597135261052497,0.4178049105822555,0.5755935978168021,0.5759843936107353,0.6088543944702902,0.4460899984376886,0.5843379609367472,0.5444081213113272,0.6408971928585652,0.6778981936819877,0.1195928753180662,3.966895642374214e-07,0.1261261261261261,0.8123803446075304,0.6527147712795895,0.601371625657781,0.8033949821055288,0.347030375685562,0.3844883389216041,0.0930250116130623,0.0968274547789598,0.1143598771017544,0.2467691057500013,0.3774791769934703,0.226761916359731,0.4096596875051028,0.9637829847444096,0.2013727256723839,0.2336029092047653,2.806993361880438e-07,0.1220057936421803,1.192980938718803e-07,0.0890471134304588,5.026461859862639e-08,0.099939579204827
19,9,0,0.75,0.5429251688197563,0.2828320224602335,0.25,0.3199463260819272,4.575986518168115e-05,6.4099245473766e-09,3.401859460233406e-09,0.0001084324203448,0.7123050066223935,0.8163801920724153,2.961135171548049e-05,0.901561030078964,0.6614173228346455,0.2465057179161371,0.101187323408145,0.7986111111111114,0.4885844748858446,0.057227511929715,0.8089500860585197,0.6117216117216117,0.0720166431253711,0.3643994659316392,0.6069748021779745,0.5597297216029502,0.4718655264262791,0.3676990821525565,0.5731675950863518,0.4805848038776723,0.4367340550526171,0.5527884792578156,0.8119438678797487,0.7006764338846259,0.6618554159318897,0.5797217684333081,0.8415291891191176,0.6579027128292136,0.6650782380836123,0.6941670068304284,0.0966921119592875,6.183722641881204e-07,0.129129129129129,0.6783663050414808,0.7720825238846021,0.527449209245809,0.834024277708759,0.4377210791922714,0.5281400224261167,0.0849161496493993,0.2606278164560009,0.280005097468778,0.0291204782130331,0.5249316966762301,0.0225859211259205,0.5398923856897337,0.8227553999989312,0.4340925717015004,0.4718845369524048,1.7080942535101205e-07,0.1047268364239212,7.297646833565337e-08,0.1288185088150023,4.636576796441607e-08,0.1600171189369166
19,9,1,0.75,0.7882634371678655,0.6535166787131453,0.25,0.1971969482988757,4.575601442847549e-05,4.979462825429688e-09,3.2706676487937886e-09,0.0001424957736346,0.6885710469415678,0.6248127774372291,0.0001143398668617,0.907439063103264,0.448818897637795,0.2706480304955527,0.0689298151661205,0.7673611111111112,0.3942161339421613,0.0695354728347723,0.7280550774526678,0.639194139194139,0.0576151143516149,0.1117423481280985,0.1843358580969785,0.3508279851406878,0.435664284969504,0.1106676123860836,0.1393247290587022,0.287803503657457,0.3418115778881258,0.4249677546041231,0.5557345952123172,0.592848474827492,0.6551942957156637,0.4471242881838113,0.5456257343223162,0.5535097746643125,0.6229581476053493,0.6703312738560765,0.0788804071246819,6.183722641881204e-07,0.12012012012012,0.94639438417358,0.6412568416547382,0.579338141300715,0.8603322143199414,0.3461298793326904,0.5509310479977723,0.1234990565844642,0.1714051931055529,0.1922122491571702,0.2306264931345755,0.4031096269056583,0.2464276788571239,0.3959134308447154,0.94718401441352,0.2091088530111815,0.2439680648341929,2.310414523440745e-07,0.1255588870213075,1.0779685378612662e-07,0.1750454131678254,5.180863625528532e-08,0.1631969872729097
19,9,2,0.75,0.4089547329739453,0.0902726114254587,0.5,0.2208957320006203,4.576263435581523e-05,2.5099608979389196e-09,3.5581756174161547e-09,0.0003409568796303,0.6343310154441052,0.7638047579683888,4.627803619373747e-05,0.8840199984057826,0.5196850393700786,0.1499364675984752,0.1375728918290061,0.6423611111111109,0.4550989345509892,0.0510440805880193,0.7366609294320136,0.5402930402930403,0.0752779867606645,0.1640034057635733,0.2370343250897529,0.2492777212161436,0.4129886353962663,0.1668730562072836,0.1908030835551193,0.2128862263348506,0.396057669987693,0.4181693618446505,0.544231549711197,0.4928923150588726,0.6108467978033187,0.4516122852743149,0.5501770825345056,0.4798153517931914,0.6299814523765193,0.7107024983013224,0.0687022900763358,6.529513647223767e-07,0.1351351351351351,0.8659859604339502,0.8329370833847207,0.6376305340342299,0.8908011824169093,0.3138739512726827,0.3802304121026875,0.1473333338924662,0.1656024970424254,0.193120227826852,0.2695333298434887,0.3107194437161844,0.32657505797328,0.2918118332049048,0.9305415164771847,0.2307183020423769,0.2690355343970031,1.66879249079814e-07,0.1549166179377612,1.0960264032143044e-07,0.1742562070763051,5.264732680380354e-08,0.2296577991901378
19,9,3,0.75,0.3097367964071699,0.0379333509216614,0.25,0.1482604625603219,4.575385347969028e-05,9.360175325061875e-10,2.540934278140468e-09,0.0007111046317019,0.4606291196534271,0.55737441741364,7.95681043254542e-06,0.75722169592212,0.6614173228346455,0.2731893265565437,0.091092197751845,0.6111111111111112,0.5540334855403349,0.0390656393699634,0.5146299483648882,0.5915750915750916,0.0367020471876742,0.2369909003106929,0.2701076931518061,0.3512153849444257,0.4349217722693279,0.2624485295370473,0.2654671767659509,0.3560844058361244,0.4764438264738282,0.4974537428326672,0.6169011604763306,0.6014884364987302,0.6623507106409959,0.5395643962388951,0.6458408279752615,0.6055067281392906,0.7052801272817608,0.8226179866320389,0.0687022900763358,3.063995374237675e-07,0.1231231231231231,0.7051691129546904,0.755357782350103,0.5799796266012285,0.8277580772333368,0.3821941826871499,0.1829136683954306,0.1158652882929688,0.1502007325524721,0.1710966727476635,0.13002632477381,0.5210827871821911,0.0952090872323634,0.5223460594282167,0.9537223675113234,0.1998527299863607,0.2534002731597441,1.747023017347597e-07,0.1086414588509684,8.418527142537396e-08,0.1133048982402127,4.936589631949193e-08,0.1401181556128041
19,9,4,0.75,0.4513203035827975,0.1363469109099407,0.75,0.2560516082979969,4.57578001045285e-05,3.0710384893094997e-09,3.8406874188046955e-09,0.0002945686952646,0.7306915330916957,0.7090613518025632,7.968563303989114e-05,0.8634638448752937,0.448818897637795,0.1867852604828462,0.1008289012855845,0.6423611111111109,0.4535768645357686,0.0512335036580145,0.6471600688468158,0.5421245421245422,0.0620885366899273,0.0944277748416363,0.1975474220754997,0.2092854615252509,0.3564500171426276,0.0944888704957037,0.1588083743841832,0.186194793797897,0.3226435336263192,0.4055646847684466,0.551945565736619,0.50479906148485,0.6041599368115578,0.4313298221628502,0.5509237131809361,0.4894641385712461,0.6062603535256763,0.7327260068185617,0.0941475826972009,3.857352423470928e-07,0.12012012012012,0.7319719208679003,0.7856726027548859,0.6149961702162097,0.8943222324882751,0.3548191931216424,0.50012621378477,0.1381000172450051,0.2178809627725093,0.2593875186193055,0.3422288320532599,0.4585151701411082,0.3098034422459869,0.4526231671884758,0.952507367242135,0.1781605776846486,0.205996415564535,1.4638574574345625e-07,0.1555521279749289,9.921462854636713e-08,0.134076615736088,5.084179244149241e-08,0.1821880843277489
19,9,5,0.75,0.3393719704140209,0.0671322880696497,0.5,0.2245141246987669,4.5755250318786585e-05,2.2560712808413613e-09,1.6324790449147995e-09,0.0001815579724443,0.4103836496418683,0.570890180143667,1.9841802785179924e-05,0.6890181741934799,0.5196850393700786,0.1740787801778907,0.1194407885115966,0.7083333333333335,0.5129375951293759,0.0486947732364491,0.6161790017211705,0.6043956043956045,0.0483425177831687,0.0830415584248162,0.2015481146012479,0.289430144608704,0.3446907530385637,0.0855348376378666,0.1785240385685653,0.2481211352805996,0.3493566632246518,0.4056155739173523,0.5614265570269954,0.5559963011511688,0.6035331322883748,0.4370555852489926,0.574537301513242,0.5343141701961721,0.6294269770170148,0.8663290370017744,0.1170483460559796,4.318613334818486e-07,0.1231231231231231,0.7855775366943203,0.7051592868056469,0.5418105111136535,0.8047974501355668,0.4593108542133121,0.2966415404785826,0.1098330602912048,0.1251211726804388,0.1584672022748798,0.0700196332486583,0.499281514835904,0.0468191680281809,0.5236297185693201,0.9565101285991944,0.2024321735374688,0.2393776565326806,1.7966107645006936e-07,0.0982509480001509,8.512309329167752e-08,0.1191625541672049,5.04253131389025e-08,0.1928448708155003
19,9,6,0.75,0.4489905171092393,0.1290954345595577,0.5,0.4439990093248061,4.575587552106573e-05,1.86507537580526e-08,3.9593094967673206e-09,2.3452941152340704e-05,0.6510398030878112,0.7572245997924713,9.634327647744847e-05,0.8863968017390446,0.5196850393700786,0.2477763659466327,0.0840060386443719,0.5486111111111109,0.502283105022831,0.0398248760131296,0.7641996557659209,0.5256410256410257,0.0823026561408377,0.2201609156995757,0.2123815545824241,0.2976455702711232,0.2766677425936487,0.2414208057629272,0.1692522287254287,0.2583445065839346,0.2641586737574326,0.4860552568174211,0.5791860904930846,0.5700409089376641,0.5786580915688597,0.5274349367975579,0.5868612539619251,0.5555591978500618,0.6050336245752655,0.7335291152802963,0.1145038167938932,3.74780920456764e-07,0.1381381381381381,0.6247606892150608,0.5589383086128641,0.4732245883553139,0.840289750568993,0.4151813361764987,0.4635121820065506,0.0788468055068206,0.1267379698810637,0.1334831208293372,0.485488946904575,0.6791801381030486,0.5326069224749146,0.7291190177071931,0.962765033877838,0.211913450993259,0.2553903747146335,1.458510972978917e-07,0.0765137404950114,8.778756824453469e-08,0.0749091286131398,4.172920275648803e-08,0.0645768820545489
19,9,7,0.75,0.3933370856980051,0.0830980767197594,0.25,0.3730501021982418,4.575486664300573e-05,1.8011782230084116e-10,3.672373486879828e-09,0.0052958555119622,0.6537600101372198,0.6620055059303029,9.459995830223237e-06,0.8298095994617025,0.6614173228346455,0.3951715374841167,0.0613050217893597,0.7361111111111112,0.6286149162861492,0.0399530411998427,0.6471600688468158,0.6428571428571428,0.047231203659963,0.1052402260653046,0.1761775517551584,0.4040171159346941,0.3240549988616282,0.1170121132333505,0.1463055236085848,0.3997933704901368,0.3718211808538175,0.444498995611136,0.5793639358534687,0.63647494541655,0.6204596846044581,0.4851881146848937,0.5909852449122879,0.6301818126873135,0.6667003871004552,0.7873561524198327,0.1119592875318066,3.341597879552815e-07,0.1351351351351351,0.7051691129546904,0.698913644966694,0.6169416082512429,0.8716565805297409,0.346307909726597,0.3766681094925933,0.0405511900903609,0.048643459325544,0.0552089718813804,0.2978372884030999,0.3884508270356245,0.2742651006390737,0.4180134069975902,0.9374131634824318,0.3222030046615287,0.3277112469462503,2.132095475684168e-07,0.0513204519977142,9.016501708218009e-08,0.0405291241368608,4.015470156131322e-08,0.0370105753889544
19,9,8,0.75,0.8232737990623963,0.6877969805578745,0.5,0.4971310714479803,4.576015156390096e-05,3.59698853474173e-08,1.631994515152279e-08,7.792831878397764e-05,0.8453540853708078,0.8272002809413618,4.94480241072496e-05,0.9881919264404172,0.448818897637795,0.2846251588310038,0.0652979576243983,0.6458333333333335,0.5296803652968035,0.043234181621367,0.5215146299483647,0.4377289377289376,0.0621903010982205,0.2171797035875105,0.2498565887516743,0.3342093944017915,0.363333836908275,0.2248824984929555,0.2194825495866473,0.2852793926059881,0.3693117970814589,0.4539784660684228,0.555954363845455,0.5505161511484579,0.5811565359900595,0.4911399528778692,0.5772528339361208,0.5316017055425897,0.6173651671895278,0.7703439243433294,0.0865139949109414,4.963283011657601e-07,0.144144144144144,0.5979578813018509,0.7449870695785057,0.5234133727763064,0.8475337913017666,0.3949237938316243,0.8115235223420625,0.1481664252972823,0.3207397548446264,0.3517874724363841,0.1541496816236946,0.5380739258777933,0.1483617389038889,0.56148620506096,0.9380384972331508,0.206790432336313,0.2544711973603938,1.1386848673993181e-07,0.1834987580250996,9.091600286890004e-08,0.2089124289777162,4.703264269187863e-08,0.2472288916268147
19,9,9,0.75,0.6114674439663749,0.3739262574444089,0.25,0.2943016213599631,4.575432187848906e-05,5.459080022298661e-09,4.3882871850594595e-09,0.0001754826161014,0.6406821017300767,0.6631370643414574,3.952029139839569e-05,0.8813970680938831,0.6614173228346455,0.2477763659466327,0.100661676010821,0.6736111111111114,0.4550989345509892,0.053197164327845,0.6265060240963853,0.5897435897435896,0.0517316532205638,0.1336674480161158,0.2623970684074307,0.377374043698949,0.4215991542555902,0.1326449010375347,0.2185161030896653,0.3347452730812646,0.386319712919927,0.4238231844396878,0.5892032042234429,0.5969256765638205,0.6372725974220477,0.4478177280753984,0.5881497927780281,0.5719311471665549,0.63784541040079,0.9165080650877186,0.0763358778625955,4.439848760716925e-07,0.1381381381381381,0.6515634971282704,0.7876657466596328,0.5981322480373779,0.8740650385572715,0.3275197776713479,0.5800156371149748,0.1774908167470172,0.317983101099113,0.3579576550699421,0.2294640038664006,0.575177147651269,0.1933778920040233,0.5754094922173955,0.942776805545964,0.1647922572607524,0.1970096445569518,1.4786115413631273e-07,0.2297287474220236,1.0848164530838285e-07,0.2373559707689924,5.4291076556778484e-08,0.2205636389037515
19,9,10,0.75,0.2927287191344609,0.0347967544134736,0.25,0.0980811666835631,4.575493652662952e-05,4.4379276965253524e-09,7.246782027586781e-10,2.842299688570628e-05,0.2838409224157665,0.3799572105707637,6.282998964046538e-05,0.6521295042678508,0.448818897637795,0.3621346886912325,0.049927727980124,0.6423611111111109,0.4581430745814306,0.0506687861305913,0.6144578313253011,0.4395604395604395,0.0780189235163863,0.1000380278018631,0.1133393306774378,0.2331574095889338,0.3252417170135466,0.103222281969326,0.1037691782564837,0.2125303917520938,0.2854380264069864,0.4166987029546068,0.5101929964058353,0.5273847499550893,0.5950831857680895,0.4480930275001821,0.5283632316161475,0.5170058435478833,0.5982629385649278,0.6607688019931284,0.1145038167938932,4.082136775647129e-07,0.1261261261261261,0.4371410338225909,0.7442105711256501,0.6188360575021195,0.8818008792238499,0.3621366008932884,0.1052190261623271,0.0818360324384629,0.1141266406227883,0.1320189419077528,0.1929129039264072,0.40876270027044,0.184903367456507,0.4560277568353654,0.9752055847824244,0.1787274747757176,0.2120920209136612,1.8267048651549578e-07,0.0761794461984925,9.811746386754958e-08,0.0806365266197643,4.329123336964769e-08,0.1107215863283346
19,9,11,0.75,0.2598312129960605,0.0243921293596091,0.0,0.086051951187195,4.575487557838489e-05,1.7517262605803131e-09,7.867370124226434e-10,0.0001290902938113,0.3725782066367481,0.3094948962764264,9.46546591414128e-06,0.4945465638735339,0.448818897637795,0.2757306226175349,0.0675699671189117,0.6423611111111109,0.5875190258751903,0.038145071088273,0.6936316695352838,0.6758241758241758,0.0486911240845242,0.1947579054520638,0.245306209865923,0.4740735075347344,0.5075754645844742,0.2007364890513792,0.212196974687644,0.4302905202308349,0.5346181597116278,0.4741583708972116,0.5997350793804526,0.6622534869230894,0.6967521278791453,0.5032086124277784,0.6048527048958805,0.636070896920688,0.7279892570496347,0.7391920366012434,0.099236641221374,3.643682175729114e-07,0.12012012012012,0.8659859604339502,0.6250482743269408,0.4535482482717139,0.7635684697525948,0.4100973531402851,0.1297048264685889,0.1307037283077745,0.2639897888851681,0.2739318440014471,0.1703766511445308,0.5227817228682765,0.1641704894536905,0.5548516718003325,0.9454525532800196,0.1993069803149783,0.2457208480869533,2.593112619691527e-07,0.1698254811139687,1.0531903721989025e-07,0.1781621728685433,5.3349365064233695e-08,0.178840017006258
19,9,12,0.75,0.5412506328208933,0.2272406581136614,0.75,0.2414800026288968,4.574875218720233e-05,9.092264652766225e-09,4.353395242302925e-09,9.17562261347634e-05,0.7041348723432533,0.8435651397289385,1.3584435686098745e-05,0.9454699878246388,0.5196850393700786,0.2465057179161371,0.0844534905611022,0.7361111111111112,0.3987823439878233,0.0662603975836325,0.5938037865748708,0.5054945054945054,0.0607004667647441,0.1259289970852763,0.372605491919942,0.3700019462383813,0.3731964360066923,0.1244759530196036,0.222892495932452,0.2896582035951069,0.3187614961585481,0.4309168501109662,0.6675724559690694,0.6019018673856332,0.6209463942339429,0.4527235573262758,0.5995634976776361,0.5531611124491842,0.6091237402374392,0.6968526361668461,0.0941475826972009,5.10443779785215e-07,0.129129129129129,0.8123803446075304,0.8031575520836562,0.5997703618340715,0.8970540739259407,0.395849734532016,0.6333146718582476,0.1397277189976767,0.2953534679598157,0.2792614030186335,0.2058920673575333,0.448089156946068,0.2118415006020567,0.4852585233760289,0.9284468852496772,0.2224127618747395,0.2451148677535885,1.0795944483996338e-07,0.1694754473019378,6.259769917299325e-08,0.1808900077506887,3.5770774189241345e-08,0.1628849217144756
19,9,13,0.75,0.4071921511438987,0.0949614588646986,0.5,0.1891128319998735,4.575775803724567e-05,6.888751002096988e-09,3.319783423372069e-09,9.587537289414948e-05,0.4328274848847223,0.6462125256482155,0.0002004119317854,0.8410947634545236,0.448818897637795,0.1601016518424396,0.1170684360373116,0.6145833333333335,0.3622526636225265,0.0629283953767593,0.6781411359724611,0.6043956043956045,0.056357011166808,0.0921696165917664,0.2154983027329615,0.414332695969173,0.421409174617199,0.0923679609102347,0.1654315506573053,0.3354216843692611,0.413335613889958,0.3895225414967043,0.5473749674864474,0.6116527671479128,0.6291983630933693,0.4174394894806572,0.5426423752926621,0.5676813847453882,0.6484135496286986,0.749439493302678,0.0916030534351145,3.063995374237675e-07,0.129129129129129,0.5711550733886408,0.6537994687231969,0.4713519423795862,0.7284940900583066,0.3990702083544126,0.3639986988031977,0.1650263279722196,0.2460647449143012,0.2999854815821212,0.192981691426733,0.5397921416026645,0.1675810175396926,0.5589092658843131,0.907628769152532,0.2715900749809382,0.3064902348094634,1.1387477582210525e-07,0.2122359662425884,9.162303881522017e-08,0.2095705094974939,4.695098949908578e-08,0.2551399838015902
19,9,14,0.75,0.3187289068210733,0.0390482889438284,0.0,0.1354224580528699,4.5755863918562974e-05,2.5130038158847342e-09,1.7125622067707171e-09,0.0001672666210672,0.5404276258524228,0.6489867655412827,9.262931089021031e-05,0.8016947896885707,0.448818897637795,0.2350698856416771,0.0799419179797917,0.6111111111111112,0.465753424657534,0.0476440485216073,0.7142857142857141,0.4505494505494504,0.0924121120833574,0.068714630566132,0.2071058808809099,0.34573953878929,0.4668861909716492,0.0697138780437657,0.1956656283096913,0.2928828462430442,0.4033731406403871,0.3918070448931909,0.5585134918842118,0.5822585115366435,0.6655412915041572,0.4208324432109314,0.5789559277860881,0.5529939349962119,0.6525906253530539,0.70834780194695,0.1017811704834606,5.2455925840467e-07,0.129129129129129,0.4907466496490109,0.4810299535393345,0.3916323807294031,0.5731428379913672,0.4271930740286841,0.3353050110420994,0.1523641925433952,0.2082418556767968,0.2454873501076164,0.3470209216109301,0.4869385506969937,0.3896789223714288,0.5381775233511572,0.9467272261707756,0.1812132029837732,0.2068579645265288,7.115756686633104e-08,0.1989616955762306,8.236377706860352e-08,0.169542452587635,4.4259857685218186e-08,0.1943470673971166
19,9,15,0.75,0.39080670153766,0.0885423445086486,0.5,0.3046901837161757,4.575325419574381e-05,2.9348396156721554e-10,3.7534335538074535e-09,0.0033070830361666,0.5933204677920526,0.5386647483670247,1.4110119322637226e-05,0.7912689552976466,0.448818897637795,0.1740787801778907,0.1080167295487116,0.5833333333333335,0.5083713850837138,0.0414267021329146,0.648881239242685,0.5604395604395604,0.0592511337775667,0.1314649235081308,0.1805829188399241,0.2842970981498358,0.4193443191377135,0.1397104313253213,0.142068064949297,0.2838690956390687,0.3741750375634183,0.4468344138024084,0.5687143729794115,0.5696355825750259,0.6561718068515234,0.4814471784728341,0.5720045114628586,0.5685038949560866,0.656459167629494,0.7477554529061279,0.083969465648855,3.5395551468905866e-07,0.129129129129129,0.6515634971282704,0.6340255786732545,0.6657043398553188,0.939087090681221,0.2418507247357095,0.3307865647583833,0.0783757391696889,0.053777041606625,0.0675841440010642,0.1689744826317841,0.562819987692058,0.1588028059465321,0.5660856108804582,0.9410736113289296,0.2878002946436196,0.357444447282138,2.464772322328201e-07,0.0626159471138331,1.1099516728131133e-07,0.1224863810502431,4.730341703529762e-08,0.1163921893151194
19,9,16,0.75,0.6212661343970614,0.4148900547623726,0.25,0.4065194490873159,4.575706690349855e-05,4.5363437821303135e-09,3.5971458568088293e-09,0.0001764968816963,0.6766946133910208,0.7034043626075934,0.0001446603703638,0.7759531329098777,0.5196850393700786,0.3202033036848792,0.0639598625520343,0.6111111111111112,0.5996955859969557,0.0355739682825238,0.6471600688468158,0.5274725274725275,0.0646945287935789,0.077930836342994,0.3849577198213901,0.398358444954974,0.3831307670621436,0.0813639129256481,0.3502400552492065,0.3312448717112519,0.3303537739912463,0.4297883879127553,0.6879009997482843,0.6324990073520689,0.645933798904298,0.459839782983635,0.6934151338002575,0.5942422223845206,0.6405557916251878,0.7380706237630736,0.0966921119592875,3.153428294148579e-07,0.102102102102102,0.8659859604339502,0.4940581854492172,0.4019994155974418,0.8638657493256905,0.3991056883114008,0.4419319917164228,0.0813137089275196,0.1949875352592784,0.2467636557899111,0.4829342541087095,0.6569803533524541,0.4138452056281213,0.646453732604039,0.9126768824549526,0.3090774051055784,0.2994099056493257,1.788889798588965e-07,0.0817325556319539,1.0028320726328277e-07,0.0730802590919856,5.0181125286997845e-08,0.0580440815185371
19,9,17,0.75,0.4279169478049345,0.1095295335763655,0.25,0.1407805100558384,4.575568663441926e-05,1.7811435359165203e-09,2.961363071802997e-09,0.0004144003544713,0.4760675582780106,0.683644388237052,2.8106528896216785e-05,0.8904157604575307,0.5196850393700786,0.3989834815756035,0.0499472886943273,0.7048611111111109,0.4870624048706239,0.0513637616546011,0.6454388984509465,0.4908424908424907,0.0715764531478606,0.4055853357821035,0.280398121694582,0.2679918230832289,0.3469818713323893,0.4338610174610884,0.246621848961768,0.2358436396806933,0.2666003663389606,0.5805360906671471,0.6181379979717335,0.5540568922286097,0.6138439641658374,0.6159598291755728,0.6287429963267597,0.540780975228394,0.6016366439981512,0.6425060922292078,0.0916030534351145,6.183722641881204e-07,0.1381381381381381,0.8123803446075304,0.730284586742143,0.4613813737932952,0.8314836831703682,0.5467975783809771,0.4211281878817537,0.058569750947797,0.1500196194088974,0.1697911831324055,0.1105592744565995,0.4326991870883863,0.0862855264743343,0.4776902152967623,0.9385344014871486,0.2980901983491881,0.3389183775915768,1.0244795951954645e-07,0.0778853341205573,8.147145501356016e-08,0.0882180079990556,4.2803081915089185e-08,0.0542191285426625
19,9,18,0.75,0.3941009802285017,0.088069067167361,0.25,0.2791911138694201,4.5754368408371066e-05,1.3007420169433506e-08,3.261640105640193e-09,3.476733155765995e-05,0.426446738396244,0.7133289822783234,3.73607678531656e-05,0.8702523737324179,0.590551181102362,0.2109275730622616,0.1085793558760129,0.7673611111111112,0.4550989345509892,0.0596564155473224,0.6815834767641996,0.489010989010989,0.0776680646261111,0.1768322630249583,0.2664008580180462,0.3093166229105052,0.4035966748340883,0.1813143635364784,0.2111313638680102,0.2958074066717444,0.3677234132483989,0.4406985612350982,0.5827681199703026,0.5489025114431583,0.6194049957060892,0.4733668121660083,0.5807928916023819,0.5470391691752634,0.6253997555148784,0.6852230555024978,0.089058524173028,5.542586550278745e-07,0.1231231231231231,0.8659859604339502,0.8617830967147064,0.5817518137401771,0.9101129984591708,0.3992862286878103,0.3544012965482433,0.1812822932694771,0.310060834094211,0.3436989547810691,0.215059209958901,0.4613806042297215,0.1873263468779795,0.4891003546933939,0.9418946691234082,0.1691327906240053,0.1955540617282929,1.4509177311449877e-07,0.2363973082002682,8.399246452076519e-08,0.2066717608152153,4.8880290216219035e-08,0.2301979601075057
19,9,19,0.75,0.3742866270440749,0.0703353404563648,0.5,0.3939662395302483,4.575626706320396e-05,3.840093182060919e-09,3.6853516555811315e-09,0.0002196753544242,0.5412783546762008,0.5859982233090206,0.0001017360416931,0.7039539265244819,0.5196850393700786,0.2490470139771282,0.0835627490710529,0.6423611111111109,0.4429223744292236,0.0525936835090122,0.6953528399311532,0.6098901098901098,0.0577612600075312,0.0256232781134894,0.165503031364593,0.1859417709573057,0.3514040708504957,0.0276957855637476,0.1474678542210433,0.1880201947579618,0.2691801184678175,0.3846738396912642,0.5497274218037,0.5097879194598919,0.6149400106959932,0.4249427089265415,0.5702771298494467,0.5176649709619723,0.6034692420704676,0.5533135373042657,0.1475826972010178,4.439848760716925e-07,0.12012012012012,0.7051691129546904,0.4853479880454561,0.3379570412698545,0.7751847514169516,0.4258592725942947,0.3632372347206273,0.0659348666141993,0.0306034665266814,0.0299195876699942,0.1978923836600292,0.4783632832583908,0.161990948993821,0.4904344015494435,0.9672299396128924,0.2296052700783007,0.2633725703002065,2.3374326529315203e-07,0.084291239056483,1.1175109089474152e-07,0.0568621809480184,5.02549856241641e-08,0.0813122592925895
20,8,0,1.0,0.6673214748524612,0.3803825909354434,0.5,0.6433545247549365,7.482427512200419e-05,2.388463422809457e-05,1.848279521288058e-05,0.00015078694444,0.9263481820912176,0.9582143683705112,8.446915151451703e-05,0.9996994863156792,0.448818897637795,0.1092757306226174,0.1659711620016963,0.7604166666666665,0.1933028919330289,0.1395007568519114,0.1359724612736659,0.1428571428571427,0.0487599393135665,0.0770111412579264,0.2330581781805515,0.2065728886095557,0.2160020112469785,0.0740123465345388,0.1968218890657317,0.1706309660580577,0.201649507367383,0.3240198075043985,0.5039106394438585,0.4215197973725536,0.437000731781611,0.3455404583244773,0.5144450485805561,0.4004301157562566,0.4501184994290783,0.0929343370285087,0.4249363867684478,2.194244805015258e-05,0.3993993993993993,0.2495213784301213,0.9033914421789612,0.666574190594118,0.8414644450356321,0.3861733997513867,0.7620736586436125,0.2904970488726786,0.236708874072125,0.3004714421223893,0.2906006223776919,0.4260696138361147,0.2692344620573454,0.4664489922253169,0.9225561461935178,0.1627470872845213,0.2004850011459295,9.23480741075434e-06,0.3241835233928913,3.548675561926813e-06,0.3494257947061625,2.5640373083120607e-06,0.3226831752730654
20,8,1,1.0,0.476933626848322,0.1261224484847627,0.5,0.6086770232649098,6.182646256774169e-05,1.5035213357690188e-06,1.1762334472795176e-05,0.0018140664272248,0.8925670386591306,0.9547323355379856,0.0002114935358198,0.9995341314903252,0.448818897637795,0.2134688691232527,0.0882367486706089,0.6111111111111112,0.2085235920852359,0.1090117197371746,0.4664371772805506,0.0842490842490842,0.3243555477332634,0.1172671421023138,0.1852731549659915,0.2230149999068385,0.1877992945063857,0.1217695489650586,0.1498010058179756,0.2016086350791113,0.2131433396046664,0.4147332944537789,0.5397895576946126,0.5082650284025026,0.5057017763307823,0.4492646889436211,0.5482299361262937,0.5017475592560114,0.5499883196263116,0.4018210357594594,0.4122137404580152,1.606825201726802e-07,0.2672672672672671,0.410338225909381,0.7858919498381209,0.6884219377982976,0.9157012954188452,0.3418320613616343,0.8067267853040634,0.1597535722454471,0.2461747271122865,0.3163631222195238,0.6289794710172406,0.16437787053338,0.6363566416551274,0.1501285009645758,0.9421234368367788,0.1723045163444988,0.2161577487946978,3.975698609106678e-08,0.1708579597640133,2.069610708506276e-07,0.189352470386699,5.9375973741961175e-06,0.149219521820251
20,8,2,1.0,0.5105202374354025,0.1836982803477505,0.75,0.0772472580278681,5.041805951926189e-05,7.365996506107335e-07,3.22457966184462e-06,0.0010011956596134,0.5217804838155847,0.8694062204872484,3.613206406317155e-05,0.9993621326249796,0.5196850393700786,0.1473951715374841,0.1397784342208313,0.5798611111111112,0.2663622526636224,0.0823661464480276,0.5920826161790018,0.28021978021978,0.130948041693487,0.1265734228610212,0.1719349668053789,0.2022319452495099,0.2236983349959318,0.1338460568287714,0.141543004195617,0.198785871381722,0.2462800702898518,0.4109105988724265,0.5190666686553612,0.4843098869680283,0.5131378876615935,0.451221977305077,0.5369041623916371,0.4947363912507121,0.5620458458994836,0.2610650690975395,0.3944020356234097,4.2463385734855e-05,0.4144144144144144,0.4371410338225909,0.8832702683384985,0.8061901548126622,0.9689284725655471,0.2137084568165952,0.6688978402001768,0.152054228319447,0.1757972884885141,0.2343483845644296,0.2078080244951998,0.5940062884000122,0.1857488157432773,0.6116766217010062,0.95007357820532,0.1750972349817844,0.2179176537463442,3.194900766675179e-06,0.1545415681214194,1.4995039965412571e-06,0.1577454011012022,1.2374769296512862e-05,0.1977169983419907
20,8,3,1.0,0.6027070907350347,0.3164330371721228,0.25,0.2466443626957014,5.43218763802824e-05,2.441627913936357e-06,2.881545413457147e-06,0.0002466933266482,0.8343949200484478,0.8576721952207805,0.000100332153993,0.994181705476326,0.5196850393700786,0.1601016518424396,0.1293591477491052,0.6736111111111109,0.2328767123287671,0.1059950059065183,0.5370051635111874,0.2124542124542124,0.1589837286821837,0.0934949717436408,0.1945296080913034,0.3303738281850783,0.2805049908447857,0.0927650735914357,0.1673841063268109,0.2922101571495608,0.2840738106151796,0.390418545085667,0.5332914740636459,0.5608636656536332,0.5457004972046298,0.4158491064758542,0.5422577379258191,0.5396816287633398,0.5702654035905204,0.2860031910334668,0.3918575063613232,3.247513086850697e-07,0.4204204204204204,0.6783663050414808,0.8768168708810431,0.7572604902590987,0.9010783721851384,0.2560478602662778,0.8050760852094205,0.2036661174512897,0.1413730278050076,0.1799458739121135,0.3379471529291455,0.4502894572943833,0.2680717237203582,0.4674409694401286,0.9444762041673648,0.1581937232247014,0.1915765265767167,1.2869982401295706e-05,0.1992062291264526,1.285918873618644e-05,0.1955089312232389,1.0862216974677336e-05,0.1990848360792665
20,8,4,1.0,0.6229160376362037,0.3479823709782115,0.5,0.4230247688185827,6.127882206500108e-05,1.6382944291032446e-05,8.523332952666691e-06,9.095934986567854e-05,0.6898415681002742,0.970589905911494,0.0064450244970832,0.9986794141233832,0.448818897637795,0.2210927573062261,0.0851423040605631,0.7083333333333335,0.2511415525114154,0.1026296786926855,0.4199655765920825,0.1886446886446885,0.1365645007366831,0.1100816790716732,0.1024599013347509,0.2211851020644575,0.2437424585327647,0.1089537962890239,0.0889780311474892,0.2057407985504072,0.231514284471994,0.4166588783740186,0.4955124463949745,0.5144138015256696,0.5449063101801298,0.4395188362280268,0.5030355104105517,0.501005898154047,0.5563832566327019,0.3573152901481795,0.3994910941475827,5.10443779785215e-07,0.3543543543543543,0.5443522654754309,0.9294284008286398,0.816397899032868,0.9520633130165508,0.360115595078417,0.757850668861832,0.1121030410905889,0.1057545543323572,0.1488635171979593,0.2945270557153729,0.6308875001820623,0.329064627881697,0.6657398178130071,0.9449158738973822,0.2277673745672748,0.2576511073604058,7.655680362115254e-08,0.1173632815798297,7.307098337130072e-07,0.0999129479852055,2.527619219359107e-05,0.1628686277854287
20,8,5,1.0,0.4786299110524997,0.1366691317088557,1.0,0.6458412743133233,6.334716432553186e-05,1.7195246371361338e-06,9.81410661244549e-06,0.0013148728843472,0.8161591441210321,0.9622099693288256,0.000386769064746,0.999804328878652,0.5196850393700786,0.1346886912325286,0.1518648065280336,0.78125,0.1780821917808219,0.153776430729608,0.2753872633390705,0.1245421245421244,0.1317698733283658,0.0795760812139438,0.1125652689930079,0.1794446382824699,0.1527442133999588,0.0820575029501664,0.103410485980831,0.1656229218990896,0.1626850309984967,0.3710727501845056,0.4628644438625223,0.455972643590416,0.4542134101303975,0.4076230453872538,0.4921552189568586,0.4587779226149136,0.4953921525819683,0.2045945673368265,0.3994910941475827,1.8874840887423238e-07,0.3903903903903903,0.463943841735801,0.6154350617590314,0.693276581129953,0.910510338496846,0.2802236692337614,0.7992883642564638,0.1418540225432019,0.1303926337253071,0.1659111038185721,0.2707788710099945,0.4370293052676435,0.2647458683589827,0.4565300892258788,0.9494836155619832,0.1955084283627537,0.2369137139021538,7.929029224439466e-07,0.1255840828255505,7.121268343628275e-07,0.1441857362247708,2.7321735837591248e-06,0.2104953982952141
20,8,6,1.0,0.4847320504466526,0.1507717150673533,0.5,0.4408908262757155,6.200600264545943e-05,2.710306209325046e-06,5.067304752924393e-06,0.0004093622689142,0.6030781724115297,0.926855187363318,0.0002084343337764,0.9982045197568764,0.448818897637795,0.1359593392630241,0.1364257650648806,0.5486111111111109,0.2663622526636224,0.0788368648538802,0.506024096385542,0.1758241758241757,0.1812378159662651,0.3304618693226144,0.2799662143973608,0.2835248657712886,0.2487508994340926,0.3469253609252057,0.2524040653282271,0.2834497157440144,0.2707265989584594,0.5314590530067336,0.5911440697267849,0.5324871622813108,0.5268656896727992,0.5686473954033414,0.6129474233721044,0.5423988769965817,0.5734892951462547,0.2027149002160388,0.3969465648854963,2.416285382189055e-07,0.3843843843843843,0.463943841735801,0.8586323434472551,0.7613307973144341,0.8882708468480272,0.3006296433590951,0.693773476760047,0.1471203077692454,0.3367710635825502,0.4150432178100351,0.1246906690904777,0.5053833959957861,0.1856114453954329,0.5828918809471084,0.9388571553317044,0.1837290572799044,0.2307706373161281,5.687975894277357e-07,0.1801005250297441,5.30733132252886e-06,0.2068108698643254,4.359211708524627e-06,0.204156667079363
20,8,7,1.0,0.4888787535805566,0.1436569953425952,0.25,0.5547687354744726,6.14318217334188e-05,3.402008060059132e-06,7.601029814868861e-06,0.000495386684288,0.7897861906554855,0.923987722256412,0.0001912583531807,0.9994163545939176,0.590551181102362,0.2109275730622616,0.1085793558760129,0.7048611111111109,0.1293759512937594,0.1877694986732373,0.5507745266781412,0.2619047619047617,0.1298674489275115,0.0784282370941172,0.1501331774256523,0.2007926279595698,0.1301169637545554,0.0802787721327147,0.1187499830666364,0.1806952425381893,0.1517843259526523,0.3777882983293435,0.4987142545189705,0.4781381464207044,0.4510957433033747,0.4114529038052029,0.5093471654063579,0.4734468429699459,0.4955393408205927,0.1075576008529266,0.4020356234096691,0.0001232503090317,0.4204204204204204,0.4371410338225909,0.8178315997442236,0.8101612381376864,0.9317957508501538,0.2286977927288325,0.6983200006274055,0.1169237044794702,0.1623905094094511,0.1994821546285621,0.1643988071480554,0.427350977552754,0.1573381034039161,0.4436381806287368,0.9656460970296968,0.1546601820786581,0.1871046388337624,1.401124187728398e-06,0.1500693392196515,5.151638863769999e-07,0.133878788712051,1.0271901745561516e-05,0.1922208331342992
20,8,8,1.0,0.6380184167048413,0.3342049538072761,0.75,0.5638503638616982,5.786066951066701e-05,1.812265156232643e-05,9.454284765878104e-06,9.129542987303376e-05,0.8940853850336953,0.9210630765744618,0.0009151316412284,0.9997397512242608,0.5196850393700786,0.2249047013977127,0.0927587460359242,0.6423611111111109,0.1780821917808219,0.1314012467667127,0.4320137693631669,0.1556776556776556,0.1722645683920092,0.2196786598521663,0.2535475303137207,0.2387297238357573,0.1478080389167838,0.2266356799633299,0.2116043305245008,0.227523027882562,0.1623359830249798,0.4755936778269757,0.5880571938904624,0.5222882879426218,0.489915544559958,0.5072230237698026,0.5924341776450069,0.5189949501432267,0.5263171586806444,0.1955512378192554,0.3740458015267175,5.542586550278745e-07,0.3633633633633633,0.3835354179961712,0.8542511620782167,0.7842400238330391,0.9576386590128578,0.3038710485248804,0.7818685357423474,0.0567977850159208,0.0965201255802479,0.1270453578115085,0.0214625672689393,0.5171516079269023,0.0140047635909765,0.5341339161988374,0.9418959569348258,0.2831633935458199,0.3377218576371481,1.8523843480766263e-08,0.0674366013475527,6.962483080231664e-09,0.076040870056895,1.586720284237833e-06,0.1167433153116802
20,8,9,1.0,0.6378385459906013,0.3222720678328042,0.5,0.5760421601011587,6.859419940966988e-05,7.120961828152641e-07,9.851718945203814e-06,0.0032325143177686,0.952080721697286,0.9591848231567208,0.0001784424214475,0.9998648546633516,0.6614173228346455,0.2121982210927572,0.1175163054605012,0.7048611111111109,0.3135464231354642,0.0819496040771628,0.5903614457831323,0.1391941391941391,0.2681821554436128,0.0457801358362791,0.2233092900169585,0.2346609294787115,0.2077081704528183,0.0495659327082527,0.2037336081909834,0.2324961602766371,0.1984854721197937,0.3735098854503315,0.5634986969472962,0.514170839135913,0.5159712536664631,0.4179235102363847,0.5904952642179386,0.5253573288475935,0.5504755164783738,0.4131312361036721,0.430025445292621,2.273866400110111e-07,0.3243243243243243,0.6515634971282704,0.7748318643809475,0.6668481779215369,0.9340623279253624,0.4106733124891316,0.940531257815698,0.07705781239996,0.1691149987838334,0.2282102087807964,0.1940944007054174,0.4800371150393727,0.1804392631193269,0.5185947116426082,0.9584101897388222,0.2082634315758527,0.2456947452613076,3.496478213088321e-08,0.1169137478967832,1.852117330576828e-08,0.0999617220023807,4.597644773682515e-06,0.1006755405147555
20,8,10,1.0,0.5827814507030036,0.2815766151212566,0.5,0.5168106680434436,5.995604939519663e-05,2.033453141173553e-05,1.2597509138208556e-05,0.0001143767564486,0.912109104428244,0.9466333292355076,8.532257894538108e-05,0.9988303276361696,0.448818897637795,0.0724269377382464,0.2336145707780901,0.8506944444444449,0.1902587519025874,0.1552991863048606,0.3442340791738381,0.0512820512820512,0.3464081086718056,0.0831365470520837,0.1552006905325713,0.2279730179093575,0.2161896376499252,0.079111066242134,0.1366678880664701,0.1670617127736642,0.20433271316391,0.3356747528179892,0.4467774305267568,0.4455112569713986,0.4461173626437085,0.3535236768538505,0.460844387298388,0.4020647819419158,0.4571278681165197,0.0570769641644477,0.430025445292621,9.327256559832524e-05,0.3963963963963965,0.517549457562221,0.8380408609745826,0.7422431197878083,0.8866420443408356,0.2863670820428127,0.8046923569614001,0.2428574206725564,0.4161245388705454,0.5073974919295545,0.4322029254197324,0.2709201206598733,0.5982746165693456,0.1668525887968839,0.923720843692585,0.1466353358190675,0.160797190665485,1.36355444675836e-05,0.2762146501745937,9.81057194873338e-06,0.2796273616483964,2.9264009591817256e-05,0.3492347686711569
20,8,11,1.0,0.6601440786252633,0.3963764506626182,0.5,0.4534856696128775,5.900011228921844e-05,5.0265328912327215e-06,5.492477066393826e-06,0.0002260338336997,0.7930975501171749,0.8857665923899549,6.136364503687473e-05,0.999226474132988,0.448818897637795,0.124523506988564,0.1477893792713482,0.6840277777777779,0.1293759512937594,0.1833805202805155,0.5197934595524957,0.3388278388278387,0.0883513776110192,0.2695792839367095,0.2491529429878886,0.2973129219836995,0.3096474275957259,0.2667191981144439,0.2018115359657789,0.2729867256639869,0.3009130983900527,0.4933580618407449,0.5667633742862502,0.5374637742424567,0.5592156962998042,0.5170765113524092,0.5647111872906188,0.5246822613552258,0.5766759360414784,0.3642659589994768,0.376590330788804,0.0001171540987576,0.4294294294294294,0.7319719208679003,0.8834982032599119,0.6580906822909025,0.7956653721903084,0.3660374487071993,0.7692649244923129,0.2263545884082905,0.3459430855253966,0.4039554033948929,0.1811571169759807,0.4255066237231118,0.1248198653783485,0.4757630423216328,0.9385271346567174,0.1373768450532262,0.1751250318928772,1.8974819150320937e-05,0.2845968801507545,8.936987693137591e-06,0.3100968533096852,5.643058277104276e-06,0.2901366513060265
20,8,12,1.0,0.7342513326628484,0.5270361275474622,0.5,0.5339599648463348,6.093600814682229e-05,1.1920709746768538e-05,8.380193526413652e-06,0.0001340766389853,0.8721375658128927,0.9678449393076516,9.840104998764774e-05,0.9993844603023752,0.448818897637795,0.2477763659466327,0.0756782199611473,0.6840277777777779,0.2968036529680364,0.0844917781454372,0.4440619621342513,0.1556776556776556,0.177529753365727,0.3658213762172859,0.2603531196338198,0.2760768122830264,0.2395101610357913,0.3658983485066926,0.2125250220104308,0.2595808086210535,0.2386172352464597,0.5512200137737764,0.5730830628196599,0.5229145622089542,0.5150907557543165,0.5770712817507772,0.5735557768739278,0.5168709824036752,0.5397772804289792,0.2469006119030008,0.4173027989821884,1.360834424619213e-07,0.4234234234234234,0.410338225909381,0.8185911796992968,0.6834875985771172,0.8428940558987388,0.2951715888450482,0.8408763116750012,0.1661314775648371,0.209274625937587,0.2618801126051582,0.0867798570785471,0.5530894358280243,0.0541975803740901,0.5615447487794506,0.935919760647964,0.1995693594498412,0.2473748125523434,3.31837467959025e-08,0.1895675481331854,1.1296023425998988e-06,0.2177124771885532,7.462935267036419e-06,0.2125142529515622
20,8,13,1.0,0.5210833282857588,0.1814170017766158,0.75,0.5434454230699548,6.26074840276594e-05,5.584815405587052e-06,7.391166789425381e-06,0.0002804732306819,0.7355138881236849,0.9360532130700662,0.000208901815959,0.9992991979915772,0.448818897637795,0.2731893265565438,0.068244079826075,0.5798611111111112,0.2648401826484017,0.082839561883512,0.4561101549053354,0.3168498168498168,0.0812560233339553,0.1343063819370429,0.2332128348834865,0.2691983949724936,0.2573053529088113,0.1363583389542916,0.2051792696959883,0.2541152393435327,0.2626771405073149,0.4278228838953027,0.5746099129225775,0.5387818955734391,0.5494862916797891,0.4565820062720736,0.5852799643881985,0.5308906597913376,0.5761274585931282,0.2054943736664984,0.3944020356234097,1.660686546219848e-07,0.3573573573573572,0.4907466496490109,0.8537055301027316,0.7658053366223294,0.9409756253502964,0.2625149847409988,0.7641709482170906,0.1533980119146914,0.2283948677295038,0.3131048497209603,0.3796143762277029,0.4800581417041873,0.3741047340712366,0.5124435434483406,0.9414185300387248,0.1851062388267398,0.2168974135799651,4.022995539881085e-06,0.1806903135717301,1.5863921951366308e-06,0.1685008662552086,3.0582651093714963e-06,0.1639522856634115
20,8,14,1.0,0.618625685649326,0.343458260358487,0.25,0.3962453357423177,6.404870391202182e-05,2.65360090006725e-06,8.059094656936013e-06,0.000684798111113,0.4830563494126503,0.940740796849212,0.0023052826435087,0.9996082292341808,0.5196850393700786,0.0609911054637864,0.2931130082674283,0.7395833333333335,0.2648401826484017,0.1009715762451535,0.3390705679862306,0.0842490842490842,0.2347768873098772,0.1794836557407267,0.2441356694004443,0.2282447917192732,0.2200815391779993,0.1738951645955322,0.1893598385246725,0.2062611171288144,0.2106687143715082,0.4246559696896455,0.5449263877235058,0.4739833756732308,0.4812532343585472,0.4452116113410089,0.5358486300943827,0.4608140559377958,0.4956812564471747,0.2050245049925092,0.3944020356234097,3.5395551468905866e-07,0.4504504504504503,0.4907466496490109,0.6272035609598428,0.7039889253282885,0.8168034259085935,0.298418320367678,0.8041162423468297,0.2222981759376658,0.2877332514150521,0.3811396401121341,0.3293829522927216,0.526434334354401,0.3152312583031942,0.5289696127924854,0.9362454257400744,0.1439910235044182,0.1757694125208728,3.1269322420787024e-06,0.2930108847546313,1.1660462879918868e-06,0.2390715364787133,2.7466489203930387e-05,0.2680339710873085
20,8,15,1.0,0.6660603215988647,0.3805330218540852,0.5,0.3370486438079945,6.168056216342676e-05,8.828155242121439e-06,6.756733971193291e-06,0.0001487943943633,0.6357031579855551,0.908064530048192,0.0014818392966156,0.9983938427995966,0.448818897637795,0.0952986022871664,0.1867158024041414,0.7118055555555556,0.278538812785388,0.0930588213768306,0.3993115318416521,0.1410256410256409,0.1744419005239977,0.0276379261751722,0.1083925421673543,0.2030899672423228,0.2589908959205691,0.0275147753389607,0.0944323535315531,0.1694297068499451,0.261201274030097,0.321603854724667,0.4394992617904065,0.453706048192677,0.5032535859330417,0.3513010617482857,0.4599505559331849,0.4386473334508892,0.5332090523548558,0.2900077463838766,0.3842239185750637,2.5555287284971123e-05,0.4264264264264265,0.410338225909381,0.686786324473263,0.8095948155089774,0.8950644544476178,0.1220230273500396,0.7379393904738905,0.1785595305815821,0.1908867397623821,0.2444294611805815,0.1257090479664071,0.4980186390059875,0.0975628236286147,0.5225950176733313,0.9163146675379452,0.2524014579967411,0.3020445101720383,3.76039941924692e-06,0.1708927657567193,3.3340175658841794e-06,0.2848378162848667,1.0402572635932289e-05,0.2838000536710036
20,8,16,1.0,0.6558209247586718,0.3557356825858428,0.75,0.4731452416602028,6.419494838867459e-05,2.721411975742679e-06,1.1339098603476774e-05,0.0009513100812694,0.8812868147151067,0.9666346872253568,0.0003455343409093,0.999755854674816,0.448818897637795,0.2325285895806861,0.0808453153817619,0.6736111111111109,0.2207001522070015,0.1116046663214926,0.5473321858864028,0.2271062271062269,0.1511826406300406,0.0815998537047474,0.119718684724107,0.2307600845221456,0.2621141988253715,0.0819488312410254,0.0998194612049186,0.1888993285834047,0.2436692894659785,0.3741209167031075,0.4703285157004934,0.4905192697306703,0.5243038889917018,0.4037363390581464,0.4847644316290846,0.4694224748241187,0.5398945549950802,0.0893842860191291,0.4198473282442749,2.804540351198726e-07,0.3753753753753753,0.4371410338225909,0.8026794749256099,0.7996286747907293,0.9230457044082456,0.2273701259509553,0.8032493622023797,0.1699060249308522,0.319299890908737,0.3745712785169108,0.3726999542755855,0.4559800286952801,0.340056702514363,0.5015873401062537,0.9448513272841662,0.1655441151169069,0.1905201631748296,6.575286075899308e-06,0.1774082936781929,2.8913306867876647e-06,0.1868543161140192,1.0352467058275432e-05,0.2104586943404451
20,8,17,1.0,0.5246827435812815,0.1979065390916041,0.5,0.4665358698657715,6.029221661679624e-05,6.197999644718097e-06,7.209675744558162e-06,0.0002426708532011,0.7821409332798579,0.9274860134650392,3.921032888297968e-05,0.998045837065517,0.448818897637795,0.1473951715374841,0.1265772994192753,0.6770833333333333,0.3394216133942161,0.0730454725593518,0.4268502581755592,0.1904761904761904,0.1376771120658304,0.0958356783440383,0.1203989893258039,0.2094291885272474,0.2568781669909419,0.0973452430260976,0.1051737026176412,0.1929785260422425,0.2463995933789572,0.3833638956714176,0.4713915474534108,0.4775676790513403,0.5215743850144492,0.4156861115492307,0.4921305713630513,0.4748103696758919,0.5445193495172057,0.2367683121663184,0.4045801526717558,0.0001006150968498,0.4324324324324325,0.6247606892150608,0.6955137797917588,0.7611619559710157,0.8761335226897136,0.2082191502256219,0.7275976685458632,0.1679292750079944,0.1710336083133219,0.235346505942471,0.2230720187717371,0.5100364858750013,0.1786003479168214,0.538507709833802,0.9580546397587694,0.1183741447519823,0.148020237842784,1.7276490046781256e-05,0.2023889749419997,7.5989885147647e-06,0.2007703369399153,6.986719159251564e-06,0.1946641550517306
20,8,18,1.0,0.4689484164825538,0.1311191854013758,0.75,0.4126788756542142,6.307659280179712e-05,2.5197178877577184e-06,6.941262918036537e-06,0.0006182030581138,0.8042474591450904,0.942528106158296,4.556823291918955e-05,0.9972694253856348,0.590551181102362,0.110546378653113,0.1979243130847078,0.6770833333333333,0.0700152207001521,0.2964698635329795,0.5524956970740103,0.1923076923076922,0.1822323401773286,0.0505899095692853,0.1538690703159234,0.2156549183896474,0.1956697628784218,0.050798567614777,0.1417606484386495,0.1958627833732736,0.1921534151669559,0.3072384374905078,0.4401664583873075,0.4313822555317047,0.4254140325168834,0.3424093108401771,0.4756164095653491,0.4343275125360645,0.4596069542032268,0.0800407143194497,0.3918575063613232,0.0001757887335732,0.4804804804804805,0.1959157626037013,0.8353135590243506,0.7678299354424398,0.8655094525134337,0.266286023793259,0.6390952423463971,0.2775554425184735,0.2519180362594946,0.3174721972825924,0.3973898380253566,0.5495033796310717,0.3540638233222017,0.5427420546577671,0.9271677315494768,0.1551163230124202,0.1867889455139098,4.98061166787114e-06,0.3397925132909094,2.1502779537602107e-06,0.3001219528461551,1.1973667831696984e-05,0.3382337118147784
20,8,19,1.0,0.852769615589897,0.7436174704724166,0.25,0.4045222227222576,5.767475301254781e-05,5.722297629900745e-06,6.648072230661966e-06,0.0002423317985584,0.9633519072612536,0.9120231694036344,4.7087928706739534e-05,0.999648766773534,0.590551181102362,0.1232528589580686,0.1798876292309228,0.6423611111111109,0.4672754946727547,0.0495705317981181,0.5869191049913941,0.2802197802197802,0.1295888586050335,0.0782779696039213,0.111675152499808,0.1910695580438346,0.2882834347734095,0.08124576707324,0.0915373264479416,0.1870451700168322,0.2970309749109591,0.4208547639253804,0.5304005205681969,0.523194304722425,0.5921433109244664,0.4512166599675919,0.5384429873805502,0.5183259076449511,0.6176800198575578,0.426857996560074,0.3664122137404581,2.0725162429490198e-07,0.2222222222222221,0.5443522654754309,0.7473313718244534,0.7197033002079714,0.8806894869661317,0.2733868832207847,0.8872108709284421,0.1385881797669167,0.1903640226080079,0.2517167369797943,0.3489517257710728,0.6647810855739559,0.3749417811501448,0.6847110894275994,0.9613765909790192,0.1314964332970487,0.1532698407916527,1.5657222234127248e-06,0.1784459351076349,5.806894578281913e-07,0.1384591210096832,1.3391714994874229e-06,0.1426939797518261
20,9,0,1.0,0.4179035383949867,0.0933332301353602,0.5,0.4702008900535567,6.0769535218684246e-05,4.480199624144976e-06,6.4860755139090544e-06,0.0003098001163791,0.6709839379759897,0.9354795603864856,0.0003170127060657,0.996423816668168,0.448818897637795,0.0851334180432019,0.2051359904993357,0.7222222222222225,0.0608828006088279,0.3442973297695996,0.2805507745266781,0.1043956043956043,0.1597083558451622,0.2081231916934517,0.2503929475371487,0.2535755454482928,0.2272650887460943,0.1939949941457722,0.1970842669016418,0.2100168423952639,0.2071852067308064,0.4073225268033827,0.4984455455773784,0.4351590256818627,0.4189947751042885,0.4183070592805329,0.4903625702118012,0.4044510998379576,0.4201035274873916,0.3346594827462299,0.3969465648854963,7.053807693959023e-05,0.4504504504504503,0.5711550733886408,0.9038476342909724,0.6745750216716244,0.7793552090700984,0.3253095467960962,0.5861903259407344,0.3646453856274239,0.4087696536993959,0.4978571060712475,0.3996697381339642,0.7080307053442637,0.4202879679693448,0.7335250949677821,0.9130384038860226,0.1330890992715063,0.1662329373678154,2.2238239831087485e-06,0.4213557319558768,5.820657182148006e-06,0.4807759617631667,3.3519958639506625e-05,0.4327543298970632
20,9,1,1.0,0.6896045150485256,0.4426586225407634,0.5,0.3701889813689965,5.429459265611375e-05,2.4965482970506097e-06,3.972392161867027e-06,0.0003436587671763,0.6059759693701142,0.7962006737585463,0.0004723113014932,0.999749618207872,0.448818897637795,0.2249047013977127,0.0836661276777096,0.5798611111111112,0.3866057838660577,0.0559259810823495,0.4647160068846814,0.1886446886446885,0.1532116853407164,0.1649629735755895,0.1197409613565173,0.1544441920777667,0.1634133898577275,0.1704703804738405,0.1123026351105798,0.1298367116910089,0.1666827989464347,0.4716160888282988,0.548949011147841,0.5184813571898683,0.5457458453772116,0.4990035665953105,0.5604673992702476,0.5004171887112046,0.5674731010181661,0.5680363484946183,0.3867684478371501,2.273866400110111e-07,0.1081081081081081,0.8659859604339502,0.7082946144629285,0.6880571844941965,0.9082159312816548,0.2994023245165788,0.7617775285437869,0.0285457833012369,0.0254198210600371,0.0426249124994002,0.0474491544238581,0.5244044619001006,0.0387242239612286,0.5395218145455669,0.9943342257824878,0.1918385459507289,0.2316308656907681,1.599525350292412e-08,0.0238126388307763,8.243383163732054e-09,0.0510910895491905,3.7840641094081883e-07,0.042508419842922
20,9,2,1.0,0.423891821249318,0.0839057924957613,0.5,0.6498317509611753,6.487279363205047e-05,1.4049634677867662e-05,1.1520842463373024e-05,0.0001616839992778,0.8050366900611532,0.9696346957484554,0.0003762278396988,0.9993677565889464,0.448818897637795,0.0470139771283354,0.3210844959199789,0.5,0.1019786910197868,0.1767630296031172,0.3425129087779689,0.1373626373626373,0.1515111664833151,0.0705132254989126,0.1820327398452057,0.1822063755492774,0.1663241817644065,0.0656865866657635,0.149783222603608,0.1543922756329349,0.1507687117933519,0.3210551734436384,0.4628132430085271,0.4052849415593549,0.4027029892548784,0.3324446253768114,0.4624174643088309,0.3800002208451908,0.4021321314618452,0.2738913267486311,0.3918575063613232,0.0002265305751504,0.4534534534534533,0.5711550733886408,0.7065590400602013,0.7427397363089154,0.8277755806526632,0.2097041471071681,0.6765269473204549,0.2303895312610636,0.202243752761851,0.2688278793321057,0.1529473236504166,0.5014572432043288,0.1463963827613845,0.531946271777785,0.9365693426152716,0.1559415100781073,0.1868425006620787,8.072972884225461e-06,0.2475171843867527,1.184102805565946e-05,0.242429431736136,1.3621555042237596e-05,0.3037610744048821
20,9,3,1.0,0.4863796934223259,0.1410278475473521,0.75,0.6435463817687646,6.444277144376426e-05,7.80207080488756e-06,1.1488447763060036e-05,0.0003156344430609,0.7835709477127918,0.9369407480600952,0.000144544964771,0.9993990634831876,0.448818897637795,0.2363405336721727,0.079496829503699,0.7430555555555556,0.1156773211567731,0.2152198635329795,0.4733218588640274,0.2234432234432233,0.1300839895872558,0.1237078846790299,0.2016647558416896,0.2589910181301209,0.1456674451016864,0.1230156513815872,0.1779137334272238,0.2351097424993894,0.147638434401949,0.3692250250503778,0.4901648218307582,0.4730996195979429,0.4019203438804895,0.399738950525803,0.5140141584967406,0.4693585621402443,0.4351312304901472,0.2778541145261637,0.3867684478371501,0.0001330370627521,0.4414414414414415,0.6783663050414808,0.7876251447200571,0.7419522204661959,0.8812371711112177,0.2503260181421576,0.6917988561085487,0.1405555840849763,0.209140334046368,0.2656483563508862,0.1220383216284931,0.4560083286520234,0.1191812263781317,0.4808454354060781,0.9428681821102876,0.2101065267097746,0.2608053160595302,8.108454032915438e-08,0.1475512376576588,3.951762117942261e-07,0.1592514839890976,4.199626158984553e-05,0.2631884221012536
20,9,4,1.0,0.654661326282733,0.4068145428844725,0.5,0.5319165288365058,6.628665410183481e-05,3.3891925162075396e-08,1.1041249784709052e-05,0.0768335971197914,0.8947732460706666,0.9291215630298324,7.617736558215271e-05,0.9992037695935098,0.448818897637795,0.1092757306226174,0.1659711620016963,0.5798611111111112,0.3531202435312023,0.0616169703294479,0.5129087779690188,0.1904761904761904,0.1694285202797023,0.0625482286971311,0.178002388526121,0.242153759186791,0.2960219515553334,0.0604580355844962,0.1523248379663587,0.2028565904825909,0.2763206148177462,0.3764654710545921,0.527025732879158,0.5119129175211932,0.5593592171170059,0.3952367262816168,0.5295658585153882,0.4826649666010288,0.5642416717952113,0.2140773546270178,0.4249363867684478,1.555626945664409e-07,0.4744744744744744,0.2763241863433314,0.8295031435809506,0.8066797131903058,0.9244385822443792,0.266814025165594,0.8089212242129897,0.1401525423862802,0.2165156005546959,0.2800662389222275,0.2267905405992634,0.5645520773730603,0.2089197479637972,0.5774094916595018,0.948390462511618,0.180483501667638,0.2060879136154577,2.330546134469096e-07,0.1543877737883596,1.0360140130769076e-06,0.1378916836268081,1.176171278196514e-05,0.2072895526061997
20,9,5,1.0,0.5236253252541424,0.1916875794082128,0.5,0.3701028258238075,6.094096205790282e-05,3.478232510885169e-06,4.851083370737848e-06,0.000297296235258,0.7144644056597425,0.9189624406016088,0.0001652158365126,0.9982487458869672,0.448818897637795,0.1473951715374841,0.1265772994192753,0.6736111111111109,0.263318112633181,0.0940160435620419,0.4578313253012047,0.2124542124542122,0.1323883700409526,0.104064842525675,0.1607990005586786,0.208414797817698,0.2556554903707895,0.1008487891682768,0.1146274688247363,0.1717408819537418,0.2258477115285861,0.3725440272223519,0.4793347869547272,0.4575352543542252,0.50127893991712,0.3940386099946635,0.4698749654013761,0.4338208841680258,0.503005121588735,0.3229809407469761,0.376590330788804,3.646452393555082e-05,0.4414414414414415,0.5711550733886408,0.8850239940053841,0.7391225276592923,0.92061583986917,0.2826794238184074,0.7409533731590475,0.1684553158344234,0.1634021295092345,0.2157711213018867,0.0890734218603347,0.4808915391935356,0.0711517859506346,0.5031848646342651,0.9521968362554316,0.1521030588511916,0.1855617156668774,8.371239947008338e-06,0.1578884850345405,1.2185093601028e-05,0.1882303026255777,1.6536757694571953e-05,0.3076449050407654
20,9,6,1.0,0.8747139822936474,0.7731682951895914,0.5,0.6142928187947118,7.051124551135779e-05,1.3210242848420236e-05,1.6999413877143123e-05,0.0002718269889097,0.9217231709307964,0.9635362188841816,0.0002042357204781,0.9999285706724724,0.448818897637795,0.1232528589580686,0.1491608499514391,0.6736111111111109,0.2846270928462708,0.087014747123814,0.3717728055077451,0.2783882783882782,0.0736065057500267,0.0927286765742397,0.1542594506734528,0.1618528977189071,0.1912167331643027,0.097806595973955,0.0936501417721536,0.1209318769498532,0.2042883026834813,0.4192964727656809,0.5432191665321469,0.4972451001001788,0.5328111904361104,0.4542256590044591,0.533500567938983,0.4796437792637842,0.5680366882015999,0.1486097254591138,0.3816793893129772,2.550261336412215e-07,0.4054054054054055,0.6247606892150608,0.8364774765234078,0.9114276390314772,0.9880342022278792,0.1962997800062084,0.8900628557085897,0.0523594894414541,0.0508323951536207,0.0616586608481726,0.0571883018479869,0.5156068926524411,0.0519760552567847,0.5333088903559089,0.9579561611536836,0.2711219178584756,0.3089646249204333,1.1807178740523551e-06,0.0455831701534886,3.5090722339658394e-06,0.0662896061529304,6.933686690224574e-06,0.0825909049652029
20,9,7,1.0,0.6354771511476232,0.3515672374665425,0.5,0.5047854614719745,5.559130801232602e-05,1.8118327704516003e-06,9.230930215008154e-06,0.0011703216733081,0.734297025893228,0.9481743635057492,0.0037265507575342,0.998807736458561,0.448818897637795,0.1092757306226174,0.1659711620016963,0.6180555555555556,0.1308980213089801,0.1677822304054298,0.3752151462994835,0.2326007326007325,0.0938470302169434,0.2161290929441233,0.2254420351288449,0.2627679807613839,0.259011526274476,0.2099585353136943,0.1848370867957122,0.1983081566273006,0.2418475409364395,0.445545050233048,0.525990803147969,0.4921291445387156,0.5010815378800404,0.4669171410906562,0.5285315594557902,0.4513133127042887,0.5123737762631587,0.3302759933667309,0.3969465648854963,4.356896402603609e-05,0.3933933933933933,0.5443522654754309,0.920342238478145,0.7296662383264119,0.8669157056614987,0.2956568955148829,0.8191201195683118,0.2389210425083002,0.289863648636125,0.3696143031655912,0.2331441390868669,0.5279401539213061,0.2162070967764881,0.5494596754692549,0.9405432875719256,0.1187898181177529,0.1493871464763203,9.28203110519527e-06,0.2929228859830223,9.302852463386236e-06,0.3028873968776588,2.178236407924749e-05,0.3740107979278132
20,9,8,1.0,0.6354869769229825,0.3616348959226184,0.75,0.3849127550479163,6.43064156078515e-05,9.989009517538908e-06,1.1445107822514536e-05,0.0002385463648064,0.8593472976937953,0.97282805064771,7.604867466299878e-05,0.9991247616063008,0.52755905511811,0.1346886912325286,0.1534489427042203,0.75,0.1765601217656012,0.14991049616713,0.4974182444061961,0.2967032967032967,0.098848667754511,0.1232514186039716,0.2136300529091859,0.2188360069697136,0.1980962107544808,0.1224188458343995,0.1746305912977213,0.1880167466120863,0.1958282259432553,0.3872109297024119,0.521503584980193,0.4670064301232922,0.466066023918107,0.4151843238310238,0.5281157960456172,0.4531869553601689,0.4918890578421697,0.3457225846027296,0.4274809160305344,4.467454231721719e-05,0.4354354354354354,0.4371410338225909,0.7870274541425455,0.7303871930169246,0.8800222746221924,0.2836378364838133,0.7878782703605814,0.1819950221494925,0.2586945508915452,0.3221727527966558,0.2074950287328945,0.6052228500288912,0.1897106288446268,0.6045111144199006,0.9313950602037844,0.2061980569919959,0.2559395671032821,1.0270139471091445e-05,0.2209242971963249,4.715626363914932e-06,0.2296818163590824,3.865586136760194e-05,0.2813714751248071
20,9,9,1.0,0.5554263823670865,0.2287252975785479,0.5,0.4069593121389331,6.512302112491008e-05,1.592486338896239e-05,9.671029711831427e-06,0.0001114944378947,0.8202249934980734,0.9287875230217336,0.0001569152982623,0.99757341297098,0.448818897637795,0.0749682337992375,0.2273346787166212,0.75,0.1035007610350075,0.2375869258320044,0.4113597246127364,0.2087912087912087,0.1191169707189942,0.1407026000753322,0.1821555773209596,0.1970112055082113,0.1535833432260983,0.1357906248853122,0.1390928372233736,0.1609340329621861,0.1582111653775824,0.3636703658015514,0.4503343249789396,0.4034972378317998,0.3776731393162084,0.3865830278771238,0.4508954482108812,0.384383963354318,0.4067929072332455,0.2293777045517264,0.4122137404580152,0.0001202022038946,0.4624624624624625,0.410338225909381,0.6780801667351137,0.6283901729437815,0.8403609096814679,0.2875056562765357,0.7012854137586672,0.2060796462422985,0.2164270108608375,0.2777390697798569,0.1039838565160748,0.4780903539141315,0.146134378978591,0.4775383724953368,0.9414727770400748,0.1422792733897928,0.1694067696906763,1.8225761748474976e-06,0.2677432401719842,1.138444734686756e-06,0.254632367728429,1.6119700993056075e-05,0.3282670059959477
20,9,10,1.0,0.438844475006868,0.104356713412689,0.5,0.2230866988770223,5.4476178847315685e-05,4.2256240016345725e-06,2.3770917068339512e-06,0.000100953105957,0.6824131384558847,0.8537279153100996,7.58402520067399e-05,0.9972233060653828,0.5196850393700786,0.1092757306226174,0.1829440496036968,0.6770833333333333,0.2054794520547945,0.1199303326506699,0.4113597246127366,0.2069597069597068,0.1203132121845953,0.0484485499540371,0.1778073600085658,0.2085141142776397,0.2134164097166542,0.0455254440863674,0.1491048131882116,0.1743288612419488,0.200354077497041,0.3384532390842216,0.4951687414838333,0.4605627163712731,0.4766219754636008,0.3514513409523949,0.4944011508695656,0.4305515808088899,0.4798797804980586,0.2062954318599339,0.3944020356234097,1.659618664684967e-05,0.4234234234234234,0.463943841735801,0.8225552218430949,0.8633921685409272,0.9474831066541434,0.1289604441572073,0.5882283910118721,0.1458341478549304,0.2328476108821835,0.2869009333442811,0.0735372001769804,0.498289612192629,0.0599253313353604,0.5200975835638553,0.9532386201837528,0.1575398410801424,0.1976449529916141,9.443987322914192e-07,0.1557562442385738,3.133342687800064e-05,0.1718583555600469,2.8227606927249773e-05,0.2482523323730382
20,9,11,1.0,0.5062808021523608,0.1665613148702612,0.5,0.4855361426358921,6.467054991692245e-05,7.995628971229592e-06,6.480778051351462e-06,0.0001594548396287,0.7109932648958003,0.9393336915562644,0.0001341167583583,0.9994058112491392,0.448818897637795,0.2325285895806861,0.0808453153817619,0.5798611111111112,0.2770167427701673,0.0791841352373839,0.6454388984509466,0.2802197802197802,0.1449929336075061,0.0912628911290958,0.1925983614653216,0.2952722512343639,0.2585559459234939,0.0899921959340297,0.1564809795283076,0.2630153048567302,0.2469471188824786,0.3722656599735717,0.5127374976242942,0.5238675436587825,0.5128709012647117,0.3979009005358502,0.5171944869440148,0.5079680677635434,0.5298895451138892,0.1742588672907985,0.3893129770992367,3.380131424004173e-05,0.4174174174174172,0.3567326100829611,0.697303130398621,0.6434004848853379,0.814073075503877,0.3118934879033151,0.7481707970003235,0.2090841395272771,0.2631157320927311,0.3090032739035657,0.2783118698540287,0.6008757769982005,0.2719580471628176,0.6248902792781569,0.9229337799911664,0.2249003723781103,0.2492154723913342,3.059833419028131e-06,0.2431848332405772,1.3517097139935792e-05,0.2902870572030833,6.075746641887441e-06,0.273803884109006
20,9,12,1.0,0.4954081772694862,0.1683557745738901,0.5,0.5380030244299115,5.955963736176035e-05,4.990702809132453e-06,8.029480144466899e-06,0.0003478236621026,0.7097017144973012,0.951738158091704,3.552268704143606e-05,0.998301302315418,0.448818897637795,0.1372299872935196,0.1352625604610689,0.6111111111111112,0.1917808219178082,0.1179645630179603,0.4182444061962133,0.1227106227106226,0.2094128818704416,0.1087598226533513,0.2263869132472874,0.2811657035717633,0.3136945764900811,0.1024251311469416,0.1760039509696918,0.2330104071631767,0.2567071762337518,0.3670686922542715,0.5194711514670488,0.4978682017061459,0.5303861727443547,0.3807434377190577,0.507872536140477,0.4635266401540799,0.5077341795871528,0.2208726834809526,0.3842239185750637,3.751042745558108e-05,0.4444444444444444,0.4371410338225909,0.6683676845061024,0.6515593443484642,0.7244142004738383,0.3373757534428309,0.7382234518855476,0.2529342170936396,0.4206118950789188,0.4414050666839615,0.1436037743016922,0.4957195178422307,0.1257837036287602,0.4766239178396068,0.9177580905761712,0.1914122607509025,0.2188645901370378,3.158656956967375e-06,0.3083209509964963,2.8094760147566558e-06,0.3369538578449087,2.144968774643492e-05,0.2900353284491186
20,9,13,1.0,0.5354968102859896,0.192405286131251,0.5,0.375971830848328,5.6142340330042826e-05,1.0571144142855464e-05,5.650585715862964e-06,9.43300859149308e-05,0.8496536830625195,0.9000783778738176,0.0001657074019167,0.9990487537528504,0.448818897637795,0.2465057179161371,0.0760865741375808,0.5486111111111109,0.2496194824961947,0.0841168586899331,0.6299483648881238,0.2289377289377288,0.1758676170503476,0.1672064931891791,0.2709478508107815,0.2788584465065074,0.2558851554885534,0.1697465066798452,0.2349039596775898,0.2639735555149779,0.268958526351113,0.4448195210754219,0.5969995775788981,0.54268622312442,0.5468311119777551,0.4735294705897074,0.6044890603443995,0.5353283913723841,0.578072750773666,0.2804611311752669,0.4071246819338422,5.4730703311164806e-05,0.3783783783783783,0.410338225909381,0.9148706407439526,0.8189526834480105,0.9300501223036496,0.2618762601543977,0.699095343141132,0.1719888456003887,0.2728840765408731,0.340958356560352,0.1973144111673256,0.4182692254070199,0.1867547928521701,0.4461932334066134,0.9411346391156286,0.1679031929848646,0.2040193877267954,1.5468274487713915e-05,0.2170078447788083,5.804015607668182e-06,0.2169802265295592,7.2579914119838365e-06,0.2103817637036106
20,9,14,1.0,0.5029881345094545,0.1580478556873252,0.5,0.4902817200316587,6.796493589659465e-05,4.993961262936569e-06,9.135118914563636e-06,0.0003998117893673,0.7176669099925507,0.9584840376863936,0.0003950142765152,0.9989983847528264,0.448818897637795,0.2757306226175349,0.0675699671189117,0.6111111111111112,0.1917808219178082,0.1179645630179603,0.4302925989672976,0.0842490842490842,0.2989345765320322,0.0764759274053589,0.2212873105337867,0.2715172464532147,0.2245342614470188,0.071209641885433,0.1898534569844686,0.227000044519809,0.204665356513131,0.3142381813041616,0.4844351433355248,0.4616480478542639,0.431870300431351,0.3258088913166494,0.4925987121346369,0.4299673534929121,0.4316572595635781,0.2141263265359216,0.4274809160305344,2.6221126365979125e-05,0.4564564564564565,0.5443522654754309,0.7372621395843293,0.7478709330614679,0.8585853779794772,0.2172895511765409,0.8185689852031406,0.2199016733638056,0.309842118132495,0.3950225060841998,0.2712171481339195,0.6313747059534377,0.2738709508369703,0.6462924882807519,0.927735677297098,0.1791994140411437,0.203382189588709,1.843685030967708e-05,0.3118870456910178,7.173559781483733e-06,0.2779103593543122,2.960346752854624e-05,0.3259064103847077
20,9,15,1.0,0.4408840284977481,0.1142596069463048,0.25,0.2568547348556074,5.388816105036975e-05,5.098039531573636e-07,3.3248726596185087e-06,0.0015071562641732,0.6405371185154264,0.9192100631567772,0.0002173413482729,0.997388080912312,0.448818897637795,0.1092757306226174,0.1659711620016963,0.9305555555555554,0.2146118721461186,0.1498048355761941,0.4733218588640274,0.1410256410256409,0.2095088242060971,0.1413667772576334,0.2583382322186258,0.2952553409964472,0.310629439976621,0.1352382670327256,0.2037927404191793,0.2410487045083654,0.2878453156139183,0.3075245109833867,0.455229290544167,0.4189159764693802,0.4299110951026653,0.3318307945170183,0.461172054895235,0.3938263246853473,0.4466755339878389,0.283016987681695,0.3969465648854963,0.0002383160266462,0.4804804804804805,0.3835354179961712,0.8800098177808913,0.6903525885334512,0.6808846462698108,0.2957109139857578,0.6132398614929644,0.3739284602530807,0.4044129998097723,0.4616949223781743,0.1463500820208063,0.567259760250849,0.1166324986456382,0.5658415279481218,0.8889526058619077,0.2253386622533977,0.2764734049325326,5.956784449136704e-07,0.4086683525374066,1.861625668687892e-05,0.6088868137060786,9.546560117768834e-05,0.6245435612732698
20,9,16,1.0,0.4729487885996742,0.137140041160364,0.25,0.3841367063975386,5.927612492462e-05,3.5267773443465456e-06,5.06435711988815e-06,0.0003070342928956,0.7270698682890268,0.9008251430722044,3.3163556092419855e-05,0.9992224168607892,0.448818897637795,0.2376111817026683,0.0790560622749471,0.7395833333333335,0.2968036529680364,0.0901796753771265,0.4733218588640274,0.1373626373626373,0.2148227916357926,0.276476805625081,0.2717944080475802,0.2356661916568307,0.165039009764234,0.2784082409938099,0.2298894744712901,0.2291985876563386,0.1717893082657547,0.5044244298300017,0.5948642307743692,0.514840309014068,0.4919640439521739,0.5308367278823898,0.5979738969936745,0.5116383216804588,0.5194320497942895,0.1620003920297896,0.3918575063613232,1.1032965780548093e-07,0.1891891891891892,0.5711550733886408,0.7328567805306094,0.7286744717647098,0.8892091349736866,0.3115416187730993,0.6781785958065445,0.0647844704048261,0.1265657490236542,0.1613751530062763,0.0203084933451678,0.5173795973118831,0.0180879280275655,0.5372932867701075,0.9422264572149008,0.2775784311850672,0.3385359794441323,1.96666154370101e-08,0.0621241597319387,5.482785171772908e-08,0.0756110044054791,6.683612840026354e-06,0.1185114173659678
20,9,17,1.0,0.7278311754732512,0.5184016033632468,0.25,0.3988228821242222,6.707823376909673e-05,1.322576397258104e-05,7.483807712587951e-06,0.0001017182203441,0.8414670690989561,0.9503773387556184,0.0020021513044698,0.9995252565113388,0.448818897637795,0.1994917407878017,0.0944578716887219,0.8958333333333335,0.2054794520547945,0.1510521794354243,0.4612736660929431,0.3369963369963369,0.0759347697568754,0.0984833999221755,0.2561035038789969,0.2295647860273346,0.1842050165964288,0.0959037427361937,0.2101055987679563,0.1913857085046889,0.1705532421519865,0.3438592461912866,0.5271481672175784,0.4433337086317922,0.4188755442652442,0.3690095316699233,0.5329671111867614,0.4243795202180276,0.4355110357886128,0.1744329755551807,0.3816793893129772,2.273866400110111e-07,0.4414414414414415,0.517549457562221,0.6338666818581453,0.657680330449657,0.7539385672662391,0.2964979328693909,0.8632545570317254,0.2220713931929193,0.3408258841920781,0.4266928232529845,0.1922075857537141,0.5962844374768815,0.1403926420076817,0.5970723324642702,0.9292854211518682,0.1674016605156077,0.1928341177045941,5.254550823732217e-05,0.2965007365065015,2.0094158565466707e-05,0.3191998021641161,1.6525390674586193e-05,0.2581483592288058
20,9,18,1.0,0.5119880411805201,0.1720971701549799,0.5,0.3952568203998092,5.988219319795231e-05,2.098518482930299e-07,5.287487832832481e-06,0.0059134427697207,0.8501614756939923,0.9096798830372352,0.0010184029537027,0.9988839506779882,0.448818897637795,0.1867852604828462,0.1008289012855845,0.7152777777777781,0.2024353120243531,0.1271322971948446,0.3752151462994835,0.1575091575091574,0.1456638124396273,0.1576058490476892,0.2491712077802892,0.2400599450279537,0.1992859298467698,0.1580212830301819,0.2025108794093407,0.194694462577943,0.2005120403096381,0.3998892479806156,0.5363724645459924,0.4680310647955533,0.4506360937904326,0.4315706152203606,0.5436537604709323,0.4486749804875872,0.4840247668890397,0.2558205551531323,0.4198473282442749,6.373075560837729e-05,0.4024024024024022,0.463943841735801,0.7171478534510998,0.7009620277293171,0.8410616342335375,0.2357791951860466,0.8250859920108179,0.1645126293629826,0.4091149498789055,0.4457502519605354,0.1299651692094956,0.5099396525873522,0.1100499081550599,0.5088560346705949,0.9321657920155482,0.1921297773681503,0.226900921467404,1.466356056744316e-06,0.2438348923712879,4.788325255795095e-06,0.22440381104081,7.358866677434425e-06,0.2592777250541439
20,9,19,1.0,0.4026285035569226,0.0765614791039163,0.5,0.6361945215383709,5.974088360876106e-05,6.851093397258847e-06,7.79490795018985e-06,0.0002366611628309,0.7610531674628331,0.9560536975803744,0.0002115574232853,0.9988224488616044,0.52755905511811,0.0838627700127064,0.2309784308564172,0.59375,0.171993911719939,0.1275872949548556,0.3390705679862306,0.2582417582417582,0.0720415595391924,0.0825936898572078,0.1699946077437382,0.2602784569142984,0.285201036536868,0.0791568168689232,0.1178320026640612,0.228008319043563,0.2732502099829426,0.333547115613984,0.4569205230815448,0.4675925285707182,0.4940966448555824,0.3537553101946374,0.443193525280425,0.4504205427996238,0.509475332849756,0.5262469886879768,0.4045801526717558,5.907867099217166e-05,0.4384384384384383,0.5711550733886408,0.8842869733784613,0.7001445860387197,0.7544356387991167,0.32830170639203,0.7139598037973925,0.2947336629778403,0.3571008386982293,0.447138681549466,0.3128111995226121,0.6065271793165726,0.332194323629977,0.6188450099591076,0.9215046987798514,0.1450035574784004,0.1698178672409803,5.366544327620022e-05,0.4509069914646701,2.0430420604236884e-05,0.3615608463500713,4.648920462871778e-05,0.4090486228636023
21,8,0,1.0,0.0623309202946241,0.0531911490909769,0.5,0.1173303503895226,4.548892806938788e-05,9.269053752256544e-09,2.0435220574309e-09,3.060690016908449e-05,0.3102857629556523,0.1431079342131339,1.7361093817173765e-05,0.8029851060397931,0.590551181102362,0.1639135959339262,0.1385494997498156,0.5416666666666665,0.2815829528158294,0.0737851480622575,0.4836488812392427,0.4853479853479853,0.0470004756048718,0.6090751442962486,0.6878236013194859,0.7362305418116255,0.8415010069647675,0.6034704530648811,0.6068287678255269,0.6853635774463063,0.7988065898370078,0.7084349260772734,0.8779408194571321,0.814499178405878,0.8894591190912926,0.7319125011492301,0.8876104531174535,0.7971237953009703,0.8909189356044965,0.668551709735393,0.1068702290076335,5.394089567162723e-07,0.1081081081081081,0.5979578813018509,0.1254002359950652,0.0569355103114976,0.4687615296187148,0.5269759132664051,0.3083169166075514,0.0724362173672365,0.5844681039935813,0.5409189943409052,0.001585314113074,0.5104622108690255,-0.0018719821450596,0.5285148135343531,0.6248496255930268,0.6304635540009119,0.6891663722862059,1.1623400488472861e-07,0.108836813572169,8.470692201110558e-08,0.148080346830881,5.285450576175989e-08,0.1755137663208921
21,8,1,1.0,0.142069398618139,0.0199153504227794,0.0,0.0588663450211486,4.549135213002109e-05,2.7640074290969204e-09,3.95884618276425e-09,0.0003408981024104,0.4282355351156822,0.1688615083789252,1.2026051465921022e-05,0.9285989575195068,0.448818897637795,0.0927573062261753,0.1910205202742139,0.5763888888888891,0.3805175038051749,0.0566086592580275,0.4991394148020654,0.6025641025641026,0.0334080495647603,0.94310598246424,0.7555019587479969,0.6474965294134781,0.935104451595576,1.0107452682504967,0.6918465870168337,0.6624104151595082,0.9914468912277228,0.8358500199371476,0.8856979551218471,0.751002751946483,0.9038512902458076,0.8656121565683086,0.8812446675638961,0.7468592999169431,0.9314174279182562,0.6590706545421314,0.099236641221374,8.547721188576765e-07,0.1771771771771771,0.410338225909381,0.1408394270916817,0.1957663646069427,0.6870319714909261,0.396216689660045,0.359214668485133,0.0306926739784784,0.1687878911898499,0.2022457308204894,0.0278572062779321,0.4930302920986869,0.0181549948092322,0.5193998929200736,0.6717329527699193,0.6123045385815122,0.6418298201623787,2.047310245101857e-07,0.0364705646319223,1.875181627235767e-07,0.067342158501528,1.3378169157414886e-07,0.0662887716893598
21,8,2,1.0,0.1986994938498413,0.0052958084615544,0.25,0.322103856084125,4.54879510438018e-05,3.886785842564654e-09,6.574448418005151e-09,0.00039200483274,0.4045103904212076,0.4311620285431346,7.284654932643596e-05,0.8919506958657607,0.6850393700787397,0.1372299872935196,0.1820382349547712,0.7256944444444444,0.2207001522070015,0.1185628027977588,0.4836488812392427,0.3498168498168497,0.0769514044521993,0.1979259868254927,0.2069731499612152,0.2520653850306002,0.35365408363175,0.1948864803567117,0.1671457673130663,0.2386729881153474,0.3061252061870547,0.3822963367886846,0.4327462976455142,0.4088339206493185,0.4979999088977617,0.4146310586195044,0.4518320992198523,0.4240852771423721,0.4984304345260796,0.7175532921844057,0.083969465648855,9.50961338531345e-07,0.1681681681681681,0.4907466496490109,0.2262924474473959,0.3476503733776699,0.122719925732301,0.4600647651070058,0.3779253477493566,0.4905428056784415,0.4948391603276962,0.5856824109263172,0.390874637125135,0.6196323681071293,0.3739831648205608,0.6464958414941875,0.9054155648923272,0.1027574670598379,0.126624071120491,9.851711420343474e-07,0.5677087272237972,4.487260068139177e-07,0.5220991464926779,2.556485880922523e-07,0.5544352495573122
21,8,3,1.0,0.1962293136739019,0.0055245871863199,0.25,0.1717939524995949,4.548557553511296e-05,2.312610927383382e-09,6.246234762442121e-09,0.0006469316087795,0.254899177587809,0.3106005508113851,1.903886952917828e-05,0.6845254489546231,0.448818897637795,0.1486658195679796,0.1255634867792865,0.6770833333333333,0.2922374429223743,0.0850999922747737,0.5628227194492255,0.5018315018315018,0.0565979339131199,0.1614452603822136,0.1376171586841134,0.2149643505137031,0.2642614356986459,0.1559459815290064,0.1057031311125763,0.1712502597522086,0.2327976738687586,0.3967863951025981,0.4393488042863468,0.4421458469976111,0.4870933708299187,0.4181601241247,0.4420546239809758,0.4150424939415208,0.4886670004996594,0.8275907802818714,0.1297709923664122,6.893291046958936e-07,0.159159159159159,0.7319719208679003,0.631384072664599,0.6080746312153451,0.7944615899605036,0.3436963348570479,0.2745364775252196,0.1980020499122106,0.3104240383935237,0.3768793425264598,0.2511388265395715,0.6168372952025836,0.2480408696752812,0.6273610199654481,0.9326657454493288,0.1868696182613098,0.2212099969417781,7.349283363230694e-07,0.2147297357320985,4.2145251084075406e-07,0.2302205148526739,2.5377646671676545e-07,0.2826352923542103
21,8,4,1.0,0.2557825560320946,0.0072737873000777,0.25,0.1882327025830346,4.548188499201197e-05,6.6514360568320945e-09,4.500425871203758e-09,0.0001423060589943,0.3493756111378846,0.6308057617325988,5.401897827103928e-05,0.9512666199104096,0.5196850393700786,0.0482846251588309,0.346519013159819,0.7395833333333335,0.1750380517503805,0.1493932323786676,0.6161790017211703,0.2747252747252746,0.1404137810595021,0.1030749619485965,0.1385815761713357,0.2333892375941652,0.2729162827590474,0.1006021769502954,0.1089409755346142,0.1818892818754151,0.2567055240279901,0.3478915967620244,0.4300425080481436,0.4469491943552384,0.4844647721312319,0.3736378386155521,0.4395178889437838,0.418243021581989,0.501213628722553,0.7084927270556869,0.0941475826972009,7.678595958161378e-07,0.1381381381381381,0.6515634971282704,0.6434061811776814,0.6493920685501733,0.8393846256314066,0.2488746908184126,0.3132875978292248,0.3015462673387702,0.4409065119748803,0.502121093499003,0.3845596477512666,0.5567604725046433,0.5275170704403012,0.5783907011916664,0.9211331972702284,0.1387368754116348,0.1703024561195137,3.606696761262685e-07,0.3735313048776704,1.508400772076893e-07,0.3561546955699428,2.510682967576557e-07,0.487938137336915
21,8,5,1.0,0.2689574647833791,0.007173480015771,0.25,0.4965055073590992,4.548442879827783e-05,2.6648906889359408e-08,1.0595063210924566e-08,6.562071108869303e-05,0.6008099958517087,0.7968872565290096,0.0028895053588484,0.9861689404353042,0.448818897637795,0.0851334180432019,0.2051359904993358,0.6493055555555556,0.1171993911719938,0.1914879387004043,0.2771084337349396,0.1446886446886445,0.113362734724321,0.0690076082639148,0.1212039307023839,0.1724630981136636,0.1656973004207547,0.0668041450488003,0.0996370085478492,0.1429601327107352,0.1728257716636119,0.3427999470997258,0.4410993415854611,0.4254591654156529,0.4330557118073611,0.3648007827573882,0.4497754530506033,0.4063009981180032,0.4591036385656974,0.7301611193663176,0.0865139949109414,3.966895642374214e-07,0.132132132132132,0.6247606892150608,0.2835001283203593,0.356336584068238,0.6506380981699507,0.3960669625339888,0.5340018681941353,0.219983746170768,0.2282926580067161,0.2680589660811772,0.2997370255391978,0.4761702782184841,0.2358896524540729,0.4937720092281943,0.9428758715114666,0.1447244672589129,0.1747228865999976,6.005982928407157e-08,0.1994056128112713,5.1761772547302925e-08,0.2324224175781573,1.2025737145452522e-07,0.293464729200265
21,8,6,1.0,0.2577900991763851,0.0066520438004998,0.25,0.4438614463106503,4.548318586211955e-05,4.6981262024372395e-09,6.520103659721577e-09,0.0003160972393473,0.61711129082794,0.6131512859334018,0.0001853281994662,0.9513648988165276,0.5196850393700786,0.062261753494282,0.2886363284455662,0.75,0.1156773211567731,0.2168214556482184,0.3769363166953526,0.1758241758241757,0.1302684501492602,0.0527621722552262,0.1008909716832078,0.1654191235149614,0.22731285541017,0.0525638309922711,0.0888826648868927,0.1326803940621615,0.2144498850109697,0.2815124227811068,0.3604328209268168,0.3616739691440112,0.4174282725610183,0.3171208061578265,0.3963430456110818,0.3564721296791002,0.4467880792919152,0.6718225433434823,0.0712468193384224,6.711402347091351e-07,0.1501501501501501,0.4907466496490109,0.5530223249570008,0.6263178179523141,0.8041536911254825,0.2321539130098768,0.4396373224148715,0.3013267237808616,0.281963708517112,0.3280253677744191,0.3644899462003904,0.5762786134314318,0.3092647590963363,0.5992837239046943,0.930683610590758,0.1249162809463626,0.1464494817072222,1.408041415980742e-07,0.310337095703234,1.463598075566194e-07,0.3425454607476126,1.364291837203501e-07,0.3764355237226117
21,8,7,1.0,0.2140927452537013,0.0009319597478343,0.25,0.2420544396917975,4.54891656794087e-05,4.348812183265183e-08,6.4619146838548244e-09,5.476717259362784e-06,0.3655605253277392,0.3410455603513618,0.0002056295681386,0.9066311252579444,0.448818897637795,0.0482846251588309,0.3152531675771863,0.6493055555555556,0.1141552511415524,0.1957537040472312,0.4199655765920825,0.4816849816849816,0.0374014191643411,0.0787613589885226,0.1090528258538309,0.1364990978915228,0.1421240112723757,0.0785647259437104,0.0796805702438622,0.1177292628628271,0.1457616619935313,0.3861210279373175,0.4814798559845434,0.4493839355096795,0.4700811178263451,0.4124840890604495,0.4831968025333016,0.4373788002541802,0.4948089093231404,0.6638038000817947,0.1323155216284987,7.275990407305171e-07,0.1681681681681681,0.4371410338225909,0.3053894211230918,0.486980886524333,0.7703528092349408,0.3253708157409398,0.4538632339293477,0.1420254978822619,0.1678499910247892,0.2079688108272268,0.4204603837670376,0.638836420564433,0.3560115831166376,0.6215916815095025,0.965950624451924,0.1243844706397623,0.1407068048810537,9.003913276364355e-07,0.164471109179247,4.556871075314801e-07,0.1487006458617472,3.401701629875086e-07,0.1911196660007263
21,8,8,1.0,0.2311662979252249,0.0006977811743497,0.25,0.2155988391607305,4.549179479232169e-05,1.8165455961870081e-09,9.615431530237949e-09,0.0012696798048561,0.470412777967144,0.3680937864459426,2.4187368283969318e-05,0.9416584952222756,0.5196850393700786,0.0609911054637864,0.2931130082674283,0.6770833333333333,0.1156773211567731,0.2000047384382107,0.5473321858864026,0.2271062271062269,0.1511826406300406,0.0602700292326936,0.1102523960701203,0.1595974670139931,0.201090439736828,0.0602614485097658,0.0967819849085661,0.133774643359849,0.1928253554790233,0.3637914478033022,0.4673820202624225,0.449135538674947,0.4901698764849959,0.3921352481550447,0.4842943556767901,0.4359566416487076,0.5106214406161417,0.6122688681216801,0.1221374045801527,9.50961338531345e-07,0.1891891891891892,0.5979578813018509,0.4480249779070764,0.5281936803628611,0.783391382332133,0.3256271950892221,0.4480947680683174,0.189877825036231,0.0871907778102019,0.0731166055056353,0.1917732515117225,0.5441618620022876,0.1406334213516313,0.5601086919936208,0.954002229216118,0.1602701715090684,0.1811986810145566,2.994682719811106e-07,0.1931081133847764,3.504023349263102e-07,0.2115040405820749,2.765841201799312e-07,0.1970923337639925
21,8,9,1.0,0.2473400517025843,0.0036973435811075,0.25,0.3361986664915622,4.548010045339331e-05,8.590029519801214e-10,8.383252182062882e-09,0.0023812482521329,0.4994563325726887,0.4637985975379184,1.22425579420533e-05,0.982610468758884,0.448818897637795,0.0482846251588309,0.3152531675771863,0.7048611111111109,0.1506849315068493,0.1644236051322907,0.3425129087779689,0.3461538461538461,0.0473681309064138,0.0936729823964978,0.1041739093988979,0.152875360508077,0.1479480908968155,0.0891358720951065,0.0858162521397667,0.1315493215136544,0.1462208922289261,0.3564175045199012,0.4234098279987922,0.407668775113045,0.4163231578273553,0.373356977198881,0.4286318763263619,0.389336243017874,0.4306671199380616,0.653342922160904,0.0788804071246819,9.016476092769984e-07,0.1561561561561561,0.4907466496490109,0.4077601867057652,0.6245527859891329,0.7077911265831105,0.2525204849256542,0.4452920693593746,0.2114311908128721,0.258042358793447,0.3101422438800374,0.3100277110113601,0.6139063654395889,0.3427887084127751,0.6465615265246701,0.9507910763483528,0.100252491323576,0.120590898186743,1.515829746545775e-07,0.2651371181059323,8.435470121540932e-08,0.2412162336822874,1.6219892795054377e-07,0.2875744719366817
21,8,10,1.0,0.2832607405946872,0.0107268042141533,0.25,0.4501740541154059,4.547733381031617e-05,1.3532200949056564e-08,1.0346999679887012e-08,0.0001557168115893,0.5848120806508931,0.6339328180156723,1.625784957369962e-06,0.9920268386480172,0.448818897637795,0.050825921219822,0.3041835273332411,0.7534722222222223,0.0289193302891932,0.5575601781652767,0.3149741824440618,0.1373626373626373,0.1381824032933198,0.0696601006844946,0.1063221820020492,0.1319822417382827,0.1083855716147423,0.0721195572631265,0.0865014603162042,0.1202088484270062,0.1351985693617212,0.3647322540787071,0.4582311737026291,0.4256171003319446,0.4263868531723099,0.4023823322654546,0.4802623649199393,0.4310929019207433,0.4798260173816698,0.6503611472057673,0.0763358778625955,2.974562454326772e-07,0.129129129129129,0.410338225909381,0.3631113447093961,0.6896986053251863,0.8143313860291967,0.1427471851086459,0.5219691482615613,0.1611373152489346,0.1610478789546909,0.2126188345364035,0.3106616794848865,0.3081040424945908,0.2918771347738814,0.3372711503214581,0.962477843959982,0.1088238901593226,0.1363888601005373,2.9740739448982325e-08,0.1503742555494168,2.9835210395643177e-08,0.1583249010769332,8.576304440348884e-08,0.2113181903803564
21,8,11,1.0,0.1723708114590132,0.0076668845247517,0.25,0.1012758934319969,4.5487568560953526e-05,4.158941605510715e-09,5.061254706693111e-09,0.0002784436248721,0.355903991597626,0.238289761874463,2.502146498975557e-05,0.8949580356132121,0.5118110236220471,0.0609911054637864,0.2901575303267814,0.6388888888888891,0.4246575342465752,0.0548188008507563,0.5886402753872633,0.6062271062271061,0.044544500144981,0.1343331539944493,0.222966262712801,0.2385423680611159,0.4441270874375406,0.1278045137525121,0.1620603967070492,0.1861860391548747,0.3587629168396944,0.3825263329520616,0.5142479147204672,0.4653704520603897,0.6181994172819119,0.3991748037248477,0.4953275527501196,0.4281811971376954,0.5819242468573935,0.3879953004108913,0.1094147582697201,5.855028722295035e-07,0.174174174174174,0.410338225909381,0.6579952654282497,0.5582233630647702,0.6967063966969693,0.3668941693799506,0.2831524031696685,0.2297168339918731,0.4314648984305249,0.4798654679121887,0.929965104697968,0.7229172300926714,0.3218331004582574,0.5566901121780174,0.9198462663137889,0.1858164560624058,0.2051221934492517,8.974993552478638e-07,0.315979142795841,5.032145797850133e-07,0.2915715589283372,3.0738035516845744e-07,0.2770975775559222
21,8,12,1.0,0.2443930462946988,0.0059654890357577,0.25,0.2077922115348346,4.548963666432032e-05,3.6616897136574822e-09,6.212057712388807e-09,0.0003947063142535,0.3706564205184849,0.4225468110893785,2.1850027571580265e-05,0.9557836890771492,0.5196850393700786,0.0381194409148665,0.404938643001291,0.7118055555555556,0.2343987823439878,0.1101674558585721,0.5163511187607572,0.4157509157509157,0.066128877589445,0.0816042661530246,0.1256279545367072,0.1863381041160495,0.2331421559457063,0.080664380515811,0.1069518408903943,0.1693710796054723,0.2166047465300618,0.3256851484062694,0.4106955244586225,0.4040917214626084,0.4475790217559945,0.3562125140929105,0.4344563265036292,0.405561548459799,0.4682070418224288,0.7242260910542662,0.1094147582697201,9.016476092769984e-07,0.1771771771771771,0.463943841735801,0.6503599680020522,0.6662277246079125,0.8117608459474992,0.2836799809190586,0.367530541964743,0.2775219019790437,0.2949304652796609,0.3618371863496148,0.2968980196802239,0.525260191512392,0.2485707420194206,0.5129530532564351,0.9300458496185122,0.1421862581505593,0.1710581163821808,6.486131071134865e-07,0.3077075355265919,3.0971147358762655e-07,0.3455291457113404,2.012831416285156e-07,0.324100629481395
21,8,13,1.0,0.2298406882247838,0.0039608427817658,0.25,0.3222511036548188,4.549218946717984e-05,5.240908445182253e-09,4.648422429021846e-09,0.0001958199867076,0.4349740031422574,0.4431622134151347,2.7934506499977492e-05,0.9414489984471476,0.6062992125984249,0.062261753494282,0.320668493772871,0.5694444444444442,0.1598173515981734,0.1321049823913522,0.4354561101549054,0.4835164835164834,0.0396080462705026,0.026010669700625,0.1666356487270342,0.2137529367388229,0.2529056931265318,0.026426182364563,0.1466696650417185,0.2062063734800215,0.262042055645847,0.299941071357767,0.4621055614211798,0.4406167708409714,0.4783853297695613,0.3376142505496267,0.4916816126538686,0.4531034034420593,0.5221036066892156,0.5306964102225482,0.0814249363867683,9.50961338531345e-07,0.1501501501501501,0.6247606892150608,0.2843187577869996,0.5870510047054163,0.6492532237951854,0.2388934246512931,0.3999333194989471,0.3071181174941212,0.4548013639417674,0.5188103227458689,0.3122836201062436,0.5852050824622672,0.2894124586495232,0.5791462907579203,0.9302121833637595,0.0999636119382268,0.1165482970831594,3.5604627803874293e-07,0.4024079142420729,1.759472240474534e-07,0.3732767483356128,1.873978382852388e-07,0.3586899142715832
21,8,14,1.0,0.2102895426496772,0.0035527665197007,0.25,0.0728867227930239,4.548422048289661e-05,4.6461093959281245e-10,3.646339919738302e-09,0.0020245461426045,0.2466240073420941,0.4039413504380739,5.398623378305199e-05,0.7928023062650424,0.448818897637795,0.0381194409148665,0.3685681695684328,0.6111111111111112,0.1461187214611872,0.1510865444836338,0.540447504302926,0.402930402930403,0.0737367132055592,0.0600481590415101,0.0817959416720666,0.1192507910124908,0.204224779404155,0.0588797980279671,0.065741656471541,0.0961789374854245,0.12104380769085,0.3478132992141066,0.4258334991434494,0.4032011902861138,0.4727360291353713,0.3725923867782278,0.4369219271834653,0.3887486086580939,0.4412272419276792,0.5610986653517531,0.1119592875318066,4.567390273676254e-07,0.162162162162162,0.5443522654754309,0.3907862606675398,0.466288580313285,0.7401621098975983,0.3426403298051154,0.2900712609389388,0.1333289583525205,0.1949931336661392,0.2235739432114458,0.121955467407224,0.5645919365994287,0.1382912222552971,0.556112645613133,0.9682245614237384,0.1234653070183166,0.150658773060757,6.414465453549434e-07,0.1834440265582609,2.602764674414462e-07,0.1558787546745499,2.3481244647253814e-07,0.179129929564426
21,8,15,1.0,0.1853856057290499,0.0072656010670303,0.25,0.1406011787472268,4.549319963470156e-05,5.0373046545594495e-09,5.201607935739015e-09,0.0002309262269766,0.2155492915739408,0.1602645677289507,0.000203898472763,0.7047497082886963,0.448818897637795,0.243964421855146,0.0769148944575503,0.6423611111111109,0.5190258751902587,0.044038584049364,0.5869191049913941,0.6611721611721612,0.0378386207818318,0.7483863767835558,0.6182191374924758,0.6031819669661707,0.6680234415297879,0.7216317317555481,0.4571542121891732,0.5390371523614218,0.6465233326863336,0.80969496183398,0.8267786256441852,0.7231156406420912,0.7731684421350107,0.824813624787982,0.7635222992686981,0.6954257817769997,0.7904004585632781,0.6577694645604248,0.1323155216284987,4.963283011657601e-07,0.162162162162162,0.6783663050414808,0.2813879534652641,0.2441948882039906,0.3412649177777487,0.5327497687683067,0.2828879304764594,0.0978935357352934,0.4109686235478016,0.462312833122481,0.0073480248445497,0.5114046056849655,0.0030929479969514,0.5298188939343269,0.7377751461594013,0.501282710276094,0.5911574964921702,8.321669099605894e-07,0.1273389703228871,4.233224202981711e-07,0.2163643396360866,2.381713564533421e-07,0.2451282150985518
21,8,16,1.0,0.2232453297554959,0.0030648137718133,0.25,0.4237229992827092,4.5493843128428286e-05,2.1043934584143503e-09,8.622358386396093e-09,0.000980398970217,0.5083478083618423,0.6400219673937156,8.316178235498415e-06,0.9580214937004132,0.5196850393700786,0.0838627700127064,0.2286488188326133,0.4374999999999999,0.1293759512937594,0.1314442759666414,0.3218588640275385,0.2747252747252746,0.0615568908026217,0.0619239805993883,0.1239203667161067,0.1848202563868345,0.206709000445804,0.0592760547213944,0.1081134403814156,0.1512459726106819,0.1994592334492115,0.3254262845839592,0.4274248948722683,0.419575460625621,0.4455283172947212,0.3450092087283662,0.4408978575508283,0.3965122377518429,0.4608388103421865,0.6484362579895051,0.083969465648855,7.275990407305171e-07,0.1501501501501501,0.5443522654754309,0.5676448651719856,0.545853568375831,0.6267456927632633,0.3595424875827568,0.3668172677658561,0.3311629740651411,0.2875025476765971,0.3562116300084161,0.2677461944722088,0.6427348289733241,0.2519999983631906,0.665705490984553,0.929223600036605,0.1018669765498159,0.1231284471072824,2.48693253097439e-07,0.2866232715367814,1.777941555397754e-07,0.2931755646462537,2.1094433136712345e-07,0.3546467845642178
21,8,17,1.0,0.2562298083349703,0.0037550364012005,0.25,0.390905220279862,4.547929399015389e-05,1.2026795776428747e-08,8.278357427008724e-09,0.0001386065201205,0.5289836530941879,0.4949054124153447,0.0001289871385826,0.9090842653303648,0.6062992125984249,0.0864040660736975,0.2481693609631088,0.3888888888888887,0.136986301369863,0.1152305576228864,0.3218588640275387,0.1758241758241757,0.1085215207340048,0.0554590428551284,0.1341534710824945,0.1769286686252008,0.2366216765908325,0.0546271535667854,0.1153545789891056,0.1574018683747594,0.1950967837162387,0.3459487164238295,0.466049008606869,0.4427859940206908,0.4950666719494956,0.3719052420049175,0.480313519992448,0.4332296159670539,0.4925895589093595,0.4703676869328235,0.1068702290076335,5.69880763628689e-07,0.1681681681681681,0.410338225909381,0.4303327368888219,0.5500818572570045,0.6734076531332058,0.2932722929376498,0.3535079829337533,0.2788611049749965,0.3540685398490215,0.3917679686198489,0.3969428238581961,0.5428056712417434,0.3547574778034992,0.5278101984611171,0.9382765340940344,0.0997940662926722,0.1238682551868713,7.144997278148675e-07,0.3544742768644319,2.747750219341097e-07,0.3743012722345116,1.7470866779000626e-07,0.2897207160548376
21,8,18,1.0,0.2089664113014183,0.0052807160365868,0.25,0.2215643189917763,4.549212220610734e-05,3.5098883263008367e-09,5.7171817959522314e-09,0.0003798886446163,0.3500913771141204,0.4780537866527691,3.5759262942697415e-05,0.884186654001967,0.5196850393700786,0.0127064803049555,0.692000617222318,0.6145833333333335,0.3105022831050228,0.0738955189248547,0.5370051635111874,0.4358974358974358,0.065303745968336,0.0653158516308622,0.1048046082406039,0.1786276942523721,0.3016741040300186,0.0652384431054532,0.0884962209079425,0.1595706945127353,0.2418807798577933,0.3379344280703298,0.4252944550819169,0.4269577500826194,0.5228959992423594,0.3691640784227196,0.4466016390559512,0.4242965096720477,0.5130520369250102,0.6931578851140738,0.104325699745547,5.2455925840467e-07,0.1501501501501501,0.7587747287811104,0.5252253364205592,0.4622394330772099,0.738595544369471,0.4411547907677715,0.4022684590019416,0.2098969816883906,0.4698125163566959,0.4937126063215671,0.4443010974526434,0.5196522821102321,0.5695303262227155,0.6413322736458342,0.9359698997795372,0.1457246963804,0.1678437261760924,4.736491206313168e-07,0.3017702942243651,2.459364140516821e-07,0.2482347626724675,2.261691337716927e-07,0.2810470495744654
21,8,19,1.0,0.2572479099020634,0.0055673154150951,0.25,0.1877769565365275,4.547375499112396e-05,1.1107015801706247e-09,8.176072367218253e-09,0.0017907276656874,0.3360318071497467,0.629644267019934,3.5878754500001665e-05,0.9511134272775807,0.448818897637795,0.0825921219822108,0.2102892574069199,0.7152777777777779,0.1445966514459664,0.1725107404599444,0.4216867469879518,0.2106227106227104,0.1214337600743127,0.0313675892395748,0.1340848272185857,0.1809087101096224,0.1883851176373083,0.031714925638682,0.0922705812655866,0.1765981526205186,0.2089188082654825,0.297006491736783,0.4280613849366232,0.4095628667724923,0.4246876931377422,0.3339973759173189,0.4362686071624192,0.4247425305242683,0.4775018739326999,0.7044485432643959,0.1094147582697201,1.3056304618183949e-06,0.1711711711711711,0.517549457562221,0.5669238678204986,0.6457584590464425,0.7431757704819812,0.2797960427126183,0.336418247817842,0.2721930438427944,0.215211805476913,0.2646368345510197,0.3543743120767678,0.6276324149913776,0.3241594106659634,0.6181338320725661,0.9363986028118833,0.1321082557348231,0.1499233690308175,4.066783295300482e-07,0.3537408438621837,1.8163946937009745e-07,0.2764633031602224,2.1111260338414965e-07,0.3063484852011515
21,9,0,1.0,0.2666106311138625,0.006828420693369,0.25,0.2448691041614078,4.580186961282697e-05,8.57339187504636e-10,8.781829091198473e-09,0.0024955403166538,0.3359753141509167,0.5432967812342153,9.883234254911598e-05,0.9865460209753446,0.5196850393700786,0.0127064803049555,0.692000617222318,0.5763888888888891,0.0441400304414002,0.358695823856457,0.623063683304647,0.1739926739926739,0.2297955339139344,0.092293711932619,0.1134905931061752,0.1468428525201606,0.1998578051005799,0.0940321819457764,0.0962970565184331,0.1286261058086013,0.2091730325379509,0.3823907116533301,0.4682268194088876,0.4398176940396439,0.4880593882487145,0.4153333822580816,0.4874995563618494,0.4362364664286492,0.5240493280705132,0.6761699149546967,0.099236641221374,4.829107399146593e-07,0.1411411411411411,0.3567326100829611,0.7645080624157967,0.7560711743298851,0.918937648241308,0.2886161247658188,0.3786682806139789,0.2105858710821127,0.2013201020266566,0.2442378608634403,0.3449029400062713,0.4922755199151713,0.3207950834554867,0.5196366025931343,0.9492105028126062,0.1235232532835366,0.1468017368706348,1.447235449157989e-07,0.2311274147354275,7.398932031069936e-08,0.2348893769169385,1.383743177007721e-07,0.225786921929523
21,9,1,1.0,0.2367230322867374,0.003848279496967,0.25,0.1609261795920003,4.5818869904600326e-05,8.829635675426578e-09,5.5382309769257634e-09,0.0001270891366331,0.3832223241395868,0.4684184622678581,8.556499095056764e-05,0.9660122168277636,0.448818897637795,0.0609911054637864,0.2665137068016065,0.6493055555555556,0.0745814307458142,0.27404304453017,0.5370051635111874,0.2399267399267399,0.1391943605657146,0.0888091670508355,0.1384272869988066,0.1930695375200458,0.1664761334416554,0.088802785238572,0.1135624436703919,0.170196130709562,0.1750970851169782,0.3897060401436306,0.4980086944933685,0.4802125546936867,0.4810098420735821,0.4168461598035341,0.5060337365498742,0.4674833685727371,0.5097873025127909,0.6323509603893407,0.0916030534351145,6.183722641881204e-07,0.1681681681681681,0.4371410338225909,0.5988836106428654,0.6967667101473856,0.8465312684475377,0.2380067983631724,0.4043630791072496,0.1310571282456964,0.2041472684404148,0.2447508004698504,0.1970115038814073,0.4997797199347281,0.2240459900978257,0.5138142549074791,0.9503981811081236,0.1839930556832136,0.215102194881794,7.243848122782804e-08,0.1297448756427717,1.638501131006035e-07,0.2022090772468132,1.4966602519157672e-07,0.1951009297827955
21,9,2,1.0,0.2622704839522815,0.0067870816163919,0.25,0.2516487094429865,4.581390023410425e-05,5.461501234468374e-09,9.335114289987117e-09,0.0003890727718166,0.4454712342808287,0.7043817762156258,0.0002190214405965,0.991334046059212,0.448818897637795,0.099110546378653,0.1805915646096051,0.7881944444444444,0.0913242009132419,0.2731508694734216,0.3838209982788296,0.1172161172161171,0.1995536368533514,0.0916615426772704,0.1420331277823345,0.1710387821699612,0.1478128293393371,0.09224651835577,0.1133138167473101,0.143625877793782,0.1655489102871458,0.3852066922445338,0.4923776264124521,0.4590732021558071,0.4608952681320558,0.4146640320021385,0.5007803438407621,0.4461170790528974,0.4984265287872972,0.6673219730283297,0.0966921119592875,5.542586550278745e-07,0.132132132132132,0.94639438417358,0.5107684625907551,0.5173976758192058,0.630306086786947,0.3466450753318934,0.4247365624593069,0.1945193552337071,0.1191526653250398,0.1498764565031412,0.314091141675989,0.5706934674369658,0.2688481221015569,0.5991273991546574,0.953152626174185,0.1362923771681513,0.1665976110744679,9.70515479076564e-08,0.1888347373295089,5.6498749866519745e-08,0.182881845523567,1.299947884937754e-07,0.2097104255315592
21,9,3,1.0,0.2483916720446315,0.0056066709659832,0.25,0.1615788580763838,4.581416341465436e-05,1.477687266421581e-09,6.2895247825963485e-09,0.001037182082763,0.356077686728105,0.4355785939389446,1.538621340688707e-05,0.9896479758629062,0.448818897637795,0.073697585768742,0.2304338462274761,0.75,0.0700152207001521,0.3210481425322214,0.4234079173838209,0.1355311355311355,0.1931454417194552,0.0615656417262086,0.0937544755429063,0.1275457098727893,0.1374187596893185,0.0635877318157186,0.0855214373702079,0.1138215399063754,0.1593328938367935,0.3640083795463592,0.4551133615721283,0.428412341583778,0.4505058917128219,0.4005075378630233,0.4834134053110687,0.4309742147098874,0.4984137978603128,0.5649107522079455,0.089058524173028,6.893291046958936e-07,0.1681681681681681,0.3567326100829611,0.2421029346865966,0.5955060561632051,0.6815925215070164,0.1472939952984853,0.3810104268656707,0.1357137240158614,0.1613419328478422,0.2043682343458284,0.2438824271349755,0.4784007705289325,0.2428425836525924,0.5079611251529437,0.9631411884764915,0.1450579838702042,0.1776735378409548,1.0897931300733485e-07,0.1349846931075844,5.737145532500824e-08,0.1503359315644178,1.4677070582256966e-07,0.210689426802931
21,9,4,1.0,0.2537148760849339,0.0046869606825631,0.25,0.3631148119542611,4.581682117543477e-05,1.4005102661194193e-08,1.1609201196515149e-08,0.000170648460598,0.5295125428027775,0.5954782001707384,2.736815883946608e-05,0.9738298980176456,0.448818897637795,0.073697585768742,0.2304338462274761,0.53125,0.1019786910197868,0.1847244322689846,0.4836488812392427,0.2069597069597068,0.1451520237399968,0.0708570726994623,0.1140852680888074,0.1658717014716313,0.2097548630204282,0.0666993327102639,0.0833514416002176,0.1326282913192477,0.1922800381388021,0.3664626914763896,0.4650410854791257,0.4483707269987807,0.4907262752197276,0.3791603722566288,0.4532831893831541,0.4155801300130904,0.4900233639568983,0.6765704529970811,0.1068702290076335,5.10443779785215e-07,0.1531531531531531,0.463943841735801,0.5552172898679384,0.6811555409745029,0.8195831910482667,0.2304525683041395,0.4543772397974879,0.2301648855394146,0.2020459210748846,0.2529040698570832,0.1689393838140684,0.4481526183683041,0.1239768682449429,0.4878484578879115,0.9480028464912236,0.1080845846464774,0.1278622994118828,1.0897873354355905e-07,0.2439663682994633,7.607908752098826e-08,0.2369575817245879,2.2062440655350341e-07,0.2961527341076189
21,9,5,1.0,0.2366360700073995,0.004369174071916,0.25,0.1481236489736569,4.582173261089727e-05,8.143631587529437e-09,4.118222769794548e-09,9.933445789138934e-05,0.370257761756688,0.5420007333320528,0.0002656303451416,0.925762279885432,0.448818897637795,0.1461245235069884,0.1276062435912043,0.6423611111111112,0.2024353120243531,0.1166218489385898,0.4543889845094663,0.1923076923076922,0.1463300161579359,0.4145396263899924,0.2675935673344843,0.3016796654906726,0.2571353291106164,0.4093762804997281,0.196634693098264,0.2490669234123123,0.2388065020654513,0.5777079963571007,0.5534747914139273,0.513989995409043,0.4938618970793785,0.6024472858423797,0.5378736155928143,0.4868175962676977,0.5092788336518381,0.6441282371806212,0.0814249363867683,8.102143124358846e-07,0.162162162162162,0.517549457562221,0.2360088318645443,0.4346111232213756,0.5330713970331238,0.4120659073865652,0.3348555965954604,0.1571689133924116,0.3075662735689655,0.3818828781853987,0.1294087442743109,0.4577931635535671,0.1379949072126832,0.486867337374699,0.9175083107560832,0.2374479300613779,0.2889768379797474,2.245435620510662e-07,0.1566849270630848,1.6363707028858366e-07,0.1979400369406902,2.0817683641628825e-07,0.3165944523149708
21,9,6,1.0,0.197117047937747,0.0049377144838203,0.25,0.0846757071217882,4.58227897725636e-05,2.539631856807668e-09,2.857135842832593e-09,0.0002714894591708,0.1216852835774084,0.1907393027261615,2.2882027732955952e-05,0.7071585246674617,0.448818897637795,0.0470139771283354,0.3210844959199789,0.6597222222222221,0.171993911719939,0.138537574379121,0.6058519793459552,0.6373626373626372,0.0428462395337329,0.0902947702490816,0.1260005579722828,0.2177147769688484,0.320491773128858,0.086692809676031,0.0966320270402339,0.1585128688429772,0.2728144147555457,0.3467347303834214,0.4306066743816267,0.4446818963828294,0.5273705262444168,0.3668921644533496,0.4324669737921622,0.4041500379502034,0.5168442452261395,0.7516578707192254,0.1195928753180662,1.340793954439637e-06,0.1771771771771771,0.5443522654754309,0.471672040471216,0.5518540819187265,0.7488411312481267,0.2889652441800929,0.160421185792472,0.2101652452952778,0.4789642791058883,0.4846513948639139,0.1093493981623655,0.4804663760388993,0.1016241448816393,0.5014598368916161,0.9277733588858688,0.1862880857853329,0.2122851863199061,3.627422575108651e-07,0.2348270475010209,5.302958458758528e-07,0.3132714668304217,2.816162486778786e-07,0.3548821234963337
21,9,7,1.0,0.1883782365165375,0.0043491696539174,0.25,0.0761471932128975,4.581767088665636e-05,1.0893796979684566e-08,4.393855408139683e-09,7.220154635178527e-05,0.1248155445498105,0.4332491818876895,4.796927175512322e-05,0.7973271788505806,0.590551181102362,0.0470139771283354,0.3847328244274809,0.6423611111111109,0.0715372907153728,0.2803148763985572,0.6127366609294318,0.4505494505494504,0.0750979729679446,0.1022929120018313,0.1990089506090919,0.227583037225263,0.2121450653195228,0.1011519484423833,0.1433667226008502,0.1833848000771662,0.2084664935216526,0.3478563831185373,0.4809294431668774,0.443250372903876,0.4409054106991938,0.3775698611791481,0.4756199832355951,0.4233655895795657,0.4698308662605531,0.5969768635181905,0.1399491094147583,5.855028722295035e-07,0.1681681681681681,0.517549457562221,0.3729143030915769,0.4028349093728325,0.5701561709502663,0.449875196410692,0.1345986860483747,0.1905285130154617,0.3304309388201154,0.3698395378859089,0.0766111800814797,0.4921985666264146,0.0813825896085239,0.5258100134487337,0.9288327420584084,0.2024922717337844,0.2507959965754997,4.5214599466106206e-07,0.253162590520274,4.638000056832442e-07,0.244593990563305,3.3937661550234085e-07,0.3388319528513001
21,9,8,1.0,0.2700348303071153,0.0070672489476917,0.25,0.320003620728139,4.581974891889056e-05,1.4723617396630321e-08,1.218736352205035e-08,0.0001700339810934,0.5001204979453183,0.6964616303756246,2.218291250116287e-05,0.9730486910770252,0.590551181102362,0.0609911054637864,0.3197123097332501,0.7708333333333335,0.0882800608828005,0.2755395665744416,0.4509466437177279,0.1593406593406592,0.1763835906503599,0.0790026968523257,0.1618190342278298,0.218288161140266,0.2115097425671666,0.0787193113856603,0.1213926859455451,0.1865419423861891,0.2056778557373751,0.3857724795571804,0.5159148361047183,0.4973976957546644,0.509803086926363,0.4119235971194046,0.512856747226653,0.4784663470265502,0.5288363504063519,0.6693047906977574,0.0941475826972009,6.711402347091351e-07,0.1561561561561561,0.2227185705169114,0.7969927569888569,0.678851051654596,0.8938604988818741,0.3503235776496808,0.5515593775975214,0.2240517059004054,0.2429878526631039,0.2976057730858006,0.3106095124930924,0.3241450969752668,0.2890567779653907,0.3624281761720004,0.94562343424886,0.1121846363645659,0.1393733658110646,1.2116277620672137e-07,0.2522171028288422,1.63317575426533e-07,0.2613284250897402,9.642774710469645e-08,0.2236845237425021
21,9,9,1.0,0.2476649694044499,0.004572108936956,0.25,0.1861986298773426,4.581323494103045e-05,9.417572596549558e-09,6.877103455320349e-09,0.0001507114211571,0.454262439826894,0.6432870454667294,1.1813549936408888e-05,0.9742400849977184,0.5196850393700786,0.099110546378653,0.1989642779932139,0.6736111111111109,0.1354642313546423,0.1741419916884284,0.5456110154905337,0.1758241758241757,0.19686842148348,0.1203084869495001,0.1349103171205235,0.1927906010669835,0.1990823075597844,0.1210492745300035,0.110467086857763,0.1750602001036763,0.2036199904474428,0.3858889966187776,0.4634810653926388,0.4503863193467749,0.4676049600384744,0.4173162507712241,0.4792341090570098,0.4479999814095093,0.5011997255430005,0.6603050794416245,0.0941475826972009,9.50961338531345e-07,0.1651651651651651,0.4907466496490109,0.5904160473194193,0.6977752506250852,0.782375277357295,0.2062327443711298,0.3643478927472893,0.2609546861298463,0.2375044493843137,0.2802034078627193,0.2614305696825252,0.5734572555413229,0.3095291601286102,0.6091392362593269,0.9400901004795056,0.1133977770017616,0.1370566350284503,2.372936775690313e-07,0.3301576276898301,2.1943222227114826e-07,0.2951330070423018,1.5089788662038026e-07,0.2737104107581697
21,9,10,1.0,0.2456578085120529,0.0048812060637828,0.25,0.296863548878646,4.5814475973593735e-05,1.2808323482045385e-08,7.049828981922871e-09,0.0001055801400669,0.3925669713327498,0.5655698314222457,8.986817824784708e-05,0.9791327081267848,0.448818897637795,0.036848792884371,0.3764821151765083,0.6875,0.1324200913242008,0.1804683365042127,0.3304647160068846,0.086080586080586,0.2246271222515102,0.0922601879208495,0.1066646429592412,0.1626029198718038,0.1641680012822683,0.0912369850550572,0.0862584674556935,0.1478159821922211,0.1760611797453693,0.3519175349106877,0.4203731255577261,0.4098780130982675,0.4223864285155467,0.3805395549706217,0.4364845401336083,0.4083933475571081,0.4597476125714134,0.5909801102368015,0.0966921119592875,9.50961338531345e-07,0.1531531531531531,0.3299298021697512,0.6303314858851632,0.6468371870417844,0.8195536690198648,0.2583842589170477,0.259894430905693,0.2140314812739973,0.1878405892327337,0.2441487814431946,0.3480419592509199,0.5430084080331696,0.3899383123908067,0.567034922120784,0.9411150785786851,0.1595975294322175,0.1806691818963297,1.4333472717377894e-07,0.2162274448985786,9.417766005162005e-08,0.2326558981015216,1.6610268438789385e-07,0.2824060806851359
21,9,11,1.0,0.2812943095088255,0.0110705505134478,0.25,0.3492416505806617,4.5816281065162175e-05,4.724174182311437e-09,7.627610682355424e-09,0.0003694845569608,0.4743117202347301,0.6876608687688641,2.5186723825119853e-05,0.9722674742155966,0.448818897637795,0.0228716645489199,0.4917690525482049,0.5486111111111109,0.0441400304414002,0.3460165529441496,0.4079173838209981,0.2271062271062269,0.106990046831522,0.0547156800547361,0.1111002606325028,0.1436287322074139,0.1427194773761865,0.0567244088913299,0.094455136431765,0.1378515366971365,0.168029238047886,0.3742506308897996,0.4855795806734954,0.4562778592285086,0.4733555517222221,0.4096235732504791,0.5052510866997783,0.4604829821934776,0.519790308173867,0.7982716869093798,0.0865139949109414,4.694931786635584e-07,0.1531531531531531,0.517549457562221,0.639083328007565,0.6310043331322985,0.8138436538574454,0.3486370365931256,0.3001467278993449,0.1443700513599067,0.087628600355321,0.1030360060420134,0.1802124117802758,0.4328532270442938,0.1513862794936342,0.4752010970514383,0.9637666511186956,0.154444059506367,0.1843170545488985,1.1151666596934809e-07,0.1508875643464065,6.34861289064305e-08,0.1820370455936721,1.1987249350128624e-07,0.1828915753794829
21,9,12,1.0,0.2277516450317751,0.0025181402311636,0.25,0.3460913113077731,4.5816750807474e-05,1.3141786400893766e-08,5.329659101133206e-09,7.121303840350885e-05,0.3515942435696025,0.4580939272044155,4.346198533859821e-05,0.9125224289465887,0.6062992125984249,0.0749682337992375,0.2781082741072211,0.4374999999999999,0.0410958904109589,0.3085300128555889,0.4853700516351117,0.3333333333333333,0.0824931645901209,0.0918353764790452,0.1210934117399453,0.170594686699547,0.211454033199601,0.0870407976021972,0.0966402151830351,0.1479528334428359,0.2001966672433527,0.3033774883953766,0.365840856123804,0.3536423542698447,0.3922195724132958,0.3220631381485914,0.3758585904185433,0.3425115830592741,0.4071744785477795,0.8544278094359097,0.0737913486005088,7.275990407305171e-07,0.1531531531531531,0.6515634971282704,0.5824521071438755,0.5802925891965751,0.6007127733186328,0.3657472790697973,0.3859470663416564,0.3372331016262569,0.3350993250151102,0.388272520175791,0.1316519918325895,0.5411210497090229,0.1028332966910719,0.5657110542395282,0.9227595051641492,0.1332940566972894,0.1564968147685511,1.895946873709224e-07,0.3917259058337693,2.627989829842925e-07,0.4553395889568349,2.481301360339128e-07,0.4957111789390456
21,9,13,1.0,0.2639012933395733,0.0067302045334917,0.25,0.3941394317106041,4.582221340064517e-05,5.7599603248711155e-09,6.662538140296461e-09,0.000257804480052,0.4995506512380785,0.5888000891642139,0.0001960065335288,0.9587008879789204,0.448818897637795,0.0749682337992375,0.2273346787166213,0.649305555555556,0.1461187214611871,0.1583633434420016,0.3287435456110154,0.2930402930402929,0.0577277796980922,0.0898836757257323,0.1264108262766333,0.165089426277829,0.1555440866170521,0.0914460525963898,0.1040875538000467,0.1486005937852442,0.1696178006958196,0.3406234263583025,0.42311366351027,0.399199805125437,0.4023934429019338,0.3787570213372583,0.4497769268433751,0.406651288836222,0.4525999408314213,0.8230830659877819,0.0916030534351145,7.678595958161378e-07,0.1561561561561561,0.7319719208679003,0.3860640446919694,0.6750071273065723,0.6614149004085723,0.2677036377045693,0.4188954083475189,0.211412881050017,0.2232870469324595,0.2780382346903995,0.1767491463316649,0.5955597514087351,0.2063677624961496,0.6126218534455354,0.9456126558768172,0.1307314335822287,0.1603843776746692,8.141161839818188e-08,0.2334228873669247,1.946831617371556e-07,0.2415143101503155,1.5208770295479206e-07,0.2855089687837527
21,9,14,1.0,0.250048227227771,0.0036275188246801,0.25,0.2840781614664745,4.5816495740881136e-05,3.839855675472052e-09,5.677715117088356e-09,0.0003420925111163,0.3758787372602522,0.5256053756203,0.0001134254320326,0.9945857689925828,0.448818897637795,0.0381194409148665,0.3685681695684328,0.7152777777777781,0.1065449010654489,0.223497755364551,0.2960413080895008,0.086080586080586,0.2007891419309418,0.0810921785228234,0.1078144447523742,0.1172669360413699,0.1027887632392911,0.0787535518975304,0.085921279950584,0.0983634513584731,0.1173884544063341,0.3261042082880568,0.3966256726181736,0.3525979690295492,0.3516002547864794,0.350989949286526,0.4098152116778131,0.3447894817153443,0.3880177770836966,0.5740784398632752,0.0610687022900763,3.153428294148579e-07,0.1381381381381381,0.410338225909381,0.539209559539255,0.6515734799051085,0.699364795536896,0.3050417151051733,0.4753661116746306,0.1790725331634043,0.205626960884891,0.2681052781503257,0.4940770357252674,0.8447283676000217,0.4765112368037838,0.8394453999736344,0.9564852432124142,0.1096078654629471,0.1379466723473079,6.73500087291594e-08,0.2281764890723906,2.917518885212828e-08,0.1709744744483285,1.1117325311022576e-07,0.2212585770465708
21,9,15,1.0,0.1937548304077218,0.0022845795986304,0.25,0.4129602995251111,4.5838931131682165e-05,1.054893783661893e-08,7.042343894958227e-09,0.0001348343849167,0.5648314690968415,0.5036510099684827,0.0002236401541112,0.7982111811694651,0.448818897637795,0.1168996188055908,0.1563888711032696,0.2222222222222222,0.248097412480974,0.0453366998808621,0.3889845094664371,0.3150183150183148,0.0659790900654114,0.0167311522767249,0.1000566226324708,0.1901572359547213,0.2290506797597885,0.0159927791044058,0.0892884344928353,0.1171536726403238,0.2027479667281694,0.2804828600858385,0.3929084658742674,0.4104192132285253,0.4480310974837226,0.3007793983593157,0.4102782364950921,0.3570094959294506,0.4505065151217231,0.5921725112365954,0.1094147582697201,5.542586550278745e-07,0.1561561561561561,0.7051691129546904,0.3746060412820067,0.4865165506291324,0.7663535244109094,0.362001977506092,0.4213500392773821,0.2979644630087384,0.3128114380094053,0.3658548658387182,0.5537240528006501,0.8790992490089284,0.5845981024069911,0.8679088117551248,0.914855157894426,0.1804957954817417,0.2057645083922315,3.360128551917016e-07,0.2161141461971877,2.965223792535426e-07,0.335611633633901,2.754933711662789e-07,0.3336517514270546
21,9,16,1.0,0.2440867098023925,0.006844623647742,0.0,0.310474793608444,4.581329518340017e-05,2.2488362445304873e-08,7.821180750609012e-09,5.454133641629946e-05,0.431017203804147,0.5503232455322687,9.178567589698593e-05,0.968311350898228,0.590551181102362,0.0482846251588309,0.3777848587424515,0.6145833333333335,0.0852359208523591,0.2374819939347991,0.4475043029259896,0.282051282051282,0.0921323013999787,0.0955086522727342,0.1526215150314982,0.181980522032633,0.1948858249764842,0.0951362482621634,0.128641008679891,0.160126520068512,0.2048960756181476,0.3819448370225089,0.4925053194686502,0.4587514486404648,0.4816993006173805,0.4094463019124418,0.5042258503476053,0.4482648916305529,0.513185295578148,0.7548565570930195,0.0941475826972009,8.547721188576765e-07,0.162162162162162,0.6515634971282704,0.7348295529614401,0.7975131534377251,0.944475876703082,0.1415762507293014,0.3844161254705175,0.2527011670918181,0.2584002104848923,0.319879966910181,0.2361555405614021,0.6657056160240016,0.2002666066067287,0.6657176441880512,0.9419824564017868,0.1109615483031697,0.1365502195566401,3.166074592899208e-07,0.251021784007284,1.922340633107957e-07,0.271307818981869,2.0764651568635466e-07,0.2662578389455898
21,9,17,1.0,0.1883166472517661,0.0070666430621895,0.25,0.3073192355712186,4.5814830729073e-05,3.787963801817466e-09,7.943786785364619e-09,0.0004883374860044,0.5698845414121992,0.5368696659000791,3.976804635468944e-05,0.9436086955101524,0.6771653543307083,0.062261753494282,0.3468766290406659,0.3125,0.2115677321156772,0.0661096102724542,0.3356282271944922,0.4670329670329669,0.0256935007667665,0.1483743752958482,0.1914440530244668,0.2447768345753638,0.261020437272954,0.1465131438309669,0.1718275030134017,0.2216098288119096,0.2353007575787532,0.3999467272543412,0.4997529828822003,0.4795437082453347,0.5020567129253571,0.4265576089903256,0.5206367541271495,0.4711864212288609,0.5117549856534918,0.5479161277869089,0.083969465648855,3.153428294148579e-07,0.1381381381381381,0.6247606892150608,0.473105010927219,0.5503587679900637,0.7954735789081218,0.3130983081432318,0.5505069126287224,0.3500106280467128,0.3942249596283012,0.4253344601166042,0.9454345585161662,0.5007040271314911,0.4666727625778878,0.685369361234364,0.9219558521813738,0.1213560440463596,0.1524648189502956,1.015066619414943e-06,0.4532916047004484,4.2051677740498283e-07,0.4590753317153099,2.6545224860052866e-07,0.3438215794412002
21,9,18,1.0,0.2610828118566566,0.0052711765416424,0.25,0.3899732907579801,4.582530862731423e-05,3.219062410317683e-08,6.745748604977925e-09,2.063769773916468e-05,0.5233804688430714,0.5394485473664092,9.02088333692984e-05,0.971913148821874,0.5196850393700786,0.0495552731893265,0.34034969880156,0.8194444444444446,0.1324200913242008,0.2077407305420059,0.3407917383820998,0.2655677655677654,0.0698264954458557,0.0507913805103711,0.122295170169716,0.1538171801734328,0.1673938257303847,0.0522123212168213,0.1003651156784783,0.1365299998922803,0.1764021587489224,0.3454080665949162,0.4603427008364083,0.4304899315525805,0.4534581200176868,0.3824559780027965,0.4816201245066995,0.4323761015720854,0.4948634420495737,0.6794748686483953,0.0865139949109414,1.1148335419635865e-06,0.159159159159159,0.6515634971282704,0.4811132437422092,0.5893431117548014,0.8391779377436444,0.3034260413511633,0.424329353122038,0.1823710221796747,0.1387555383001784,0.1700698852366469,0.2578279065426433,0.6488280509060761,0.2474767862606745,0.6393013218783201,0.9537311866142986,0.1408298974521293,0.1703513859715645,8.135721704085197e-08,0.1956903704020195,5.5867447872752295e-08,0.1827762590442141,1.3596305322591368e-07,0.2361506508108127
21,9,19,1.0,0.2728389342600634,0.00864793507297,0.25,0.2990262138822653,4.580673598763374e-05,7.727786998973669e-09,8.567363609522746e-09,0.000242217863328,0.3879687827821818,0.6751518959749544,1.895859808169348e-05,0.9680492392139536,0.5196850393700786,0.050825921219822,0.3343895137435811,0.7534722222222223,0.1004566210045661,0.2442840498595191,0.4681583476764199,0.1208791208791208,0.2391001817318555,0.0422124777216244,0.0935237974592729,0.1502877016405583,0.1825857325821607,0.0408415217193879,0.0713923548242449,0.12443203255314,0.1722287620344347,0.3574225211536068,0.4617303178961593,0.4488670397914097,0.4846010827773059,0.3771124294965396,0.4610210114139119,0.4263801178854435,0.4942384042544412,0.6769752784559904,0.104325699745547,7.678595958161378e-07,0.1711711711711711,0.5979578813018509,0.6509584959533812,0.688623678998237,0.9150708177565954,0.2465371009984407,0.2568306260555106,0.1666111965353047,0.1458773301044349,0.1841812540839662,0.1578199200079309,0.580713722908612,0.1513366959337508,0.5816922435578542,0.956530600271144,0.1515394339698312,0.1804615617182054,1.854360614178828e-07,0.2111441350587226,8.362132573164901e-08,0.1720451300641318,1.256465904652205e-07,0.2423879591061806
22,8,0,1.0,0.1431395254132175,0.0117659285321554,0.25,0.1251711197847468,4.5850640215000944e-05,9.130985549244387e-09,3.652461351089912e-09,7.312177623393669e-05,0.3410044733054247,0.2137582662423042,0.0002453655747386,0.7455013362999212,0.590551181102362,0.0584498094027954,0.329897341405633,0.6805555555555556,0.0578386605783865,0.3406779125600203,0.5025817555938037,0.3498168498168497,0.0810289537175597,0.2393439515131072,0.1876266080443034,0.2169902864583719,0.2873635982113657,0.2444198209054455,0.1582331205155944,0.1997547362933219,0.2593538852719961,0.4372795468289153,0.4509079683901301,0.4149323602793462,0.4760954279225974,0.4777674971276453,0.4812570199460368,0.4278521025658771,0.4987040000935793,0.4983584739275359,0.1119592875318066,1.7145478907128947e-07,0.1651651651651651,0.3835354179961712,0.5999377053778536,0.5786760850285448,0.7430306894126164,0.3392924511272351,0.4708218888451605,0.3999531534871484,0.2834346315749199,0.3472291839808292,0.6518481736011487,0.9311111126511372,0.69830659544762,0.9525080773554556,0.9194248013175742,0.1040813060397616,0.1313923244167964,1.1948324128659366e-06,0.4223401419162047,6.395650187391922e-07,0.4052953279111631,3.442471981946386e-07,0.4092935109206295
22,8,1,1.0,0.2040615784739066,0.0010977775585359,0.25,0.6176930539616962,4.5846489236611205e-05,1.486025122352061e-09,1.0204395984830936e-08,0.0016525115100087,0.6992312944759161,0.7521675875824395,2.0888988226795098e-05,0.9774794121724654,0.6062992125984249,0.0495552731893265,0.3779046512542622,0.3333333333333334,0.1156773211567731,0.1207259287338893,0.1514629948364887,0.161172161172161,0.0471915894880339,0.0954196472526594,0.1446922272033218,0.1867552766904247,0.1918271256630627,0.0916682323874881,0.1201697497369386,0.174004930024147,0.1942709948012863,0.3053251213196179,0.386789047269832,0.3660116812583231,0.3745648616873768,0.3289050630753052,0.4049030206018206,0.3693800882588203,0.4056744952328724,0.5756134357659448,0.0814249363867683,5.2455925840467e-07,0.117117117117117,0.410338225909381,0.6309382360341749,0.4654041339376613,0.6419820832146343,0.3866693151889896,0.6042770085981342,0.3157489852408788,0.3132877753992469,0.3849235321108599,0.1412043135692637,0.5347515710756742,0.1385252927218016,0.5084625447568172,0.9244340192843922,0.1351117070023972,0.1646800653126763,1.336517833864666e-07,0.3373892540585891,2.948659170853293e-07,0.427056818737876,2.57102325068886e-07,0.4933289408802459
22,8,2,1.0,0.2166043164510105,0.0026873271246822,0.25,0.3919571278410759,4.585158615085675e-05,9.09996882856098e-09,8.508806992436343e-09,0.0001993840223837,0.5211390864414023,0.6506636274421939,0.0003764093724074,0.9860567469766812,0.448818897637795,0.0470139771283354,0.3210844959199789,0.6111111111111112,0.1004566210045661,0.207588748160371,0.3820998278829604,0.205128205128205,0.1113967157288102,0.0709425751030551,0.1256655224632619,0.1792265855611114,0.191852227859796,0.0714149643652544,0.1070722866544869,0.1522542189830174,0.200031772177078,0.3077633869429204,0.3979947984349309,0.3868302116475502,0.4039814194630483,0.3452369165310504,0.4298501881132192,0.3875555199255709,0.450883471270954,0.5183939690415729,0.0712468193384224,4.694931786635584e-07,0.1411411411411411,0.3567326100829611,0.4158465210782553,0.6047653429327076,0.6459357559078369,0.2892286458643069,0.435601230043572,0.2506853624139116,0.4683478411939503,0.4886116405638976,0.2093765992560702,0.3697494789367321,0.2484072161772646,0.3495579865806483,0.9356658519240127,0.1205483261224969,0.1499655986230989,1.7273486495514506e-07,0.2681569712939512,2.126425016613698e-07,0.2713855560383535,1.7070702548760927e-07,0.3463035269750774
22,8,3,1.0,0.228398654620259,0.0028731588418586,0.25,0.4794194531658689,4.585267111488959e-05,1.799481279933728e-09,8.294692609535667e-09,0.0011089055072815,0.5015702192384234,0.5830260840603736,2.271508949634411e-05,0.9902112060494344,0.448818897637795,0.073697585768742,0.2304338462274761,0.7916666666666665,0.1461187214611871,0.1854859577413719,0.3614457831325301,0.1373626373626373,0.1606746911764369,0.1228110453615904,0.1392173207522188,0.159506695495913,0.1851355004856116,0.1263386607125808,0.1315479215335148,0.1546519955938013,0.1975292043144756,0.366895466791032,0.4371254055432677,0.3985424125281686,0.4273955531087294,0.4075690420745338,0.4796049670572541,0.4167923615659181,0.4784688761286049,0.5770557956753599,0.0788804071246819,5.855028722295035e-07,0.1381381381381381,0.4907466496490109,0.2616066338775016,0.5101350124951409,0.6851920051418676,0.3249194061758232,0.5065483874406953,0.2522833283337614,0.201570384691692,0.2403890459119031,0.1916178550878661,0.436603686076262,0.1589604779705923,0.4758356440001928,0.9414202763269256,0.1315214545248575,0.1599830629223614,1.1887090107781435e-07,0.254685453694577,1.1941159178761976e-07,0.258449966652295,1.5941877701372433e-07,0.3096316403101258
22,8,4,1.0,0.131326479009888,0.0152312590302918,0.25,0.7219077207633808,4.585202644031224e-05,3.5735975978941146e-10,7.340212267369241e-09,0.005075446753909,0.7823115807287202,0.7945632840939617,1.3263694532588754e-05,0.9548530824617552,0.7007874015748027,0.0343074968233799,0.5310932320099491,0.0381944444444443,0.1293759512937594,0.047322190106141,0.1583476764199655,0.119047619047619,0.0744191257737116,0.1036223833874258,0.1846436104955555,0.2205192479064668,0.3349391436631734,0.0994002855817032,0.1405708265419707,0.1924705642169952,0.3147022987343442,0.3101111565653188,0.4221814545741127,0.3922173588489302,0.4913370678727812,0.3332159336598183,0.4243398069276869,0.3834905950938189,0.5072636131885294,0.4664270315137258,0.0712468193384224,2.1384890978675997e-07,0.099099099099099,0.4907466496490109,0.5936566182398639,0.5696903938738931,0.6498499528429265,0.2889061215787092,0.6866247835383772,0.5642259538332007,0.4804339941199618,0.532497362618221,0.3875954709562725,0.6472862753390705,0.4398217457997217,0.6683292268018171,0.901128812938678,0.0982869647577747,0.1134150915949275,8.714582443992321e-07,0.638216307562465,4.605121520571763e-07,0.601408303119499,3.330472813324659e-07,0.6714497508105519
22,8,5,1.0,0.2092590818805998,0.000422500618186,0.25,0.5632645581230816,4.58542789355982e-05,2.0507274440037263e-08,8.472097929277827e-09,7.0370279635389e-05,0.6788047002572909,0.7815165573479728,8.531834712213288e-05,0.9910955791245696,0.448818897637795,0.073697585768742,0.2304338462274761,0.5,0.0898021308980212,0.1958159590598938,0.216867469879518,0.0677655677655677,0.1793349596424302,0.0562559351027616,0.1358315331585468,0.1763999869201788,0.171399478009402,0.0562819592465406,0.1164110748322011,0.165317877470234,0.1894273393187655,0.2601535676090206,0.3632770938165919,0.3427465182715619,0.341410827642198,0.2997845440298948,0.4021021699156232,0.3627716372284403,0.4028727373201662,0.7820063133539237,0.0788804071246819,3.966895642374214e-07,0.132132132132132,0.410338225909381,0.5159426434570515,0.6590015366190132,0.7631092292186605,0.2897897320970418,0.6343314923376566,0.3049776991420579,0.2883912072619521,0.3382494803518288,0.1735277124989267,0.4880753884890257,0.1843306790773555,0.4505287077442469,0.9276054124029124,0.141321884401287,0.1682832965414896,1.1289587958841385e-07,0.2921742110998266,1.0328203012741252e-07,0.3534134667557453,2.566083896092428e-07,0.4475998076088231
22,8,6,1.0,0.1706523388986443,0.007229695861428,0.0,0.4495772599178106,4.58531476992507e-05,2.4016358391235853e-08,1.0328264818992952e-08,7.367771506425067e-05,0.6056970412191001,0.5424538802093803,2.5746428481298427e-05,0.8911157405896121,0.5984251968503935,0.0609911054637864,0.3226677876738968,0.4756944444444443,0.1476407914764079,0.1241293119787717,0.3924268502581754,0.4322344322344322,0.0404928018225525,0.1232087981662113,0.1904421756580777,0.3593251128452528,0.4360380732245886,0.1196048889644861,0.1593269478640427,0.2505906006877695,0.3619960517281093,0.3194637356205767,0.4187920982833192,0.50485234637526,0.5704740550420461,0.3472784436911085,0.4409699746834077,0.4330097411257232,0.5455060039535936,0.4119766119541821,0.0966921119592875,5.542586550278745e-07,0.1531531531531531,0.2495213784301213,0.3778035252615495,0.5217231118980594,0.392229010675746,0.3720384386733918,0.3828481871314036,0.3718703535740068,0.7053736774958093,0.752827448984621,0.2132843331166203,0.5544630858777059,0.2294083235007195,0.5741203298375208,0.8937003738332032,0.1567887947709965,0.1886816751381359,1.074986163122676e-06,0.5012720899558248,6.101798288855535e-07,0.5796033474326331,3.415080730633907e-07,0.578757172817301
22,8,7,1.0,0.148258986141317,0.0135564627909736,0.25,0.3052779260408666,4.585698902661674e-05,1.1114247943827231e-09,2.9072710744055474e-09,0.0006716476595166,0.3771347281858851,0.454995957567097,9.874519404073212e-05,0.7883005913512022,0.448818897637795,0.0609911054637864,0.2665137068016065,0.5138888888888888,0.0563165905631658,0.2817145361745912,0.3752151462994835,0.313186813186813,0.063247779287662,0.0542347773407557,0.1896739734293152,0.1909126835425122,0.144620639188386,0.0536780994423024,0.0899311748360286,0.1300342737208784,0.1523572872464532,0.2287608531890644,0.3851813955554793,0.3225291236492065,0.2782967876118835,0.2674552650542449,0.3385414092068522,0.2970889176471212,0.3328538086692148,0.4814426794629325,0.104325699745547,3.247513086850697e-07,0.1231231231231231,0.7319719208679003,0.4218939608249208,0.4800692259137662,0.6892000791416719,0.3926626620005337,0.4383408067414404,0.3158362050018123,0.4491198455943943,0.4893236273232983,0.256085524010385,0.5175478038798554,0.2456230567614433,0.5240095404633891,0.9189444052985928,0.1539246201998154,0.1747810068425228,6.900767704992346e-07,0.3372011432406798,2.906363144370077e-07,0.3096506118730179,2.2483236163832802e-07,0.4454336075554548
22,8,8,1.0,0.1684519957629364,0.0051049877829555,0.25,0.1809248725177136,4.584479057751318e-05,1.326982048477981e-08,4.382525871683781e-09,5.337978661358351e-05,0.3211747001308473,0.4215174951018502,0.0004788454352877,0.7795381404721617,0.448818897637795,0.0597204574332909,0.2707230238685885,0.6875,0.141552511415525,0.1703180845878912,0.4733218588640274,0.3351648351648351,0.0791976527584901,0.0360266279219852,0.1256736548985765,0.1901217960032114,0.2425919315834258,0.0361079481904447,0.1136869613019932,0.1647394875273649,0.2335453329473085,0.2025839484155107,0.306203445231023,0.3120692853052663,0.3602104436774626,0.2473658805634793,0.3628130104001759,0.3276178459337542,0.4056308055911155,0.5079518978760249,0.1068702290076335,9.028667286945112e-07,0.1651651651651651,0.6515634971282704,0.6302545694793817,0.5718497502488287,0.7389755260923936,0.3213806448931828,0.3209814474131404,0.2850733027237894,0.3906965956441244,0.4309194905727898,0.1246102219019122,0.5069507880239003,0.1672477971307924,0.5227083481992778,0.9163521722958632,0.1887529591482963,0.2275398465477605,1.0026091795122329e-06,0.3292791930024478,6.063905429730917e-07,0.376582750177848,4.2364988207951845e-07,0.484607205801488
22,8,9,1.0,0.0596695135361521,0.0526449831604397,0.25,0.2969484040662456,4.585415547662597e-05,1.960989983329795e-09,6.850346291960047e-09,0.0008412586236423,0.3935504061968949,0.3565189690260653,0.0001884675703784,0.7726795392598407,0.6062992125984249,0.1118170266836085,0.1996701870224907,0.4131944444444443,0.2678843226788432,0.0631712787465251,0.5714285714285714,0.6739926739926739,0.0346643567953742,0.1224426197113007,0.1971331659527642,0.212460948054663,0.339338181687685,0.1214130182128463,0.1635601872731058,0.1985893780802147,0.2446938908437519,0.3778211693254893,0.4982205734733253,0.4514588665243705,0.5493712392975945,0.406388457659562,0.5098926068289638,0.4511253353526472,0.5138986189250964,0.66471956771885,0.1297709923664122,1.8278737988087965e-07,0.105105105105105,0.7051691129546904,0.4062248321093902,0.4481297765981535,0.6176743083074108,0.4147840542124972,0.4282674176071079,0.3016643252648036,0.4148670627555235,0.4647869763066592,0.7307817007599143,0.6569714240594458,0.8312837413931209,0.7926766832945887,0.9325817985948588,0.0933579561527342,0.1183098490238956,1.4792053371299371e-06,0.3307730527421286,6.680619503483714e-07,0.3222623055153961,3.28249802405026e-07,0.3200365248138662
22,8,10,1.0,0.261994126108699,0.0038477165864271,0.25,0.7428829684195591,4.585857409113922e-05,2.2426991182274525e-08,1.5927309837198117e-08,0.0001400544942802,0.8473263936383046,0.8582328267884957,9.88040218095459e-06,0.9966393080086724,0.448818897637795,0.099110546378653,0.1805915646096052,0.6423611111111112,0.0730593607305935,0.2759966986523032,0.2030981067125645,0.0695970695970695,0.164393654120074,0.050730934620352,0.0806733050160069,0.1206710200470252,0.1056176398038536,0.0524207835513285,0.0677210120682366,0.1086525290870807,0.1314929656513776,0.3178908385181982,0.3929795566742412,0.3736545689236974,0.3744295690256409,0.3601393339725837,0.4284048188021365,0.3875994715993098,0.437276421147539,0.4927152097920348,0.0788804071246819,4.439848760716925e-07,0.114114114114114,0.410338225909381,0.7192735923978204,0.7821119760213211,0.8377361092580258,0.2058737688878069,0.6713539567470967,0.1897300761132177,0.2067512408365437,0.2580583973381989,0.1444929198660817,0.51209584285208,0.1398727382885531,0.5228457840614411,0.9565383205001676,0.1020476612593263,0.1235491400514703,1.1000793828756984e-08,0.1872919078240234,4.888379520963344e-08,0.2020671622584313,1.7029620171923346e-07,0.2608822640764491
22,8,11,1.0,0.1555750425045539,0.0106553724554195,0.25,0.2502669939914438,4.585197376380216e-05,6.409069485196146e-10,4.746199196446847e-09,0.0018639461040916,0.2920473519516706,0.3850298967921115,5.881461134176109e-05,0.7939777657279687,0.448818897637795,0.0724269377382464,0.2336145707780902,0.8298611111111109,0.1735159817351597,0.1654561085237733,0.5352839931153183,0.3717948717948717,0.0812486817939736,0.161464828191142,0.154045752134915,0.2136635443060575,0.2985590032021952,0.1550843025528211,0.1267160386765228,0.1776754943610738,0.2584592472816942,0.360758503681733,0.3962899097098655,0.3894105444982044,0.4637227137048874,0.3835074340482882,0.4124419356565806,0.3731290095992411,0.4614120715131618,0.7053881558749304,0.1145038167938932,4.567390273676254e-07,0.1561561561561561,0.7587747287811104,0.6959887640425428,0.5339211133269375,0.5875227751919518,0.3840452766459174,0.2560958453192259,0.366823683378674,0.3314531594874681,0.4219810521338871,0.1832992600674649,0.6070282480137786,0.1349296237672536,0.5928367287380192,0.9154373445493992,0.1381542297724605,0.1677174873171028,1.1435448014505069e-06,0.3824185620189458,6.272197123080391e-07,0.468114505891581,3.555665433925215e-07,0.4838393125577512
22,8,12,1.0,0.2120195218456927,0.0021505037041901,0.25,0.482465084362347,4.583749224375519e-05,5.345156148874536e-09,6.999872315364316e-09,0.0002951645813998,0.6065049736251604,0.7254326598063182,0.0001047787767188,0.967492919620092,0.448818897637795,0.0482846251588309,0.3152531675771863,0.614583333333333,0.1065449010654489,0.1987090684123996,0.325301204819277,0.172161172161172,0.1125141210563368,0.0914784188604855,0.1135298515917093,0.1609541318502574,0.1539573132047952,0.0864621791187216,0.0917218845461545,0.1448073732606732,0.1526294700599711,0.3159103844247912,0.3765310314669959,0.3622890277185039,0.3634079125773912,0.3329132454835821,0.3849313187204846,0.3532231546413569,0.381591305255209,0.7566044981757156,0.0687022900763358,3.247513086850697e-07,0.1381381381381381,0.8123803446075304,0.5666034239623849,0.5615991463480263,0.7200922569639836,0.3341370830288715,0.4499466761570716,0.2658836394799457,0.2570216254475952,0.3027908939126282,0.3537516577481376,0.4591258330365283,0.438053598311774,0.4718655022592726,0.9349477767857376,0.1332141324641459,0.1640264038704751,2.970311010879898e-07,0.2887386291903427,1.2683688446503116e-07,0.2872027296399906,1.7950188337573629e-07,0.3302388928962596
22,8,13,1.0,0.1744870938774017,0.0110003926720757,0.0,0.5665192172485566,4.585476462363909e-05,4.896318876152724e-09,6.8803597995166965e-09,0.0003193745725079,0.6578285388137309,0.626824098953009,0.0007066316541004,0.7048861886594902,0.448818897637795,0.1346886912325286,0.1376075809423532,0.7326388888888888,0.248097412480974,0.1067823973789667,0.1342512908777968,0.1556776556776556,0.0421392826129839,0.3936382337788681,0.2907274146461686,0.28633688311577,0.3182320806849753,0.3766819736014509,0.2003635954688195,0.2324316113506383,0.2774578869485836,0.5501386996408012,0.5076862357323207,0.4303967804364318,0.4583192177196118,0.5702431586604783,0.4738230666704067,0.4030102055996709,0.4563949279386151,0.5066635043766108,0.089058524173028,4.694931786635584e-07,0.1351351351351351,0.5443522654754309,0.2225216734172779,0.3697008574572011,0.5180591815877973,0.3770538121664779,0.4189357828822941,0.3856840843315186,0.3724892718326762,0.4445400607757093,0.177828670440971,0.5467299350280527,0.1464652561856388,0.5665140863006847,0.902723639852468,0.1729802762883896,0.2092820854522144,7.310032900895234e-07,0.439519857310874,3.466284720172648e-07,0.4145098735711414,1.7543539379032534e-07,0.4814540149432831
22,8,14,1.0,0.2174453169291093,0.0012480936243352,0.25,0.6662952275133314,4.585517915922684e-05,8.528947176303929e-09,9.392437297151132e-09,0.000239303140304,0.8252775076078827,0.754699013736005,3.341664649894223e-05,0.9884487064604502,0.448818897637795,0.073697585768742,0.2304338462274761,0.2951388888888887,0.0578386605783865,0.1925306419004296,0.1841652323580033,0.1410256410256409,0.072503168889988,0.0493810654553023,0.0869573224702534,0.1558389811038564,0.1678918978263611,0.0492093938803439,0.0675150961956124,0.1420479333753375,0.1709441187978668,0.311113858963531,0.390377131025055,0.3921907390989738,0.4111098320237792,0.3434878652675159,0.410475594946025,0.3957675618101416,0.4468297156173417,0.5712772476955719,0.0559796437659032,2.3432708474340418e-07,0.1381381381381381,0.410338225909381,0.2158568375118572,0.5107174030268471,0.6473687663388841,0.2963225351853398,0.6100976074486149,0.242792111590097,0.3128920168807998,0.3690297827232989,0.1736245544814539,0.4446120073183942,0.1264125200743289,0.473821381916678,0.94407683566474,0.0995313524605382,0.1176054608404773,2.4906772085097735e-07,0.3330432393697753,1.9792498913380016e-07,0.2860190904035939,1.6247105549864418e-07,0.3081910186566316
22,8,15,1.0,0.1511998792296679,0.0110657306332851,0.25,0.4597369308554577,4.584917965090989e-05,3.9647971333193005e-10,7.962196973915919e-09,0.0049418577245808,0.6211158973974303,0.765942745602384,0.0009536388601771,0.9595022447623144,0.52755905511811,0.0330368487928843,0.4463381201680753,0.5902777777777777,0.2024353120243531,0.1091143858984079,0.2495697074010326,0.1794871794871795,0.077951618339392,0.0443228647946562,0.1404231417938468,0.2285059684068743,0.2987051935646322,0.0427755139097173,0.106275621444682,0.2154719145087542,0.2827758850371843,0.2162433980614149,0.3289014154441977,0.3552093211998796,0.4192610445971357,0.2452870537467167,0.3449619088323004,0.3708176407747384,0.4450504320544841,0.4683049640067209,0.0814249363867683,3.74780920456764e-07,0.105105105105105,0.3567326100829611,0.6219884787047896,0.5006092985797252,0.5485682317802012,0.3904948680380967,0.361711222642618,0.5629010026599298,0.4195276755033565,0.5097098791075374,0.3351521785369453,0.526177527029764,0.3137599970234189,0.4680214853087546,0.8908984589211195,0.1485793254071306,0.1814877021404713,7.369883130651677e-07,0.4992598606174584,6.172838802618337e-07,0.7325870480701462,3.473579637874388e-07,0.6652316366566887
22,8,16,1.0,0.2096662408985695,0.0013184066148971,0.25,0.5823446934363011,4.584745689073074e-05,2.262450480228374e-09,8.118766359688704e-09,0.0008572012679603,0.6927256604601195,0.6573732529286114,6.843956423085076e-05,0.9747113054630472,0.448818897637795,0.0495552731893265,0.3096229195220762,0.40625,0.1156773211567731,0.1375426459438969,0.2495697074010326,0.2289377289377289,0.0561359431674924,0.0617904981277029,0.0966635882681533,0.1430276120766492,0.1780624320545164,0.0564434486062799,0.0688003831644072,0.1179298762241981,0.1601159381105238,0.2153547730257989,0.2585934444763433,0.2510692863958265,0.2830682376754387,0.2215055065496949,0.253079028905264,0.2281766315284961,0.279151176628971,0.6365706590091182,0.0788804071246819,3.966895642374214e-07,0.129129129129129,0.4371410338225909,0.4649136139047023,0.6013359563936946,0.6125196808759554,0.3176931273793221,0.5609720760003963,0.4216938087470936,0.4633273457810918,0.5517601564660826,0.1516388194601638,0.5389931927125461,0.1640460807260671,0.5448050585393792,0.9150100093288084,0.0904325907159958,0.1077671026860773,3.5869611210554653e-07,0.4271399137243101,3.529311386270874e-07,0.4821570487418318,2.9153842903943255e-07,0.5491498942402983
22,8,17,1.0,0.1936616349569838,0.0031041255176807,0.25,0.583350163171093,4.584710300841684e-05,1.2603374731478869e-08,8.400018900564508e-09,0.0001330887738246,0.7956466858447662,0.7830423409900376,3.1693267750698515e-05,0.9685344473803642,0.8346456692913382,0.0609911054637864,0.4113321258933026,0.0277777777777777,0.0852359208523591,0.0660582512004043,0.3597246127366608,0.1923076923076922,0.1116874228058903,0.1263458323467615,0.1306186640246539,0.1926435743732773,0.2200312241416346,0.1251997632992625,0.1097424765410493,0.1942120508500565,0.2208442899019925,0.3418375571553767,0.389328269981939,0.3855037774324621,0.4132198218775242,0.3747471530446236,0.4169956391912467,0.407733062491673,0.4515918952183118,0.5128659864819682,0.089058524173028,4.694931786635584e-07,0.1351351351351351,0.3031269942565411,0.3282284828894797,0.5650761406960569,0.6740536937670396,0.281915904018726,0.6230818431950287,0.4006102979644595,0.4666094950951718,0.5248190011125007,0.4837115918496827,0.830115147843788,0.6317267350788196,0.9463440111242898,0.916349139879379,0.106167852779237,0.1227861136144947,3.237524330363542e-07,0.4015214394270301,3.905163367984797e-07,0.5099256511030497,2.688631312590132e-07,0.4308986436941591
22,8,18,1.0,0.2141987398985672,0.00475122483541,0.25,0.5054560241778095,4.584585372089337e-05,1.2948227717211361e-08,5.312835370868577e-09,7.244626411980802e-05,0.5585436770747779,0.6361996902292054,0.000140985902013,0.9835965717181074,0.448818897637795,0.0470139771283354,0.3210844959199789,0.8263888888888891,0.1019786910197868,0.259915457446621,0.2839931153184164,0.1739926739926739,0.0947312250622181,0.1084492457829544,0.1501896562528563,0.1732516439939066,0.185979230119407,0.107591385167445,0.1114033122800983,0.1566997481273889,0.1980720749715623,0.3408308714515835,0.4249898349731612,0.387511942727688,0.4052656778849979,0.3727974185259061,0.4341332163666743,0.3912318471915281,0.449525860421973,0.6204955336358235,0.0636132315521629,6.019375682088119e-07,0.144144144144144,0.410338225909381,0.4632204260695722,0.6849273197827266,0.6668622695426474,0.2312534905088054,0.3516567333101625,0.2707753194216994,0.2047202781639474,0.2634688015782749,0.2433318692125532,0.3590422597893675,0.2637772073280389,0.3877789339057811,0.9367510507194964,0.1265903226890258,0.1586565553023971,2.240901777249664e-07,0.2882974685198087,1.3487393408761798e-07,0.2645499845445764,1.8221036207348385e-07,0.3681778556236144
22,8,19,1.0,0.1726147799526136,0.0081784534171092,0.0,0.6983726701719676,4.584329376008124e-05,1.2003703720084548e-08,6.605884596002248e-09,0.0001060625677727,0.7471073903646034,0.7213226407817969,6.288403288940671e-05,0.986576125010231,0.7637795275590553,0.0724269377382464,0.3378340560535321,0.2638888888888888,0.1156773211567731,0.1047100075815011,0.1927710843373493,0.1923076923076922,0.0505904854395553,0.0705665654218226,0.1269700931607208,0.2405413874970447,0.2918838702314905,0.0693607860446206,0.1091451099673832,0.2096272479013563,0.2811414486785235,0.3582201002317499,0.4638791489703817,0.4873604002259502,0.5333641350907593,0.3832377891710727,0.4772142509892235,0.4706065276439352,0.5506127121921185,0.4547952692028767,0.0661577608142493,3.153428294148579e-07,0.102102102102102,0.1959157626037013,0.5381796505412013,0.5737857014975161,0.7250882370986957,0.3197574148297842,0.7099069435372969,0.3927360911531281,0.4244049381406114,0.4704230350446718,0.5871235832506159,0.7282056439720256,0.5850625522535517,0.7229609209126533,0.92006907838344,0.1014561539786786,0.1168402884048293,6.839942897385526e-07,0.6056956145775548,3.1407887701719945e-07,0.4546580327814848,1.8364113821782677e-07,0.3908552044664336
22,9,0,1.0,0.2444520744039507,0.0024981054058939,0.25,0.4161203016178018,4.584637088562427e-05,5.657683355899651e-09,1.0424765856980851e-08,0.0004199169508696,0.5208041360206807,0.7391976151274564,0.0001314236583877,0.9979998991685032,0.5196850393700786,0.0381194409148665,0.404938643001291,0.7083333333333335,0.0136986301369863,0.7245833558973249,0.4561101549053356,0.0494505494505494,0.4668474889532864,0.0555766763250278,0.0709198620646349,0.0932859204009497,0.0842712149442724,0.0569631094452915,0.062692674815942,0.0878627512609869,0.1090153409757352,0.3499620641659769,0.424786470227504,0.3928720016085863,0.4023866572679469,0.3860074421387564,0.4530283822291,0.4015505031183211,0.4538352997320121,0.4047697263225278,0.0661577608142493,3.74780920456764e-07,0.111111111111111,0.2227185705169114,0.7388200811556191,0.8470337615701107,0.9137293478640602,0.171601407493728,0.555906253023781,0.1143288319942623,0.0663265977764167,0.094920043714298,0.0831944895196678,0.4996297626460174,0.0793544377047247,0.5295614300839652,0.9744042714468308,0.134254767440421,0.1628680373034351,9.272704722346113e-08,0.1206259260606773,5.1970327387394796e-08,0.135202106156826,1.038939428758304e-07,0.167347086058731
22,9,1,1.0,0.2248973476058398,0.0050999115515902,0.25,0.3114620952344979,4.584913879577091e-05,2.0412241665638984e-08,8.475195995613217e-09,7.088172520987616e-05,0.5427703531840435,0.5867017495998912,2.671978134911278e-05,0.9290406586924936,0.7480314960629919,0.036848792884371,0.5332455909449855,0.7152777777777779,0.1613394216133942,0.1565375284306293,0.3820998278829604,0.1575091575091574,0.1486435599796984,0.0593940475060683,0.1864086844464113,0.2133409394116333,0.2703499095623932,0.0583426816821542,0.1460341508151287,0.1851006141738836,0.2570915192995137,0.3570103121994603,0.5137614190305984,0.4759507330126004,0.5258599458933333,0.3814073891801961,0.512479748661304,0.4591577428041678,0.5402268650204409,0.6672672367223456,0.0941475826972009,1.7864205585475206e-06,0.1831831831831831,0.517549457562221,0.6231379514468429,0.7187422596746309,0.8022108253304472,0.1852213301510909,0.3465629412635058,0.243225626107917,0.3114414292618521,0.3809157551089339,0.2347352239505921,0.6786983800206214,0.2107410559655854,0.6748018744914472,0.9267443559735284,0.1766663864822381,0.1878410177588194,2.754147361213538e-07,0.2723131843736743,2.172938069525704e-07,0.3517989043640245,2.474453061424505e-07,0.3464888484429247
22,9,2,1.0,0.1172140027991532,0.0280530383106087,0.0,0.0648409048605839,4.5858010279384366e-05,2.4090130430745477e-09,2.903231411016001e-09,0.0002924433008271,0.0700628423454563,0.1110219072439549,0.0007756456017506,0.6280765947419835,0.8031496062992125,0.2109275730622616,0.1374791374686083,0.5798611111111112,0.5083713850837137,0.0412111904460199,0.6454388984509466,0.7930402930402929,0.0316372649444692,0.5705385738444158,0.4390086077855333,0.4821708432515128,0.664005970626439,0.5548309328210096,0.2397670738064609,0.3672377471628864,0.6082901863593669,0.6892903286558266,0.6804262192550651,0.6325875775617887,0.769525285270694,0.7093440035795637,0.5618233917320771,0.5624619302596442,0.7628535056432424,0.6235865822019147,0.1094147582697201,5.855028722295035e-07,0.144144144144144,0.5979578813018509,0.4628681910802812,0.436554198834945,0.499724926809435,0.4068152734596317,0.1624785289736481,0.1354796106337549,0.6526792125209482,0.5595011297608066,0.0837212993190672,0.5462884462785677,0.0918740938329629,0.5569383237844526,0.8765325315216425,0.2657982854667326,0.3093264514608619,2.2000029946110214e-07,0.202788409106488,9.073584171919363e-08,0.1754379019749692,1.9785296665777334e-07,0.2996517408589937
22,9,3,1.0,0.147606712287804,0.012142401622607,0.25,0.402190011859759,4.5862692158756575e-05,2.8240234719531693e-09,5.979649384513858e-09,0.0005017764329576,0.5516472458376565,0.582970812697913,5.755414335386697e-05,0.9312054657234584,0.448818897637795,0.0470139771283354,0.3210844959199789,0.5277777777777779,0.0989345509893454,0.1884313287483303,0.3597246127366608,0.2930402930402929,0.0655621721068183,0.1177149790168213,0.1667530817501706,0.2149393420034136,0.2801169313296961,0.113170494443734,0.1277053411454556,0.188628413707461,0.2445381144437571,0.2810011199571247,0.3510984821735895,0.3363527643788402,0.3961401019205052,0.3079411952104787,0.3644322219807287,0.3372929475933082,0.4012605136984362,0.4456664170687858,0.0737913486005088,4.963283011657601e-07,0.129129129129129,0.3835354179961712,0.8377052676148486,0.6152576632888511,0.5949321220746642,0.3530212382272721,0.3952197127404462,0.479089484915654,0.4383413670720177,0.4566235975668573,0.2790537459820345,0.4899940124206383,0.2575256179875065,0.5230723659922936,0.9086124802819658,0.1208811026891584,0.1503448582558274,7.111436421644503e-07,0.5586940047294205,3.720231969508079e-07,0.5477990782404786,2.891705320674531e-07,0.6584150056825283
22,9,4,1.0,0.2286841570026405,0.003147667215633,0.25,0.3234061590121128,4.585934996892618e-05,1.880249815255671e-09,6.6331490286399525e-09,0.0008514908270961,0.339434902548569,0.6732247027619203,0.0001123881714672,0.9917446793543836,0.590551181102362,0.0851334180432019,0.2465814137135231,0.7361111111111112,0.0593607305936072,0.3556353101879689,0.4698795180722889,0.1062271062271061,0.2692449209436269,0.055440106657309,0.1050681538400769,0.1730640350080305,0.1809619336567625,0.0566695329583907,0.0905920667080852,0.1445331206324545,0.198415500707632,0.3346781566576668,0.4300399753688805,0.4271599968079522,0.4448025005559843,0.3720215547711339,0.4585497511597567,0.4230931836606928,0.4933671794943147,0.7577984679835046,0.0788804071246819,5.2455925840467e-07,0.1351351351351351,0.4371410338225909,0.4534508595621083,0.6834688423670672,0.7930099724032984,0.2519234889384931,0.4442058147380826,0.2701167667887933,0.3171887771370714,0.3988124955199126,0.5259447124671442,0.4981925070301324,0.488199157398133,0.5108200133096145,0.9382396482817584,0.0973233502651209,0.1171115535633486,2.747645469438056e-07,0.3126038610503125,1.1294334162331637e-07,0.2680847799243216,1.6702443186403497e-07,0.3113745767413676
22,9,5,1.0,0.1615509563861391,0.0089839292330017,0.25,0.0871962915485406,4.585166475970528e-05,4.316460344617639e-10,3.881983673482415e-09,0.0023100017537676,0.1782295448478573,0.1911299968978842,9.5820174586485e-05,0.597970781644265,0.448818897637795,0.0978398983481575,0.1825904477786552,0.5833333333333335,0.2891933028919329,0.0761725480736094,0.7659208261617899,0.5695970695970696,0.0737921206334454,0.0730194819577694,0.1817321335097915,0.2714723539250264,0.380782581353279,0.0703092856012315,0.1403925324172494,0.2196083051482719,0.340437982741991,0.3183562125352957,0.457454990000657,0.4680743547218919,0.5569743079019729,0.3407155456297748,0.4579594114540512,0.4379391552687222,0.5552512948431122,0.4610929410505662,0.1552162849872773,1.7864205585475206e-06,0.192192192192192,0.6247606892150608,0.7148647060578694,0.5987403152525754,0.7993512232771955,0.325433604995043,0.2221366629208698,0.2178310335389188,0.2896284911408666,0.362881589880887,0.0914442804698285,0.5493579032475281,0.0661297191645944,0.5564817605192951,0.9365728277908852,0.1515269606631569,0.1905951975912938,1.4854050562225458e-06,0.2167268850430271,6.530981728118127e-07,0.2654892206467321,3.8849604680811154e-07,0.3776523181391192
22,9,6,1.0,0.2432082494552888,0.0035550609568581,0.25,0.4970097032784545,4.586154392018141e-05,3.5334149041823063e-09,1.050474591685153e-08,0.000696778035496,0.6318907237959126,0.6649388298779833,2.8090621849936836e-05,0.9891327797559258,0.448818897637795,0.0482846251588309,0.3152531675771863,0.7534722222222223,0.0867579908675798,0.2742785727824109,0.3562822719449226,0.2234432234432233,0.0924540349383585,0.1122229006823606,0.1029982385680432,0.1488698549501572,0.1516669645250674,0.1142271383340719,0.0808231109866099,0.1445562117808963,0.1710315992771574,0.3643483765218052,0.415176945807409,0.3979623172699739,0.4113278673796554,0.4013091566333157,0.4385009118279222,0.4121968278838768,0.4631410707753784,0.7008398057002889,0.0737913486005088,5.394089567162723e-07,0.1411411411411411,0.410338225909381,0.6090212974746545,0.7356568255381974,0.8662636222573599,0.2200186592861315,0.5583293405247365,0.2089559766606394,0.2486465321153497,0.3232335282915426,0.4059801988693102,0.27556003475686,0.4124280744133863,0.306649517746136,0.9441500870463168,0.1332835702450404,0.1659335442427239,8.840038317205642e-08,0.1918530839814009,9.373912926779356e-08,0.2328214906162646,1.333708708044872e-07,0.2784994935559811
22,9,7,1.0,0.220516928325202,0.0032615931566052,0.25,0.5926145981977377,4.585900230511917e-05,2.1585178614394873e-08,1.094337236575014e-08,9.228036013844434e-05,0.7187480802503987,0.7493686475231914,1.3455002254111186e-05,0.9931633529962596,0.448818897637795,0.0724269377382464,0.2336145707780902,0.6180555555555556,0.0730593607305935,0.2680484989759316,0.3115318416523235,0.1684981684981684,0.1096088672047676,0.0979164701126815,0.1354816670986833,0.1588055622755093,0.169471210025586,0.0982979243601505,0.1074456373369126,0.145909169408493,0.1777484625453619,0.361132684506336,0.4503574123146739,0.4142245116442995,0.4336898374777984,0.393402529043403,0.4651157218898057,0.4168122827813558,0.4717766413049774,0.6193213270051365,0.0712468193384224,3.857352423470928e-07,0.117117117117117,0.517549457562221,0.4826401396926392,0.6939883417123403,0.7935987600234085,0.2050756129786622,0.5356701248265263,0.2048979783786675,0.1880372095280886,0.2422931139049702,0.2459367072685446,0.4546381638684617,0.216425996749399,0.4911867907287414,0.9479667690729864,0.1369063174258839,0.1714729980422643,2.200040731877059e-07,0.2388945137582699,1.562390492933042e-07,0.2257456003771731,1.903439973723076e-07,0.3040072058243678
22,9,8,1.0,0.2093087311989083,0.0037391859503857,0.25,0.2890491680725406,4.585463405240504e-05,1.742550437966925e-08,6.1485237926745635e-09,5.697823075742171e-05,0.3980589140071178,0.7118484818411908,2.0311373105369587e-05,0.98905621431444,0.7322834645669289,0.0470139771283354,0.4483811529349829,0.7361111111111112,0.1187214611872145,0.2090281414379841,0.3459552495697074,0.0714285714285713,0.2736622659811007,0.0764961575774883,0.1473457193596407,0.1834099407345771,0.1928014299354417,0.0767622607900172,0.129795847042707,0.1697302037795107,0.2007404087292874,0.3199347238327253,0.4268088830997507,0.3995533870485973,0.4149768518524264,0.3554151819888713,0.4583291192723324,0.4081425438109936,0.4588422774368876,0.6924700046462466,0.0687022900763358,3.74780920456764e-07,0.114114114114114,0.4371410338225909,0.4431058201140287,0.5316307752458416,0.7305018417321101,0.3366322505520145,0.4348758113207291,0.2814653033153386,0.2556559175344493,0.3205023994136979,0.2997792298697652,0.6361161065365348,0.3422458481792551,0.6694418537057185,0.927140137404774,0.1510149733835783,0.1882506511808064,3.4857907698799617e-07,0.3263722698789331,1.839630361331422e-07,0.3445005179728039,2.054503631350934e-07,0.3432980983888704
22,9,9,1.0,0.2122548075674902,0.0009859826470831,0.25,0.2911690482679185,4.584995500048479e-05,8.090202669333875e-09,1.2904910692794933e-08,0.0003564330133449,0.5543698721652305,0.4878330330341962,0.0001017316799315,0.9476313368292234,0.448818897637795,0.099110546378653,0.1805915646096052,0.5416666666666665,0.1324200913242008,0.1503251641466519,0.4182444061962133,0.2087912087912087,0.1214646505990503,0.1581125497069022,0.1782870918951399,0.1899228426338507,0.1708642383237917,0.1588166403742985,0.1467267929133866,0.1718345147095944,0.179403024538262,0.4157976129722637,0.5032806465875967,0.4561497963329644,0.4580146275965503,0.4456860990529172,0.514221301413082,0.4515973795836974,0.4923484883377776,0.5845158256442264,0.1221374045801527,6.529513647223767e-07,0.1681681681681681,0.5979578813018509,0.565969872197051,0.7035585598507641,0.8478138659221939,0.2228919900441787,0.3745591956645071,0.2558911907260684,0.2564240849629293,0.2922297342793709,0.6476113569654457,0.3535933789068339,0.7358514931576611,0.2790741744069522,0.9415547040454472,0.104905878428015,0.1265677946893068,1.1323357680492536e-06,0.302505243944508,4.499654545217969e-07,0.2528757849089428,2.44964639044404e-07,0.2300343199938883
22,9,10,1.0,0.1761472749789433,0.0042545000631105,0.25,0.0941109366446013,4.585298169015006e-05,3.078426275100873e-09,8.307904850364597e-09,0.0006361000613204,0.2913497987010852,0.3711561151065376,1.59152889616145e-05,0.4774352225219325,0.5196850393700786,0.0241423125794154,0.5254291295493273,0.7777777777777779,0.2526636225266361,0.1102506505747597,0.7074010327022373,0.5219780219780219,0.0746563302182311,0.0845961353064578,0.1100175063413072,0.1899304556153029,0.277886191465576,0.0832236113949598,0.08868291759146,0.1450213639786982,0.2544992289140104,0.3397753331009591,0.4137012193428727,0.4211177446966751,0.4940462833703084,0.3676116836356867,0.4292832435657129,0.3976563326714226,0.5068990861833871,0.5903049778974929,0.1374045801526717,1.0028401321443216e-06,0.1831831831831831,0.5979578813018509,0.7479693102927203,0.671723128299818,0.8527731995647359,0.28261376449246,0.2001762893456077,0.2472754665928193,0.2265788140501199,0.2980021278129645,0.2939014688654632,0.3351042790716382,0.3241861689853816,0.3418994142177016,0.9307633687732402,0.1615355927191192,0.1763205312263929,1.3697807123483388e-06,0.2601654703283595,6.853151531679703e-07,0.2742833050094036,4.041774433051047e-07,0.3123864679377164
22,9,11,1.0,0.1500423017424403,0.019059655145552,0.0,0.178614761861362,4.585914826309713e-05,1.2118820593407556e-08,4.092782277784088e-09,5.5828323721009344e-05,0.2544616037136497,0.3783147693855357,3.2631310154905664e-05,0.7092732222725378,0.7559055118110232,0.0597204574332909,0.3877330823369254,0.7569444444444442,0.2952815829528157,0.0924311346980035,0.5542168674698795,0.4175824175824175,0.0726357721181298,0.1424480492632883,0.2159776975009977,0.3439277165897064,0.3941708421930721,0.1366815084467239,0.1687033305105849,0.2750218804802839,0.3395790008178212,0.3657929625491447,0.4808658346484541,0.5190725145496298,0.5625824643985103,0.3867157422797882,0.4796064635542486,0.4780922071927119,0.5496427351721126,0.5038832495513801,0.1094147582697201,1.0574174124967404e-06,0.1561561561561561,0.3835354179961712,0.6797397372208152,0.5909851292238715,0.567497102057549,0.3500356908507026,0.2996877190329,0.467493975832096,0.4429046286230349,0.5354190218417494,0.4690529137593306,0.767068102849205,0.4478697892468579,0.7120102774265178,0.9042111739978232,0.1220068286936432,0.141202535799595,1.1554740905577983e-06,0.6102185904476114,6.121398417900245e-07,0.6018713293964871,3.257837726145156e-07,0.4976020565366309
22,9,12,1.0,0.216926467503846,0.0025787384131688,0.25,0.32109257918897,4.585224636101599e-05,2.401570956017947e-08,6.564368958411585e-09,3.670354894729454e-05,0.4237567114811942,0.6305036169182292,4.204498532470544e-05,0.9680591532590624,0.5196850393700786,0.0241423125794154,0.5254291295493274,0.6111111111111112,0.1385083713850837,0.1583633434420015,0.3717728055077451,0.1025641025641025,0.217862289998376,0.0910797052290859,0.1142163188605824,0.1558945401818977,0.1424244159016578,0.0899332814086996,0.0876891345754419,0.136831217340107,0.1454208534421874,0.386196041247917,0.4750466012796573,0.451500668120457,0.4596419545254356,0.4107351910675282,0.4782183913891235,0.4387181773274213,0.4827268235547428,0.7156290564283458,0.099236641221374,7.275990407305171e-07,0.1501501501501501,0.6515634971282704,0.7113290055828849,0.8159053974030996,0.9167578709889828,0.177884409742154,0.4546065638843325,0.1681568152640979,0.1981818222328479,0.2303131759385355,0.3132394393449171,0.4715190624755718,0.3120888559000663,0.4911454915375511,0.9529264230992224,0.1530118784577636,0.1804467189589569,2.664518187428717e-07,0.1553570912669114,2.0988349698535745e-07,0.1874451704458649,1.574474036771688e-07,0.1536725939244386
22,9,13,1.0,0.2236746128359766,0.0042798284758442,0.25,0.4737907320702313,4.58636719648534e-05,1.0282155214566241e-08,1.0614211254080312e-08,0.0002211146388246,0.4755850317242912,0.614479633279125,9.362790941119911e-05,0.94581889701809,0.448818897637795,0.039390088945362,0.3609707817846801,0.625,0.1019786910197868,0.2086086402665867,0.325301204819277,0.2087912087912087,0.0897709722182945,0.065114609771753,0.1749470343663084,0.1624799817874068,0.1670525322777047,0.0665843987781985,0.1379462022329296,0.1459105868255734,0.1669709018909712,0.372112248303323,0.5184485382895909,0.4574483130838461,0.4765233623448046,0.40531810457103,0.525395981498248,0.4541998216797828,0.5068112825399647,0.7460745716401216,0.1068702290076335,7.275990407305171e-07,0.1531531531531531,0.6247606892150608,0.6918921542471224,0.6730328243407726,0.7648576631327226,0.2778282023450955,0.3504616090461216,0.1266641540447962,0.2013860133075071,0.2455036332782398,0.0780525077988194,0.4955800590170821,0.0670791360057253,0.5159205917832078,0.9645193531902528,0.1358048453677799,0.1720089771804472,1.0858811557855141e-07,0.1579975795272089,2.158091978740623e-07,0.1550125937915179,1.5970649152637253e-07,0.2160580976774215
22,9,14,1.0,0.2042746056291134,0.0015062986246976,0.25,0.543246705204235,4.585954844014816e-05,1.2235887815178113e-08,9.32887371708962e-09,0.0001559504321496,0.6979819167851342,0.7041826121978635,0.0001222873479551,0.9872038191461764,0.448818897637795,0.0241423125794154,0.4785303611753785,0.6111111111111112,0.0867579908675798,0.2332377748294162,0.1135972461273665,0.0512820512820512,0.1207246210716413,0.071307804513571,0.1128586232823248,0.1702628472302741,0.1684382281993088,0.0693900608993261,0.0967986675055945,0.1513292880185917,0.1741266084469049,0.3276763592577416,0.4126195109557465,0.4036412209031219,0.412400159389105,0.3525519491073168,0.4305555661089918,0.39671005367499,0.4422746351921255,0.6842055121170039,0.083969465648855,2.009805310812435e-07,0.1411411411411411,0.5443522654754309,0.4652453432576253,0.5697390499359747,0.71685801270992,0.3015338136380833,0.566660540327252,0.2700732304564396,0.2210806128295621,0.2930376986241967,0.5076642587243438,0.3962635953887039,0.492955867004799,0.4034285405134366,0.939234264645537,0.1034071185199463,0.1244067918581171,2.459341983545376e-07,0.3469816650679933,1.3313329215254926e-07,0.2786911611981011,1.6418688337203938e-07,0.298167090348816
22,9,15,1.0,0.2133580772317197,0.0015519287756565,0.25,0.3116994549143213,4.58792736750705e-05,1.1923189300747953e-08,1.120697275591307e-08,0.0001980365236542,0.3851733326484106,0.585369309396735,6.629171232012847e-05,0.9438528106747444,0.448818897637795,0.0228716645489199,0.4917690525482049,0.6493055555555556,0.0700152207001521,0.2871067096285064,0.3390705679862306,0.1739926739926739,0.1166706051802634,0.0619773586758178,0.1059449221653582,0.165994113819602,0.1870286781095275,0.0611623678766991,0.0904290191869193,0.1403221441134122,0.1942873933345917,0.3274436395861416,0.4154559753670591,0.408308556995296,0.4340807042525121,0.3560549587946038,0.4359773894972764,0.398943360734774,0.4683922772908666,0.4930966238803966,0.089058524173028,4.829107399146593e-07,0.144144144144144,0.463943841735801,0.5639470817788457,0.7261816423315031,0.8312061051696249,0.237320517734836,0.397253842447944,0.2535518230175541,0.0669197375303358,0.0957356512579687,0.3484773899868111,0.2896077219599391,0.2940610475934253,0.343423487278541,0.9348596468200484,0.1771567629707723,0.2140775892501137,1.6409262466163445e-07,0.1806201358007337,3.408557182099411e-07,0.2912308790658087,2.956273679057811e-07,0.2977377789127864
22,9,16,1.0,0.1152539729420862,0.0239806593838236,0.25,0.0590070253649198,4.585427806408662e-05,4.316877426419319e-09,3.0933277211859862e-09,0.0001595523826767,0.0405418561619127,0.2033794259879197,2.5367159812982946e-05,0.3086667899960741,0.448818897637795,0.073697585768742,0.230433846227476,0.71875,0.3135464231354642,0.0833020596411422,0.6764199655765919,0.619047619047619,0.0540282055050826,0.1594930703046408,0.1523818533466445,0.3146850170451727,0.43069808884388,0.1527403914511799,0.1109160480849495,0.259815070683897,0.3242871610807121,0.3592162326023324,0.3948678507218096,0.4750307921235958,0.5733445477759189,0.3809242986306533,0.3945241557457271,0.4463441179889496,0.5174107357963107,0.3916623307345155,0.1323155216284987,6.183722641881204e-07,0.147147147147147,0.5711550733886408,0.4260918099212687,0.5333466539057223,0.4199007458303301,0.3370576887325954,0.0473360494233785,0.2696742417719037,0.4125371625007259,0.4976982216749444,0.0555027136835398,0.5403855948467088,0.0504513621828869,0.5290281060876534,0.9205838319630124,0.1680819583243834,0.1820512316942356,1.2182878137679853e-06,0.3044197328412502,6.86127553647462e-07,0.3418349038962613,3.442725274078632e-07,0.4849010068876633
22,9,17,1.0,0.1867601745205846,0.0035404000920908,0.25,0.1817983998854805,4.5859407075490784e-05,1.5497703053592468e-08,5.5742891785967285e-09,5.927871448340801e-05,0.2428943536773422,0.3094722648482311,0.0001705396736643,0.6283661841465933,0.448818897637795,0.0482846251588309,0.3152531675771863,0.8576388888888891,0.1765601217656011,0.1673797138685313,0.5731497418244406,0.5036630036630035,0.057862957875793,0.1255206950418726,0.1245201648093479,0.1630420789776637,0.2189900982023115,0.1233685227241279,0.0942051431965905,0.1444439079420572,0.1770973041469652,0.3691274658221157,0.4255585167185541,0.4015373571950674,0.452010863895589,0.3962950363107902,0.4340402900963427,0.3969775688929984,0.4506169160503989,0.5521450652682356,0.1297709923664122,9.50961338531345e-07,0.1831831831831831,0.4907466496490109,0.6787521288126217,0.5644125467246717,0.7961373225239128,0.3485113229313508,0.399342455365639,0.216528342745445,0.2373277260638853,0.28497234480069,0.2033029098715575,0.5528832898795519,0.1632229541815464,0.5338506016805384,0.9404696149119036,0.1512417374301851,0.1768069587289808,7.649100978938077e-07,0.2621691072515217,5.253374615090158e-07,0.2907430606124213,3.8681065374650405e-07,0.2846939905262823
22,9,18,1.0,0.242331567396904,0.0035032147531173,0.25,0.4602187850400184,4.585568306451515e-05,4.746390355937613e-09,8.374920282176779e-09,0.0004047500850688,0.4489265129574907,0.635889868241087,4.101366720647424e-05,0.9839403007625616,0.590551181102362,0.1118170266836085,0.1959689342743909,0.7083333333333335,0.1126331811263317,0.2118616865171562,0.3459552495697073,0.1776556776556775,0.1166825287564145,0.1205340485918887,0.1517710216179236,0.1725469153313555,0.2131090053253871,0.1237215903707635,0.1278985782001137,0.1641484695203542,0.2276598500092574,0.3708171187715962,0.4550446955539093,0.4157679586811417,0.4552529059056265,0.4099882312458381,0.4818283728448199,0.4290584569155976,0.5048869702607611,0.5947632119415527,0.0559796437659032,3.966895642374214e-07,0.114114114114114,0.5711550733886408,0.6769434898683446,0.736085890361311,0.8893449942810627,0.2593372595589671,0.5039000093780774,0.2821312844673107,0.1811219739791094,0.2360844673569726,0.3680070334347332,0.5677945914625917,0.3439016605831457,0.5549512141621106,0.9365276034925512,0.1189639017255972,0.1435052401319756,2.84167932408993e-07,0.3144900844547821,1.2042395976413124e-07,0.279067597429276,1.618437078742429e-07,0.3162702653155997
22,9,19,1.0,0.1659352980860277,0.0076405888644053,0.25,0.1148728577555756,4.585058163928335e-05,6.054763528917522e-09,7.1777388090866155e-09,0.0002637795397247,0.2221222187436046,0.3557629468398368,1.8213136761868066e-05,0.6266173528874943,0.448818897637795,0.0114358322744599,0.6534702114591558,0.6423611111111109,0.1141552511415524,0.1941350737180003,0.5800344234079172,0.4871794871794872,0.0619790716663641,0.0319265981697083,0.0930239501682867,0.1978591978859517,0.274679879548999,0.0313265219990614,0.0774523227329514,0.1420739128016759,0.2440603883898016,0.3347987747376454,0.4408284497978245,0.4609086304960796,0.5237315931552313,0.3595496795349166,0.4523686269334247,0.4256407161102979,0.5273458282576894,0.6936296151214707,0.1297709923664122,1.1148335419635865e-06,0.1951951951951953,0.5443522654754309,0.384268253326713,0.4283605793899072,0.6025014556258075,0.3891018285696512,0.2236668014607425,0.2320998911040388,0.2201728178573743,0.2525976194656971,0.2953530515161078,0.5743766884482804,0.2573531817973329,0.5803515441847859,0.941449385900607,0.1479515932358998,0.1633843829968574,1.0645368528040234e-06,0.3211484529953126,5.621282638639153e-07,0.2462330969836518,3.827320789406093e-07,0.2671139672646586
23,8,0,1.0,0.2510288399853683,0.0142652957779559,0.0,0.0551572234376234,4.572155638911717e-05,2.2484289690665515e-09,1.6571590022296895e-09,0.0001848720755045,0.0809762602729954,0.1206088795651764,0.0001367385131322,0.3875014775515151,0.5196850393700786,0.3087674714104192,0.0665451669014277,0.6111111111111112,0.4079147640791476,0.0551443589140754,0.6901893287435455,0.7765567765567766,0.0376041442952858,0.6062412431651142,0.6814385721966251,0.5449868552575253,0.7121439306654006,0.5871680032490773,0.5823842276655261,0.4042717353888698,0.6402007465163613,0.6963083531678552,0.8636499322831661,0.690432351120687,0.8018230480022506,0.7117983383723525,0.8562426267669061,0.607036314150497,0.783020801575526,0.5540881945435259,0.1221374045801527,5.855028722295035e-07,0.1561561561561561,0.6515634971282704,0.1683357950144128,0.2054618906349867,0.7024896110942498,0.4251792596084032,0.239588741116459,0.0818791544839876,0.3498650078246412,0.3257004069996698,0.0571907558119428,0.5241153021304257,0.0507277524811801,0.5335633492252521,0.7586171512912268,0.453624528023651,0.4628151192994501,5.793633972338082e-07,0.0996582364015465,2.391050050561583e-07,0.1356337919799875,1.275289572253315e-07,0.1515620269702283
23,8,1,1.0,0.2207575623388184,0.008650643802546,0.25,0.0568530517791687,4.572352034200272e-05,1.866496853971945e-09,2.077612480264747e-09,0.0002823253045869,0.0462071510756175,0.106959639702489,7.807360334132896e-05,0.2191687198755247,0.590551181102362,0.181702668360864,0.125599437582123,0.6736111111111109,0.5525114155251141,0.042776188926245,0.6540447504302925,0.8901098901098902,0.0251259298067529,0.5769693305796076,0.4432492705974485,0.4961880531012388,0.4949904654010363,0.582596617393841,0.3851291519945398,0.4748010389267459,0.515186698993435,0.671133644204053,0.7096375015872282,0.6694740667369048,0.6845045021326858,0.6946793008839351,0.7085629599829872,0.6567617451402171,0.7146483485622883,0.6445494256272277,0.1450381679389314,8.782098640673373e-07,0.174174174174174,0.8123803446075304,0.3047370109200762,0.2799453486135173,0.6592521861951623,0.5027063950608961,-0.0193600156690274,0.0561189331494007,0.2578994622095247,0.2849124439030821,0.0381213880704605,0.5051207722171933,0.0295980236963595,0.524649515140433,0.8849549571988099,0.3646598330530291,0.4061089523302451,3.9422738832556273e-07,0.0639550537415744,1.9265015139936162e-07,0.1150497631590411,1.344640122269727e-07,0.1233646254920193
23,8,2,1.0,0.2442140595196418,0.0142638277794237,0.25,0.0971209795978238,4.572257837158798e-05,3.745762812846683e-09,1.7742422162602464e-09,0.0001056486219794,0.1116205913884967,0.1388701885828701,3.971332638537421e-05,0.3274050853625802,0.448818897637795,0.181702668360864,0.1035975462461964,0.5486111111111109,0.578386605783866,0.0337060904725802,0.7005163511187606,0.7417582417582417,0.0420806027399232,0.1742334404239965,0.3197470261625772,0.5528946234042158,0.5751112526130262,0.1693467496322779,0.2455085399023102,0.4387097990469601,0.5345405203449465,0.4113974086769186,0.5918573550796346,0.6879465360260009,0.7093575921882531,0.4339397030666695,0.5756767227089391,0.6212407688327393,0.710949108653689,0.6579363647132275,0.1399491094147583,9.76900735337833e-07,0.1711711711711711,0.8391831525207403,0.4385251167527113,0.3128723030996863,0.6019331942044603,0.448870566115352,0.0963112771789203,0.1205011844997282,0.3507177932845113,0.3732115462498919,0.0263667274195727,0.5093058018382737,0.0197004039005368,0.5260440359322096,0.7986810803132464,0.4707600352942789,0.4693357440049863,5.524076493596317e-07,0.1446238368154631,2.944012628619637e-07,0.1393564149723214,1.3973723661352413e-07,0.2696901570634044
23,8,3,1.0,0.2460854944983294,0.0082477943505407,0.0,0.068373364493977,4.572188878539288e-05,2.866914792929596e-09,2.0052755073863264e-09,0.0001667826872284,0.1742613368944425,0.1200587865979916,4.51571452116011e-06,0.2607027831491799,0.590551181102362,0.204574332909784,0.1119093718619909,0.6111111111111112,0.5449010654490106,0.0398306580220125,0.5524956970740103,0.6904761904761905,0.0308605518356492,0.2795562066706678,0.2456034682467346,0.545829882964924,0.5959281782902931,0.280323118426412,0.210935439731946,0.5039026178692744,0.5167262137776433,0.4796887538544386,0.5246288665900098,0.6807871261566107,0.7213034011099599,0.5113448121722176,0.5442345072493158,0.6692542054937157,0.6980797963733814,0.6253691011069074,0.1297709923664122,6.192271184759401e-07,0.1651651651651651,0.7051691129546904,0.6024756358749102,0.4550605817613409,0.7115012792526585,0.3895232036387865,0.1156452408856925,0.1635316757368504,0.1948675432320776,0.2121658868483737,0.0948762902348015,0.4582971089090308,0.077705832968889,0.4909355686631984,0.9313223316904996,0.2371962105327217,0.289602442083048,3.774764740801023e-07,0.1516036068719345,2.42855419315273e-07,0.1800012681861148,1.2306343093845752e-07,0.2706566531023942
23,8,4,1.0,0.2483562508415994,0.0122498101362195,0.0,0.0613584073217046,4.572378239146896e-05,2.4037236100175327e-09,2.178643105929685e-09,0.0002220516005198,0.0863691084521671,0.0985971539922501,3.010739675282976e-05,0.2702746891023649,0.448818897637795,0.3202033036848792,0.0573836514885285,0.5486111111111109,0.5951293759512937,0.0325602359511085,0.7263339070567986,0.8553113553113554,0.034291908248621,0.3602363950362974,0.467522499147881,0.4549743634215241,0.5749322799936198,0.3615411583938808,0.3623182383246829,0.376524110806844,0.4932852996541864,0.5463712879525369,0.7150787683602804,0.6311431042392581,0.7169899995673044,0.5737360714801037,0.6862085618169934,0.588853291331121,0.6923465175097019,0.5833903733905239,0.1501272264631042,9.50961338531345e-07,0.174174174174174,0.4371410338225909,0.4888164329796454,0.2949057691337495,0.6713970787147505,0.516775106785289,0.2201918257294391,0.0705233374012161,0.216255737884695,0.2086574704902866,0.0140944201826449,0.5020166070398497,0.008790107533588,0.5245441836832208,0.8269198843463144,0.4234822720869984,0.4350852713153624,2.6596884848558376e-07,0.0815463354578451,2.2905161034931254e-07,0.0710028903484137,1.303980179158202e-07,0.183840405364373
23,8,5,1.0,0.23253976880008,0.0099536103314133,0.25,0.077610775321296,4.572472384429136e-05,2.739511299095854e-09,1.321475054536419e-09,0.0001171364251141,0.1492359419133177,0.1914164567664751,0.0002511396494932,0.2182186777504069,0.448818897637795,0.2096569250317661,0.0898596503275079,0.5798611111111112,0.5068493150684932,0.0413538444887656,0.7452667814113595,0.6117216117216117,0.0638731285414269,0.2374976427268111,0.4144830117966309,0.3797408071262669,0.4427816074069237,0.2427900676092645,0.3629490681902335,0.308920541330599,0.4239194769487882,0.4453322519573329,0.6589058228376954,0.5548616172779592,0.6072868827325069,0.4839952693266028,0.6789970576220905,0.5236816033971717,0.6312972514073335,0.4703676869328235,0.1195928753180662,8.102143124358846e-07,0.1531531531531531,0.7051691129546904,0.6449130882399512,0.3616654397544554,0.575373955025297,0.5198829345888629,0.1341423515078692,0.2158748733476178,0.3064616264339188,0.3877525407809714,0.2248025813725561,0.6012982532157483,0.2249510914775618,0.6000370750489342,0.9107326263049236,0.2300669749237876,0.2736804046106792,5.766677393850389e-07,0.2153352357908133,2.776083772651948e-07,0.2443042221408788,1.40804934316008e-07,0.3502715709755248
23,8,6,1.0,0.2747072413404407,0.0192885503246783,0.0,0.0560676967346519,4.5721691529556096e-05,1.330177520258318e-09,2.074428414965495e-09,0.0004083560153099,0.0878117130036041,0.0759007478048538,9.361794223296202e-05,0.3914409528295022,0.448818897637795,0.4104193138500634,0.0431245115801993,0.6736111111111109,0.6133942161339422,0.0378682058431455,0.8003442340791737,0.8608058608058609,0.0406765599724516,0.1503667245311788,0.301569554073911,0.4156751728623233,0.4610414439790324,0.1639597426251841,0.3140061395001319,0.3748789975339975,0.4213136102571306,0.4553817787269569,0.6356606815450213,0.6348235334107728,0.6760419786044162,0.4949103339830532,0.672432070141064,0.6136472588590256,0.6799265179679652,0.5929077990256495,0.1552162849872773,1.0574174124967404e-06,0.162162162162162,0.8927887683471603,0.5532936664889547,0.5154893173461277,0.9112289148772916,0.4122844950540096,0.2642963435533884,0.0410208718529051,0.0491713573740777,0.0377224926439647,0.0210821528429219,0.4890094322644324,0.0145387581448311,0.5156520575235107,0.8974866862848708,0.4099251036261257,0.4553436127217387,4.232796035353085e-07,0.0363675844979506,2.0662423439050798e-07,0.0546900753196899,1.057856543014526e-07,0.0700295910664802
23,8,7,1.0,0.2673660482561745,0.0103248468231447,0.25,0.0348433319728414,4.572198316572207e-05,4.5257658558511134e-09,1.0023029801572404e-09,4.1725774000336274e-05,0.0733840704610332,0.0500008767690182,0.0001974695270274,0.3051443945699615,0.448818897637795,0.2236340533672172,0.0841531397151297,0.6423611111111112,0.5388127853881279,0.0421899486165284,0.7728055077452668,0.8736263736263736,0.0370655589110377,0.128074922198688,0.2690475247712822,0.4662777642562227,0.5074676040850618,0.1233070383682949,0.1754639555127383,0.4123781732739574,0.4722992665555962,0.3562777700221733,0.5285968303615347,0.6151704642164078,0.649862770331401,0.3783374492032004,0.4886403040742288,0.5926782227890255,0.6558783173346874,0.641900603699511,0.1246819338422391,4.197377908920046e-07,0.1501501501501501,0.6515634971282704,0.3806542291132122,0.2335376125385382,0.5554156435519881,0.4682632532613331,0.3123675878193263,0.233389587348467,0.4047164423389013,0.4030318951811225,0.3085018514446627,0.3274883988475518,0.3022526269506328,0.3495981951340476,0.930071003227008,0.1610643104510481,0.1917184144563925,4.6528351712812246e-07,0.3176849612566569,2.499545854887705e-07,0.2961437785936145,1.5092410028692436e-07,0.3573271879852809
23,8,8,1.0,0.2444128393502994,0.0114499466917105,0.0,0.0263124723498382,4.5722621255001165e-05,3.0766444911129006e-09,1.2599871316614003e-09,9.61054387296188e-05,0.018032023983229,0.0285173130665743,7.741144038614271e-05,0.1059494746824983,0.448818897637795,0.2210927573062261,0.0851423040605631,0.5173611111111112,0.3439878234398781,0.057757210162306,0.7590361445783131,0.7399267399267397,0.0485113328096803,0.3213142405190117,0.3777210901287259,0.5371315012647656,0.644561983244736,0.3288077728352566,0.2945819165645207,0.5010772122679237,0.6213718742136198,0.5161155259664278,0.6422019420445733,0.6790858940592035,0.758237524755468,0.5509223242068069,0.6286773128280381,0.6685263117480448,0.7717278345833043,0.569402621107554,0.1348600508905852,8.102143124358846e-07,0.1711711711711711,0.7587747287811104,0.656820429687551,0.4120244404622477,0.7748711885860353,0.4231093733530361,0.1203787342087983,0.1630776290032385,0.3546426384966532,0.344805291901114,0.1519092882079679,0.5622437326719982,0.151970246901225,0.5798367871763468,0.932171066632936,0.2172774480375884,0.2682825266657186,6.17360262516209e-07,0.1991736667764681,2.567346119146439e-07,0.2256570268242024,1.597110815630481e-07,0.2494228928858503
23,8,9,1.0,0.2417261728277084,0.0122071335814691,0.25,0.0993205435806681,4.572615357515186e-05,1.7603226563188139e-09,2.3044340711422035e-09,0.0003316562979122,0.2089354453466367,0.1047885858679647,0.0003008384392847,0.4254597829906148,0.448818897637795,0.1448538754764929,0.1286506606078238,0.5486111111111109,0.4292237442922375,0.0476113863568242,0.8072289156626504,0.7216117216117214,0.0558663720087481,0.2115292678899873,0.1814260075586229,0.4597346573531627,0.6000523060961812,0.2099167590549635,0.1640029979159859,0.3664293430924905,0.5345827699402096,0.4271536678552989,0.4656203553488203,0.6153407873814356,0.7228176471365082,0.456971581688978,0.4949069632695746,0.5636785214545925,0.70894425042828,0.7125519013947361,0.1119592875318066,4.963283011657601e-07,0.1651651651651651,0.8659859604339502,0.441248957701736,0.4532872588544681,0.7713115851018548,0.3467115536574028,0.1117063730241014,0.1907713338556061,0.2581192553237716,0.301566640973232,0.1306589284521652,0.5418727374675399,0.1199603133054017,0.5465044303975184,0.9463951380197844,0.139253565954204,0.1694537218674796,4.642141595492031e-07,0.246778527446004,2.1178057765324847e-07,0.2302762428341491,1.1070056679661763e-07,0.2939009537116038
23,8,10,1.0,0.2467565784166198,0.0115463728399176,0.0,0.0240104757455701,4.572230656946129e-05,2.865638006006019e-09,1.053761556946164e-09,8.85454028668165e-05,0.1220137907718677,0.0291144810009742,5.714156778264152e-05,0.3773408757784608,0.448818897637795,0.2782719186785261,0.0669071840370788,0.5798611111111112,0.5692541856925418,0.0361003280494321,0.7900172117039586,0.7783882783882784,0.0475776532904486,0.4982796952461766,0.703518376350333,0.6653310617147877,0.5831101227788552,0.48500724793247,0.6055762238336226,0.6004468402592327,0.5052686535414295,0.633785244328745,0.8877198550641058,0.7657869276991662,0.7186656966149171,0.6528797271974934,0.8861920471029122,0.737503546823845,0.694241481511519,0.8045900589512156,0.1221374045801527,6.893291046958936e-07,0.162162162162162,0.5979578813018509,0.1381186251066637,0.2767616909351966,0.2216594212449907,0.4304155979463525,0.1657539230315616,0.1241633625726836,0.6237433842759512,0.6398048477977172,0.0645702692787791,0.5296568375374333,0.0825062302004409,0.5493718329368295,0.8098937319276073,0.3839586280243932,0.4008338536735841,2.687318570183201e-07,0.1657937095302426,2.2878387554683827e-07,0.1803949751599862,1.2807701507862717e-07,0.3139313608753465
23,8,11,1.0,0.2397512142418229,0.0067861836612223,0.25,0.008877878240002,4.572083842530676e-05,3.890164865434393e-10,2.3693159970105276e-10,0.0003588592537261,0.0211252366494544,0.0457611145692752,0.0004380130996265,0.1183786013252785,0.448818897637795,0.204574332909784,0.0921076696596569,0.5798611111111112,0.4916286149162861,0.0428262677954679,0.7865748709122203,0.8205128205128205,0.0430415629319012,0.4222732950164679,0.4188960016081754,0.4770891642384786,0.5448165857474926,0.4239942919527045,0.3158564674617764,0.3943875734446164,0.5147725279508164,0.5853416857029717,0.681743896450954,0.6463416164510494,0.6993342153119447,0.6120169715604318,0.6512604381536556,0.6013859815467985,0.7063522997676973,0.6101666809206305,0.1450381679389314,9.50961338531345e-07,0.174174174174174,0.8391831525207403,0.3780898614379686,0.3692691166446566,0.6143537952422076,0.4516220009201675,0.2128294106285905,0.1065818922905646,0.1511518100706825,0.1712982369750906,0.0317839046584717,0.5054896097598566,0.016921528898113,0.527030876130974,0.8985506151594069,0.3370071886782178,0.4036157905269704,6.764596798523966e-07,0.1238247923663182,3.1321857342244895e-07,0.1555048481703049,1.511493669082202e-07,0.2056090679056532
23,8,12,1.0,0.2461653909479976,0.0113170141566778,0.0,0.0223884136281119,4.572206906031872e-05,3.636204333938986e-11,1.216248398674439e-09,0.0103395415645637,0.1769215866011393,0.0269265986044482,3.585179320160295e-05,0.3046171960863229,0.448818897637795,0.3074968233799236,0.0600152557455295,0.5486111111111109,0.3120243531202434,0.0670725928733889,0.6901893287435455,0.6245421245421243,0.0549890157780501,0.2089784091712558,0.2843184550329174,0.4281098214938592,0.7322751409984352,0.2107467679126294,0.2133579445028625,0.416240904090038,0.5894803751298779,0.4573699947340339,0.5918339730656164,0.6185746176681831,0.8139566129621837,0.4862235478562708,0.5773026123199043,0.6171735522136492,0.7523154402471801,0.7864154058023405,0.1323155216284987,1.0574174124967404e-06,0.1651651651651651,0.7587747287811104,0.2405255099253493,0.2877051275581817,0.7793191325236717,0.4719651924374485,0.1450707586908866,0.1409626777031629,0.3044764254645022,0.3614799183608466,0.1705136261930262,0.4882638495566541,0.1578914962767569,0.5115696270273878,0.9456290285811636,0.188234697486875,0.2370286602853668,2.05977579360488e-07,0.181699477716644,2.093731575484215e-07,0.1966541819213766,1.346745790901711e-07,0.1839379310614104
23,8,13,1.0,0.252452812770958,0.0107156933265842,0.0,0.0059240172166874,4.57219431520715e-05,1.2049025991985162e-09,4.1211357697430227e-10,0.0001287483168496,0.1473937885794177,0.1040439492459581,0.0001753911971844,0.3089901720537207,0.448818897637795,0.2223634053367216,0.0846451724952035,0.5486111111111109,0.4946727549467275,0.0405345839871643,0.8881239242685025,0.639194139194139,0.0772473474630367,0.1541676843930315,0.3310546109295452,0.4099306934507303,0.4886245109210909,0.1530138333264791,0.2704147603519624,0.3687047919011155,0.4838322526133751,0.3875411221791368,0.5921233411443817,0.5800155805208856,0.6431670509570562,0.4176474761751394,0.5941396966112339,0.5666725987237821,0.6727966787355296,0.6748385426281001,0.1170483460559796,1.0028401321443216e-06,0.162162162162162,0.7587747287811104,0.4558638862104116,0.4008932794530588,0.7192091795357949,0.416513343244093,0.1656114130823156,0.169350293426722,0.2337772401703093,0.2722684619821924,0.0932483201346887,0.5210428010191243,0.1011206327947003,0.5467278681540818,0.9248833859888294,0.2255694349844594,0.2773487456591129,4.392538722402821e-07,0.2216982467269155,2.190637579591547e-07,0.2235597122192832,1.3518334440205176e-07,0.2908041983595466
23,8,14,1.0,0.2347599052867115,0.0078808599794136,0.0,0.0303650017983603,4.572301428959072e-05,3.4748283726056103e-09,8.55185317776671e-10,5.397045660185684e-05,0.0447135902016013,0.1200741433640528,2.257840101967692e-05,0.2636572765796576,0.5196850393700786,0.2198221092757305,0.0949266619870726,0.5798611111111112,0.532724505327245,0.0390338799616199,0.7452667814113597,0.6538461538461539,0.0576500160993685,0.4444673058918246,0.2867610245772196,0.5782034063400676,0.5996293312579561,0.4508356959885503,0.1805339207391135,0.4463715023165664,0.4930933739348993,0.5997132651440757,0.6050994744918833,0.7126187414049225,0.737735299804822,0.6264790658812576,0.5651528600104362,0.6390169989011937,0.6998744499334639,0.6685857881460175,0.1348600508905852,5.394089567162723e-07,0.1801801801801801,0.5443522654754309,0.265884719612746,0.2732710437845309,0.6163812884802815,0.4646686768233208,0.2063919818075342,0.077052241398356,0.3255054274388114,0.3564735785619586,0.1527870534235794,0.5153388420542286,0.131556400331577,0.536611424380773,0.9295688853132476,0.2562428429056532,0.2995759194037003,5.674773628318327e-07,0.1401155509164463,2.450936981081819e-07,0.1095229867713821,1.3421559233105257e-07,0.1215713667416891
23,8,15,1.0,0.2672835183569114,0.0153241285177492,0.0,0.0395391320925315,4.572047637295346e-05,4.1050428729128967e-10,9.279372671097991e-10,0.0007350269867045,0.04825213231309,0.0448347031305767,2.533546886365961e-05,0.1079521522428149,0.5196850393700786,0.3202033036848792,0.0639598625520343,0.5486111111111109,0.3531202435312023,0.0588891590574774,0.5972461273666093,0.8388278388278385,0.0234440835061246,0.1011801178254434,0.3333212699152088,0.4355549843209235,0.6612245250182539,0.0992877583112423,0.2237599278388549,0.3969336872827505,0.5961063394980313,0.3333414919780071,0.5824637528736711,0.5899898092383885,0.7662848888020061,0.3620806128655323,0.538205410578285,0.5810348761681671,0.7532383622937217,0.6167074545847933,0.1374045801526717,1.1752361838993303e-06,0.1651651651651651,0.5711550733886408,0.515271861876466,0.2653212654241201,0.6954737604452919,0.5653251229737408,0.0795359337500245,0.1448274757421524,0.4752571613676832,0.4521686005022181,0.0096983620693225,0.50768654992566,0.0053728122102019,0.5280929207855061,0.8368205908812564,0.4137073504985661,0.4885529476882218,7.017622734070141e-07,0.1738110634228686,2.8934060418900454e-07,0.2680542961590679,1.4374920511487866e-07,0.3119946031921023
23,8,16,1.0,0.2807574677557803,0.0152342335759027,0.25,0.0648463267586763,4.572147432061633e-05,5.111441862686671e-10,9.614382339686628e-10,0.0005996667023941,0.1766181015252189,0.1438666385273394,0.0003085938078439,0.240988370929722,0.448818897637795,0.2096569250317661,0.0898596503275079,0.5798611111111112,0.3942161339421613,0.0547581930664717,0.6333907056798622,0.7582417582417582,0.0334266550969509,0.4137122375251184,0.5364330404940869,0.5288475510995675,0.599738881579241,0.3945816806455366,0.3926140177107438,0.4143851862574995,0.5019109613466689,0.5667192395421523,0.7556941585135789,0.6470087593839399,0.7053658186893895,0.5858737709582822,0.6952234497833015,0.5748626941469298,0.6600987357147732,0.7752755860308969,0.1068702290076335,5.394089567162723e-07,0.1411411411411411,0.8659859604339502,0.4686683744007132,0.3464700691248277,0.5596726534119969,0.4218308702130153,0.2499756975504893,0.2026759072078749,0.5811664561019763,0.6375988078898689,0.0229481839434654,0.5014072043342049,0.020423923218043,0.5214174274772204,0.8324299909321541,0.3238677979685263,0.3842455261864778,5.159312484726377e-07,0.2491630160682725,2.694028412313704e-07,0.2907639488566486,1.2740653916197008e-07,0.4478780164202253
23,8,17,1.0,0.2610770566335685,0.0180999118277645,0.0,0.049985651378322,4.572093749466979e-05,2.5628150448958164e-09,1.5310899458757975e-09,0.0001466955693235,0.0881777597416739,0.1899155766687971,8.820008706369045e-05,0.4455453929536191,0.6614173228346455,0.269377382465057,0.0924219823930273,0.6423611111111109,0.5525114155251141,0.0409838312580131,0.7263339070567986,0.7399267399267397,0.0450231923243838,0.1748231336730526,0.5217641370514721,0.4691928725962521,0.5276589389902706,0.1755408339217004,0.3049394006921969,0.2861542052229301,0.3212776011878667,0.4540545020650255,0.7572865850229451,0.6538707039179497,0.7010939291206602,0.4794229929490826,0.6542682528476687,0.5508079913531746,0.6099973208522481,0.6331633128149372,0.1374045801526717,6.529513647223767e-07,0.1801801801801801,0.6783663050414808,0.3638546153151574,0.3798387524018904,0.8476013578443142,0.3394027369345233,0.2052788504041571,0.0590902671136345,0.1894990206357805,0.2391968386494751,0.0809245713449163,0.487992014462329,0.0702874829835198,0.5097177482117392,0.7271274724396926,0.5471779562928044,0.4884067569031683,3.741129601775081e-07,0.0870653257784751,2.075208427498088e-07,0.0953266798916243,1.222356011801413e-07,0.0885055155032426
23,8,18,1.0,0.2338679012496864,0.0094301918512491,0.25,0.0220647542317662,4.572120292078608e-05,2.2663898537051715e-09,8.409941605568475e-10,9.82119397617826e-05,0.0377014155006717,0.0573412190851625,0.0001862343558332,0.2076270573767868,0.5196850393700786,0.2947903430749681,0.0699567615298217,0.7048611111111109,0.5814307458143075,0.0420302423433455,0.6919104991394146,0.9212454212454212,0.0263509462070125,0.2368915748269713,0.293414488608705,0.4531123315031442,0.587408842594544,0.2303764733832646,0.2334947049149533,0.3377881699444949,0.4381279012767941,0.4585717671942049,0.5765404892936752,0.6210264056354917,0.7196547192347238,0.4801853687934823,0.5694989138609726,0.5503762111647098,0.6461022220108233,0.661425412321158,0.1195928753180662,8.102143124358846e-07,0.1771771771771771,0.8391831525207403,0.4458267699744955,0.3359735174404701,0.7602291834413761,0.448558207142141,0.1814360439690885,0.1705061657207234,0.3875457499707602,0.393832009757689,0.232189883179233,0.4992198936207664,0.2335753667295906,0.5719696891008385,0.9411534165003091,0.1726240036961805,0.1986638857721048,4.432092530244677e-07,0.2491202244618161,1.847315216223056e-07,0.2129649274736874,1.2935861060952618e-07,0.2367312922852235
23,8,19,1.0,0.2401298769879148,0.0133460004639786,0.0,0.038543462538778,4.5724117118754166e-05,5.369058918712392e-09,8.424684478444689e-10,2.3156365834886e-05,0.1010900375680015,0.0622522937511593,0.0002203917994719,0.2918791151138697,0.448818897637795,0.2426937738246505,0.0773349711912491,0.5798611111111112,0.5677321156773211,0.0362153876429267,0.7728055077452668,0.8095238095238094,0.0427459234903905,0.5641672453643498,0.3858523384603209,0.4928178704489133,0.623965920957146,0.5451870876779937,0.2988732576246159,0.4316084453844926,0.5501328515944359,0.6813846502846065,0.6425476024789145,0.6448289405694354,0.7425606439222684,0.6988420760255543,0.6212369568499059,0.6150018150668844,0.7212983895717971,0.7388892553447142,0.1145038167938932,6.183722641881204e-07,0.162162162162162,0.7855775366943203,0.3790687094785649,0.3448632545885157,0.4639871890442313,0.4727042162053987,0.2437299165021612,0.1734312361201517,0.247533692940479,0.3160128771516794,0.1287970594818168,0.5520954953587865,0.1432812280171368,0.5558553608589427,0.8913166466426514,0.2967476540225845,0.3540170319140521,3.5044838121746445e-07,0.2304490005207657,2.105311670224477e-07,0.19165672233119,1.3102228584283425e-07,0.2912152172521031
23,9,0,1.0,0.253720719173044,0.0100663259394767,0.0,0.0531182419937868,4.590300456357599e-05,6.689856494241683e-10,1.8511667717232478e-09,0.0007643243412325,0.0889805975760412,0.0975089372628746,1.6846668051275656e-05,0.2839237721670017,0.448818897637795,0.2960609911054636,0.0625622727228412,0.7361111111111112,0.4718417047184169,0.0552797147604222,0.7555938037865749,0.7087912087912088,0.051742905716721,0.1041938386664151,0.1920228445563466,0.357238629343977,0.5223348987463527,0.1052798995302249,0.1540819837465317,0.2563981364742131,0.4703057363926651,0.4160556102722761,0.5544788457669725,0.5923798392064398,0.698334892311544,0.4432860818419197,0.5542962078573412,0.5352747381221176,0.6903839012599189,0.6237445965211452,0.188295165394402,8.324932156467805e-07,0.1831831831831831,0.91959157626037,0.4937583561147938,0.4214492241181622,0.8594143736265125,0.3904171260826339,0.1600374563209552,0.0977764549387036,0.1706510088966935,0.2009433842861687,0.2992187015568574,0.6010693496835806,0.2867679222608087,0.6166062608781637,0.9612386950837234,0.1940697990940818,0.2370367836472412,5.681989347184397e-07,0.1106781587709966,2.73256560718049e-07,0.1194188757641183,1.6062534622099705e-07,0.1036764668688627
23,9,1,1.0,0.2358777263695243,0.0087778881405675,0.0,0.0388041463341057,4.59016596308558e-05,2.0223914976923404e-09,1.164506530427757e-09,0.0001516235997744,0.1903228857080882,0.1216977011133779,6.275324970282186e-05,0.4356145358839765,0.6614173228346455,0.1601016518424396,0.1539405711726921,0.6736111111111109,0.5220700152207002,0.0456369193973334,0.7951807228915662,0.7216117216117214,0.0545500757653187,0.1563844133209968,0.1972386119572899,0.2638921861964763,0.5384120861466453,0.1725131872013857,0.1762331613890808,0.2536783127560433,0.4814504744671848,0.4709418498579086,0.5943170123696611,0.5741708196256393,0.7205071174562813,0.5092021140063474,0.6081009460141432,0.5686922307389332,0.7125965401526673,0.6769982450517906,0.1348600508905852,9.76900735337833e-07,0.1831831831831831,0.8123803446075304,0.6113540720106432,0.4818911288295986,0.8419759463887728,0.4127358540986157,0.0888085854145446,0.1155617837142762,0.2291517375839546,0.2457244814974888,0.4778870805649103,0.6980323434308116,0.4512343487830761,0.7085675734748911,0.918152595283223,0.277753827075733,0.2926109339709023,4.970368388293044e-07,0.1232801166262436,2.651070143625263e-07,0.1559843668770058,1.3911953249437688e-07,0.1016095421405987
23,9,2,1.0,0.2308664673083748,0.0082947033967373,0.25,0.0758051099292485,4.590398281198979e-05,4.48084581148882e-09,1.4131681828442452e-09,6.409400839298155e-05,0.1101470584157023,0.1657452595316202,0.0004236596402668,0.468354466603341,0.5196850393700786,0.2566709021601016,0.0809872567084217,0.5173611111111109,0.6149162861491627,0.0296642474867234,0.6127366609294318,0.7087912087912088,0.035865633639009,0.0885342436347171,0.3115620694894124,0.448697869230162,0.5912680986001567,0.0944993323486953,0.2497829203681081,0.3657476253128479,0.5446094056045597,0.3880721113157174,0.6130049981596273,0.632839194374827,0.7301926622518922,0.4308857173440958,0.6134879149539358,0.5925844492605878,0.7284690177741706,0.6031562101124033,0.1348600508905852,5.542586550278745e-07,0.1711711711711711,0.8123803446075304,0.6189655822300608,0.6007288713201806,0.8987576594490729,0.3262755509848927,0.157158691997806,0.0916996228456225,0.1323708650621078,0.1603806695948402,0.2135330610501714,0.5997693147125025,0.1887559692038971,0.6062535536470733,0.932091844019894,0.281558966200747,0.2886372510144712,4.20021816537752e-07,0.097644127407358,2.37757371509926e-07,0.0857878254462254,1.3430324070262797e-07,0.1162454662197366
23,9,3,1.0,0.2467600212664442,0.0094821058981108,0.0,0.1141717677582315,4.5903380292418586e-05,2.756417768467213e-10,1.5133274934270816e-09,0.0016094033667441,0.1102020696697049,0.1285247457544957,5.035279285712734e-05,0.2182956435636308,0.448818897637795,0.1308767471410419,0.1412692727594405,0.6111111111111112,0.5098934550989346,0.0430034684296869,0.5524956970740103,0.7417582417582416,0.0263295022680583,0.3569542400567229,0.5533860398809037,0.5231980050823422,0.5277154166957713,0.3643855983685263,0.3576252054625128,0.4088925868524787,0.5027305999678913,0.5333059636301865,0.775069239534775,0.6623548546062848,0.6697809995171168,0.5703084438658343,0.6742852662998863,0.5983468387089481,0.6876568725574046,0.5985523285919401,0.1145038167938932,6.529513647223767e-07,0.174174174174174,0.6783663050414808,0.2955249764682746,0.2596498885328717,0.6692925890379571,0.4549485581765841,0.2540454946357228,0.1509535324812823,0.3588516467843701,0.3977054852917079,0.050720944934689,0.4816183310784173,0.0310106914179196,0.5134240608114642,0.9121068002456592,0.2574374730908628,0.3106552688874843,4.18156725668923e-07,0.1713239468965559,2.56791903422691e-07,0.1852916511808546,1.4318294480162529e-07,0.3157030960531038
23,9,4,1.0,0.2552122822702378,0.0117912393697715,0.0,0.0844239346797216,4.589703720260992e-05,5.893456396924522e-09,2.0592965015169548e-09,6.697701172157386e-05,0.103797647314057,0.1233915172281945,0.0006526976311466,0.3455585995498359,0.590551181102362,0.1181702668360863,0.1867158024041414,0.6111111111111112,0.3531202435312023,0.0643447816014184,0.7074010327022375,0.9926739926739924,0.0231429787652057,0.2760807365503688,0.648512663111672,0.7635996823848409,0.7603190376329854,0.2725156242790549,0.5225178264364351,0.7638335797410072,0.6763817390948281,0.5006334312350418,0.8398585346821802,0.8221343577741272,0.8297196796162416,0.5230562451905114,0.8070382155080316,0.8318892640374396,0.8036924495863778,0.6843132624511705,0.1348600508905852,1.030128772320531e-06,0.162162162162162,0.7855775366943203,0.2496622481703272,0.2789918305146672,0.7782883498475082,0.3961667729185615,0.2345275944168113,0.0596528298121239,0.3967607621143409,0.4314043922805064,0.2945200037768948,0.299372625577164,0.4032298473829647,0.2342193353801571,0.6234529397545042,0.6205158668343363,0.5966134636106231,4.1874196051565684e-07,0.0930965612577967,2.3792297971362762e-07,0.0718637278278607,1.1530506998828145e-07,0.1495278064102881
23,9,5,1.0,0.2429539709520052,0.0100910216662452,0.0,0.081119972087975,4.590286991160127e-05,6.092098351523636e-09,1.971813547571384e-09,6.036892317769251e-05,0.1052735116625518,0.0837580195579742,4.0604308845379385e-05,0.2139447137874091,0.448818897637795,0.1918678526048283,0.0981905454995896,0.6111111111111112,0.3805175038051751,0.0594367494243414,0.6161790017211703,0.7216117216117214,0.0349936744343669,0.5355040746156977,0.5806592247849999,0.5503923963380668,0.6102548409963486,0.5167309050909309,0.4787695859167223,0.4913619277203034,0.571633897858361,0.656632061144984,0.7956507833034965,0.690775594508417,0.7380203629067671,0.6725270741435714,0.778820341668836,0.6617505301787044,0.739241367482816,0.694167006830428,0.1297709923664122,1.3056304618183949e-06,0.162162162162162,0.7319719208679003,0.3444526995743522,0.0456836107240232,0.3872532201182133,0.6673249176878431,0.123130510963539,0.0865488033680213,0.4691418626590757,0.463773141433458,0.0233164801543194,0.5076668500736359,0.0242532327376499,0.5231118408552247,0.7663119858256133,0.4779195698408566,0.5215019238472395,4.810261507130668e-07,0.094154134214115,2.552598098876345e-07,0.1198519784298618,1.2687818190754228e-07,0.2352514516877901
23,9,6,1.0,0.2450894483265221,0.009275019292276,0.0,0.0159930591181858,4.590101002267209e-05,2.18392294074691e-09,9.564555220681103e-10,0.0001155902567475,0.0060927102571634,0.0381430395923848,0.0001208274238891,0.1695657620088985,0.448818897637795,0.2719186785260481,0.0685854759610333,0.5798611111111112,0.7397260273972603,0.0260972064795562,0.7160068846815834,0.8058608058608059,0.0375145911326379,0.1081266248887303,0.2092779332548353,0.4479145311974794,0.5940818984892869,0.1186936377060641,0.1871646320752191,0.4422477175399211,0.617241552304315,0.4243891631764394,0.5721994059184586,0.6456014588127691,0.738720586711441,0.4677569348700797,0.5938685922552127,0.6433712310333294,0.7682108304515407,0.6408303399028732,0.1755725190839694,7.678595958161378e-07,0.1951951951951953,0.5711550733886408,0.6510229293124543,0.5006397635370181,0.8766013110786681,0.4131828535169985,0.1249102919821825,0.0530381196373821,0.0403830543348393,0.0506504762421791,0.151862150160033,0.5915719968154691,0.1680532264551091,0.6178947457802371,0.8529905865066129,0.4566874607305158,0.4693326890113841,6.622781315067443e-07,0.0498415893429814,2.792512430974339e-07,0.0601438865329583,1.3607387087165605e-07,0.0758818685890295
23,9,7,1.0,0.2629243190652342,0.0186569546106167,0.0,0.0111865557311773,4.590018004160491e-05,1.6400286460490795e-09,3.345881665903149e-10,7.501980986181693e-05,0.0362793279858533,0.0176663708174669,1.227984198693666e-05,0.2099706224345188,0.448818897637795,0.218551461245235,0.0861521838896705,0.6736111111111109,0.5601217656012176,0.0421072067359776,0.7469879518072288,0.826007326007326,0.0387264548261817,0.6147396130648733,0.7170556906592368,0.5895924924224459,0.6138204133071986,0.6257216829737097,0.623230533444117,0.4895389717297079,0.5268385844118142,0.7071502392562248,0.8944517483858337,0.7160829380460079,0.7401981382606185,0.7365795909274052,0.8892224895116178,0.6616433200100951,0.7127596853280557,0.6119160719892913,0.1348600508905852,6.893291046958936e-07,0.1711711711711711,0.7319719208679003,0.1806735032813038,0.2702472202320614,0.5250417982013347,0.489667389735624,0.1142546353923827,0.0913152649675029,0.4422104631069448,0.4480237204384711,0.1412159963189853,0.5868625604108311,0.1371957415915989,0.62043759536705,0.7166219859472478,0.5291362385231168,0.5209285508562354,3.428773784934872e-07,0.1597889220542467,2.941235689274158e-07,0.1447281101724681,1.4042493649810177e-07,0.1792603713084006
23,9,8,1.0,0.2418826838041742,0.0088780912729271,0.0,0.0540872822330221,4.590024874971156e-05,3.1364737295051e-09,1.3730812784540856e-09,0.0001021719818816,0.1956063789275592,0.1072318980121224,3.667571658171691e-05,0.33485984942933,0.5196850393700786,0.1296060991105463,0.1572587247477768,0.5486111111111109,0.4429223744292236,0.0459677419354838,0.6437177280550773,0.8516483516483515,0.0268903351824472,0.2345524186810626,0.8387437131941685,0.929657139261076,0.6597429736421766,0.2430523036515083,0.6615213234730123,0.8553708188157605,0.4385119397435863,0.4780425607088636,0.9643257838132722,0.9188757500359496,0.771166181254886,0.5119887935334448,0.8994813199789561,0.8759637013065381,0.6694398755017965,0.7683046896337475,0.1323155216284987,6.893291046958936e-07,0.174174174174174,0.94639438417358,0.2046302723213378,0.2337741120418242,0.7046969315002678,0.503518439049423,0.2157029976553718,0.1085583979652699,0.3731135270824481,0.3884160806203796,0.2122195076330694,0.6359770932472855,0.1944319438671409,0.6073989509795402,0.8841197698237332,0.3260980410929879,0.348831212278051,4.013383107239818e-07,0.1452902506986148,1.7980563768686777e-07,0.1619257347766352,1.236665125778676e-07,0.1449077394439186
23,9,9,1.0,0.2478671776091339,0.0122031494667251,0.0,0.096307166314456,4.590661719639233e-05,8.19469562257179e-10,2.031365578624856e-09,0.0006700786739915,0.155444849797805,0.1510308705000439,0.0001822454744108,0.3884514573133806,0.448818897637795,0.3252858958068614,0.0563845988178707,0.5486111111111109,0.4535768645357686,0.0447538762517249,0.6437177280550773,0.6904761904761905,0.041255721734935,0.4429218246304973,0.2995112753953578,0.4132431074076164,0.5542997613490306,0.4266459704497878,0.1598535625893204,0.3549952971970762,0.4809583545976475,0.5963967456313063,0.5643911748778797,0.5811343149281863,0.6897153928282698,0.6147513449769271,0.4843031839280612,0.5513791968444611,0.6670187160943701,0.7063913727817783,0.1119592875318066,5.855028722295035e-07,0.1501501501501501,0.8927887683471603,0.4848770190369693,0.3785785728117394,0.6687810199429998,0.4149457534756577,0.2460566015815853,0.1698737212312263,0.2444248664754289,0.2466621179810086,0.0827762855592187,0.4866988349112743,0.0579487180853297,0.5113637677748226,0.922411901869964,0.227713387429417,0.2811188436998022,4.6869210110513124e-07,0.2020231620573302,2.514551038695175e-07,0.2017260548691813,1.403668809949043e-07,0.2677742051455499
23,9,10,1.0,0.2009598348834632,0.0110843273373536,0.0,0.048717790409334,4.59001871705113e-05,2.558307870295372e-09,1.487862915936372e-09,0.000143024277785,0.1293894204037611,0.113117680134259,4.7927762176770655e-05,0.2052932175681546,0.5196850393700786,0.1550190597204573,0.13334951278083,0.6736111111111114,0.4216133942161339,0.0578201519373809,0.7349397590361446,0.7564102564102563,0.0441968408111985,0.2115847797697544,0.5099110577155537,0.6614853500235657,0.6951268018972856,0.2111949875279112,0.4470799146007757,0.5689799979088777,0.643653969167687,0.4936728314247625,0.7546539424318037,0.7574167777033124,0.7911648784928187,0.5141642391478192,0.7477808432352152,0.7053350381694374,0.7802681262295876,0.7103852065413654,0.1475826972010178,5.10443779785215e-07,0.1771771771771771,0.8927887683471603,0.4928510310951108,0.344895417787507,0.804840154785782,0.465509029524566,0.0440954834395024,0.0433528402791538,0.1038737793805182,0.1405693454272947,0.0818942171165466,0.4922502391722897,0.0694470532202536,0.510914683222161,0.917717366722052,0.3509393733677797,0.371579218186423,3.98885984850375e-07,0.0439623938138126,2.3880725194707933e-07,0.0482174236727705,1.2796042114968457e-07,0.0665350114299259
23,9,11,1.0,0.2167155202550836,0.0109886374240694,0.0,0.0519913980783384,4.590213417990955e-05,1.3408510607131907e-09,8.201936537835891e-10,0.0001842530730601,0.0512592129585438,0.0639203229781669,3.094600059552908e-05,0.1992944478014364,0.448818897637795,0.1308767471410419,0.1412692727594405,0.6111111111111112,0.3257229832572298,0.0700111363466275,0.7280550774526678,0.8608058608058606,0.0340087642475386,0.223538491137763,0.3948807840819676,0.5799435486023737,0.7184610393258244,0.2149941214959642,0.3194209904048428,0.509038588243718,0.6392299313863676,0.4353368816599904,0.6427282925656971,0.7046659797125756,0.8091806315097078,0.4554168222058699,0.6341253189286197,0.672365656981271,0.7862440156650571,0.7137706302807443,0.1094147582697201,4.439848760716925e-07,0.147147147147147,0.6783663050414808,0.4089662366116444,0.3003053993518199,0.466174409662909,0.4547912939837008,0.2113654225639019,0.2196806358099617,0.4408148877002162,0.4796822224108403,0.2972897165510718,0.3906902492567782,0.351606351344178,0.4561720314073347,0.8992222472394639,0.2463174376146362,0.2945566295979178,4.156117318738985e-07,0.2860291096144747,2.043578707545685e-07,0.3148148870752086,1.1161216040785086e-07,0.3688887031005696
23,9,12,1.0,0.2552961003881728,0.0087501808510172,0.0,0.0600857979955344,4.59000543254818e-05,2.4330785655930635e-10,2.368028867400382e-09,0.0026537836175744,0.0837001605423524,0.0899881126044298,6.603607359499074e-05,0.3503174711989832,0.5196850393700786,0.3087674714104192,0.0665451669014277,0.6736111111111109,0.4292237442922373,0.0567101322606726,0.7573149741824439,0.8736263736263736,0.0356569509830041,0.1838515160895201,0.3993274625051365,0.473385698757839,0.631131745463572,0.2004002389467207,0.3334479782377214,0.4384724601243489,0.6095774555255977,0.4484167636956628,0.6748035980740064,0.6499740227918985,0.7546019304396413,0.4942105096535034,0.6742593496159771,0.6366596147964797,0.764425981852722,0.7128040257265682,0.1552162849872773,1.0028401321443216e-06,0.1801801801801801,0.7319719208679003,0.4583392960560593,0.3728144194559393,0.8399057231606286,0.3948673043622157,0.2222979045419103,0.1028795896967029,0.1761159826507863,0.2117285123052923,0.509062440783354,0.8869097970507531,0.4773136977130616,0.8735761174351676,0.891643585151283,0.3330340638322623,0.3708143643526089,3.9003086382532017e-07,0.1117271846751976,2.643826706558076e-07,0.1065139624847386,1.3474536499584012e-07,0.1074017809601751
23,9,13,1.0,0.2267688685571017,0.0083034277731553,0.0,0.1573666324128876,4.590544720054512e-05,1.1468546409119032e-09,2.443121013937647e-09,0.0005544882589833,0.178810422195646,0.2264242633953726,6.006780558847129e-05,0.3907411812884568,0.5196850393700786,0.2325285895806861,0.0896678559669602,0.6736111111111114,0.6088280060882801,0.0382037994358205,0.6987951807228916,0.7930402930402929,0.0369624900382547,0.1357073275165025,0.3711764634548187,0.4793488506435162,0.5678086255008309,0.1376429720938962,0.2666397345784256,0.4755811808787909,0.5735866391136276,0.4093897359728807,0.6487772994325323,0.6481280251463626,0.7137562263081988,0.4408137227213607,0.6152924090142265,0.6535469220614281,0.7425625586676634,0.7320590166389378,0.1145038167938932,7.890369541260113e-07,0.1681681681681681,0.8123803446075304,0.499123638574396,0.3205000561342972,0.7310242339763087,0.4540361724314081,0.2027903992917222,0.0943603753747038,0.2214359938955372,0.265570486170585,0.0298795350440352,0.5171110955302577,0.0246647595708845,0.5342726392874985,0.8644951308895085,0.3933087961705988,0.4197596409512044,4.809454524371628e-07,0.1316489712020412,2.3804436482399562e-07,0.1327045084153421,1.1818744847996985e-07,0.1904974305833243
23,9,14,1.0,0.2525881340031252,0.0109028518441088,0.25,0.0396548147428525,4.590092223945714e-05,9.86852477378427e-10,1.569092288576045e-09,0.0004406478188932,0.0888094629565075,0.0887919311764447,0.0001466915793515,0.3448689640637103,0.590551181102362,0.3608640406607368,0.0618931911617063,0.6111111111111112,0.5966514459665145,0.0357908879948497,0.8261617900172118,0.967032967032967,0.0344908506469763,0.1423919497697863,0.4439069120797975,0.411864438988716,0.5939392440698245,0.1408669345572584,0.3375724367762843,0.3391880851103702,0.5305053004622645,0.4307524540560981,0.7069043683311623,0.618204147521942,0.7350794454076818,0.4537118031645828,0.673255163863747,0.575439503110894,0.7199000202358725,0.6394311645812918,0.1374045801526717,1.527775913356998e-06,0.2072072072072071,0.8123803446075304,0.5054212296517644,0.4247306273239912,0.8220803390292852,0.400348440727799,0.1295741850882137,0.0906161302418014,0.1968878487471783,0.2394364673820075,0.1144883797435475,0.5483922484397641,0.0964049455173911,0.557025868445769,0.8621829079071459,0.4110294887675604,0.4238600301536261,5.282057245917735e-07,0.13858864677589,2.271159389753074e-07,0.1083998413247027,1.4114502783719133e-07,0.1177864222016762
23,9,15,1.0,0.2325094381759614,0.0080933537060978,0.25,0.046175573348732,4.5901224320363154e-05,2.499184177416279e-09,9.070139621507564e-10,9.23360834224898e-05,0.1124305170298395,0.1366414762176735,4.1450385171419e-05,0.4089553965670671,0.448818897637795,0.1067344345616264,0.1694133441690923,0.5173611111111109,0.4550989345509894,0.0424317456287162,0.6970740103270223,0.7124542124542124,0.0448319377574931,0.1323740948287923,0.2960279148814928,0.589979484848608,0.6383618672729978,0.1353319133945226,0.2747535215058829,0.4582033930082104,0.5730521344105007,0.3569964508441793,0.5495938685087856,0.7106535461046428,0.748735407509609,0.3984549863484717,0.5937057609735564,0.632837494883863,0.7365070119460675,0.6395344473785864,0.1119592875318066,1.0574174124967404e-06,0.147147147147147,0.6515634971282704,0.524964231871512,0.4221088523259153,0.7570375979871122,0.377324213449953,0.1487025011110025,0.1931265989944759,0.5366600953590954,0.5660863002830028,0.4175548741259235,0.5155431579876003,0.5736941747839772,0.6053528255270064,0.9078143819920592,0.2349954473766544,0.2901267819171041,4.963262653427562e-07,0.2342545679977328,2.647634069176027e-07,0.3068294236527714,1.2811485674613238e-07,0.34037859790231
23,9,16,1.0,0.2226764462091208,0.0108401830485673,0.0,0.0275390268176646,4.5900445757360586e-05,2.3024422575473975e-10,1.1940983399652976e-09,0.0016058843748669,0.03493205441401,0.0912000680754931,0.000221263601511,0.1477865824575382,0.5196850393700786,0.1715374841168996,0.1211387366691394,0.7048611111111114,0.6925418569254185,0.0341706873414522,0.648881239242685,0.6776556776556776,0.0432772294390415,0.1582066324696793,0.445876548814964,0.5376698975186796,0.5772334679191223,0.159206918420609,0.2831394170064929,0.3284407965873323,0.5327499753954725,0.4526128930768304,0.7138535754888619,0.6940202294389831,0.7307143229389917,0.4774521873919669,0.6443119319177939,0.5797535316262642,0.7253356180061322,0.6160632416278018,0.1272264631043257,6.893291046958936e-07,0.1771771771771771,0.6783663050414808,0.4873914905129313,0.348559454856133,0.8452237719916513,0.4901603393009546,0.2338859423772843,0.1295108671282984,0.341832300610537,0.3888550645762096,0.8158296016977107,0.7969061379793052,0.8757057271051819,0.7958437761043271,0.882550930651808,0.3007850253181164,0.3102888285314916,3.737559329509976e-07,0.1446696586581749,2.291891027713354e-07,0.1292859361126032,1.320874945382617e-07,0.1084010575545061
23,9,17,1.0,0.2354613053325324,0.0124789045271643,0.0,0.0915884656243541,4.589964876144168e-05,6.781946633510525e-09,1.7654116522089307e-09,4.3814973777516736e-05,0.1428492092186446,0.0880528449194867,2.5609235856782667e-05,0.3385954282937131,0.448818897637795,0.2452350698856416,0.0764987807119053,0.5833333333333335,0.4764079147640791,0.0446165347515916,0.712564543889845,0.76007326007326,0.0414930771328707,0.6411455190752345,0.4592472692921969,0.5311738411344894,0.5726791217306588,0.6314414999101987,0.3424695728571389,0.3802217433433982,0.5023535549472359,0.7644777146475001,0.6821297233179979,0.6555384833608041,0.687904109169049,0.7916262353718351,0.6447603445704527,0.5544616638642961,0.6707192364255675,0.7488481118274279,0.089058524173028,7.084640727132052e-07,0.129129129129129,0.91959157626037,-0.0828156688349359,0.2413495297213472,0.1788753154849862,0.4639090633924743,0.1706516158719555,0.2886916099059974,0.7007374854611423,0.6977671159340706,0.0882740017021715,0.4738234894344908,0.0628978511549956,0.5065841967471416,0.8793632627691383,0.2365405540440771,0.2826693267294474,2.785634544562295e-07,0.38931371204701,2.1886020455868505e-07,0.4578333656960431,1.1407224362821449e-07,0.4797273687468461
23,9,18,1.0,0.2471353285240927,0.0121869896309842,0.0,0.0159296677488093,4.590227207313564e-05,1.0189841412666075e-09,5.855432394237852e-10,0.0001981565208654,0.1157305283967304,0.0451464447594514,1.995486642711392e-05,0.388199171092042,0.5196850393700786,0.1067344345616264,0.1867158024041414,0.6423611111111112,0.4490106544901066,0.0518090119662164,0.955249569707401,0.8058608058608058,0.061027271503417,0.2411707092185087,0.6402444497131836,0.6484576822495256,0.7961383148086681,0.2485918900520245,0.5923997340781987,0.5789372424357271,0.7522776557584586,0.4791618918034057,0.834750700071819,0.753462622856687,0.8511387167452866,0.5125069902695168,0.8545012772090158,0.716631811835943,0.8456211908520052,0.7258169495301305,0.1526717557251909,5.10443779785215e-07,0.1711711711711711,0.7587747287811104,0.4429387622924174,0.4000784642472856,0.8413413486895038,0.3501999354387211,0.2708266096186218,0.0786396578049139,0.2270509771769164,0.2301332606517401,0.3057392044256458,0.656185318542419,0.2922329830990941,0.6709972603171843,0.6508298181154226,0.6652303618004028,0.620908940016459,4.104660313012023e-07,0.1109405051881659,2.210966080830547e-07,0.0891479027991707,1.1428751123511055e-07,0.1360295815353364
23,9,19,1.0,0.2288841428612077,0.0113965787411542,0.0,0.0119182688087968,4.590215243743404e-05,1.6572940457633722e-09,2.827168637430685e-10,6.652544343001993e-05,0.1061839797238779,0.0437745048507535,2.0959417181650245e-05,0.1904774966696228,0.448818897637795,0.1702668360864039,0.1103562971794549,0.5798611111111112,0.4627092846270927,0.0458750501716987,0.7504302925989672,0.8168498168498168,0.0398827747671048,0.2053550089058921,0.3159297383547185,0.4573003065090059,0.4839031273495549,0.2037765403797572,0.2473240558261551,0.372336982402131,0.4643612395590479,0.3968865818161841,0.5490663118191413,0.595380278472636,0.6170518518463527,0.4306934958999757,0.5484476264738258,0.5521622265149271,0.6424105519805845,0.7845186838475677,0.1145038167938932,7.084640727132052e-07,0.1501501501501501,0.7855775366943203,0.1991873748034462,0.1423845202660709,0.5150660921080616,0.4724974824211388,0.0641852049233591,0.2365817431254129,0.3707032991550514,0.3907275817779765,0.0665332010132857,0.5107145319939512,0.050884424013211,0.5348391846587318,0.9156902652855948,0.2268920571966421,0.2766050263064548,4.3939126783627246e-07,0.310754784953846,2.750622055480271e-07,0.2708591068405999,1.3822726399782608e-07,0.369630550137964
24,8,0,1.0,0.3123553082621427,0.0473412515675981,0.25,0.3263383530385785,4.545004462365611e-05,2.3565812206841373e-08,1.4441455677584798e-08,0.000116874128928,0.3798143416375531,0.5546765970056187,0.0003682570310496,0.8200480437446056,0.448818897637795,0.1740787801778907,0.1080167295487116,0.7152777777777779,0.3820395738203957,0.067636116025047,0.42512908777969,0.3351648351648351,0.0684053333098745,0.1492130879612484,0.1482726499220276,0.1795888396633668,0.3003886889877451,0.1413679713140033,0.1150136208390769,0.1434028327730202,0.2055272065026058,0.4004015087954826,0.466684362207836,0.4349390328825168,0.5282060106844189,0.4151665744296046,0.4613394905691602,0.4047002880110053,0.479951967604257,0.7605702861140666,0.1628498727735368,1.9319030841190342e-06,0.192192192192192,0.8659859604339502,0.7241662931418533,0.491305740735342,0.7148200755745289,0.495281414945967,0.3386001194118814,0.1412677813660716,0.3019289618897529,0.295243434917301,0.1861311285872264,0.5970254358152737,0.1523656960025566,0.5959870214304569,0.9507347941500665,0.1739334567909833,0.204700564520174,1.0894579382942135e-06,0.1610920497043171,4.645152287681778e-07,0.1961197449043352,2.444868391918963e-07,0.2241201650172116
24,8,1,1.0,0.2597725084396893,0.0239595437461211,0.25,0.2621713493006214,4.545504664812648e-05,4.024389859636491e-09,7.817414370467117e-09,0.0004503772598695,0.4944879553867355,0.5550488689320942,1.1077009980628551e-05,0.5795169867439569,0.590551181102362,0.1003811944091485,0.2150039484074757,0.6423611111111109,0.5129375951293759,0.0446345572701484,0.4991394148020652,0.6410256410256411,0.0293564926962016,0.1314728942179993,0.2265989019164284,0.2399371569981402,0.4090369650605467,0.1292253085105092,0.1936018253744016,0.2207210644682547,0.3808560831576815,0.3977381748536175,0.5371795113425667,0.4873920541784921,0.6087478922550973,0.4222022602215756,0.5463792392595501,0.4784779756808141,0.6156708743510085,0.6211083618449118,0.1450381679389314,2.4381804720422044e-06,0.2042042042042042,0.6515634971282704,0.6932607205397994,0.5302350336390331,0.7242668521386615,0.4365945711325518,0.1752188523131057,0.2136488439884184,0.2614261859498039,0.3185852763048826,0.4174385181135063,0.4808789638126255,0.469528371520532,0.5314846364243893,0.9332132918145604,0.1613673260683189,0.1919246461794223,7.489181385515464e-07,0.217268529250723,3.6219574726969866e-07,0.2734422172825964,3.06179217298086e-07,0.2627716026437757
24,8,2,1.0,0.2769670965349338,0.0254766934083594,0.0,0.3893245313799184,4.545609292941293e-05,3.0819840768428027e-09,1.0695176970229815e-08,0.0008180502239525,0.5739367880840713,0.677509670166973,5.097562806296839e-06,0.7447714630661898,0.448818897637795,0.1486658195679796,0.1255634867792865,0.6736111111111109,0.3683409436834094,0.0667811153811519,0.5352839931153183,0.5915750915750916,0.0394283851129005,0.058829538618121,0.1717451771451568,0.1812692250340608,0.3135915710325278,0.0580833785931455,0.1286500801638219,0.166700953940987,0.2799456856338035,0.3463056476299998,0.4917901808853905,0.4435478793857217,0.5431532628026552,0.3730496414878895,0.4900841502172853,0.4384458514123679,0.5471381359915396,0.9117498570994628,0.1628498727735368,9.26304473904172e-07,0.1981981981981981,0.8659859604339502,0.7524504014257802,0.5995770076665856,0.8685790365772617,0.3163779209699862,0.1812152215357541,0.1553794224845546,0.214755685270265,0.2277444383027664,0.1201178279967501,0.4827544683581231,0.092378774807666,0.5078737561017419,0.951162655354114,0.1805902971074505,0.2236902191328711,9.73928184191043e-07,0.1673806511623102,4.5658627152594723e-07,0.164925354691795,2.5220197993900577e-07,0.2475233286092132
24,8,3,1.0,0.3223389653019244,0.0406160666091288,0.0,0.3197706940700194,4.546693603194687e-05,2.0971919266039703e-08,8.902820504082998e-09,7.295240266391542e-05,0.5713740631545295,0.6711326202152786,8.223904833551283e-05,0.808713372771411,0.590551181102362,0.2604828462515882,0.0877072913924717,0.6736111111111109,0.4231354642313545,0.0575951580500481,0.559380378657487,0.4468864468864468,0.0667914872854564,0.2767871988750111,0.2484364895470906,0.328604693206242,0.4092500239977188,0.2842743082576153,0.2343922780010614,0.2911149972164603,0.3301302028776341,0.5022743249387899,0.5752226294836663,0.5645052411884148,0.6263591615750156,0.5338964459450419,0.6007715824311395,0.5474580880696865,0.6075864090267049,0.8082773185267316,0.1272264631043257,1.6957988782190064e-06,0.192192192192192,0.5979578813018509,0.7466780418917685,0.6189776997197987,0.8595244731450595,0.3368589432726738,0.2361181117859293,0.116271666772634,0.2022685594528737,0.220396792180634,0.2529729147849376,0.3685163965221299,0.2646222024628215,0.3887604557512902,0.9244871597507393,0.2686384877421868,0.3238239667193385,5.292820836936781e-07,0.1209086045390666,3.045412093669107e-07,0.126856347751297,1.6302873269516998e-07,0.1882957618673105
24,8,4,1.0,0.2659354187826448,0.0176390606019862,0.0,0.2008905334429002,4.5455255864698994e-05,1.7918309487855632e-08,9.74944170634044e-09,0.0001019503011201,0.4921400734675624,0.5729388661018027,2.4364004494857336e-05,0.7276481562431802,0.590551181102362,0.2973316391359593,0.0763584897350075,0.6736111111111109,0.4322678843226787,0.0562763819975629,0.631669535283993,0.3882783882783881,0.0954615441014737,0.1192166110190842,0.1986518248122439,0.2121727422905599,0.2382817275941942,0.1213324142439922,0.1671033588359692,0.1846551233619871,0.1977082595122914,0.4357133972233624,0.5726069547855256,0.5271181231894619,0.5606682992770431,0.462716684958121,0.5750426854932527,0.5085247294681743,0.5608565706755564,0.6546378131769903,0.1908396946564886,2.7033763943546937e-06,0.2432432432432432,0.7855775366943203,0.6481483836540542,0.6596606026021954,0.934199838568555,0.3781159540280821,0.2792478916474676,0.0376893096298978,0.1577560095647781,0.1610681978633341,0.0662232146859648,0.4889523670046269,0.0539505016425367,0.5110409432840198,0.9732255418053012,0.229591355193763,0.2646498775725637,9.245797240308728e-07,0.0453863453369268,4.089299202439865e-07,0.0334941839877847,2.4673507836277e-07,0.0815673848475954
24,8,5,1.0,0.2784687769942767,0.0294066142497686,0.25,0.24306235804442,4.545846429702768e-05,1.1518934603766785e-08,1.3654338104226653e-08,0.0002562281925917,0.4872470464484112,0.3982216683714051,9.720748019970192e-05,0.7771558899048673,0.590551181102362,0.3697585768742057,0.060240414144073,0.5486111111111109,0.7412480974124809,0.024674714644883,0.5972461273666093,0.5604395604395604,0.0520776674773956,0.7739338365428474,0.6235914353682683,0.6226515910953153,0.6412832341805837,0.8007593265070767,0.5374793118335548,0.523749945618035,0.5897802469290264,0.7682195623266533,0.8177163081674238,0.7387255052423178,0.7640097269943189,0.7943634799295185,0.8039805789629088,0.6836812590269423,0.7548609595717335,0.5178136459571898,0.1653944020356235,2.315333560399322e-06,0.216216216216216,0.517549457562221,0.5083657903261667,0.2604136328830551,0.6341438215003499,0.5936264674613414,0.2808119102453114,0.0184822011841196,0.3380545776514785,0.3508174405142563,0.0117136735270589,0.5123213205935082,0.0126507571309103,0.5309994749804758,0.6534218638312511,0.5698636428014046,0.6260259056723078,5.411908572335294e-07,0.0235628631807697,4.128399509138694e-07,0.0364777579793069,2.227990230146615e-07,0.0874371336711961
24,8,6,1.0,0.2506542140533408,0.0205977095035749,0.0,0.1823593970936581,4.5469779032964095e-05,6.098286128516794e-09,6.693510030343507e-09,0.0002429375392095,0.2444828201079862,0.3808744752126551,9.764401260852578e-06,0.5287896218247894,0.5196850393700786,0.3062261753494281,0.0671439852592787,0.6736111111111109,0.5570776255707762,0.0423727144727903,0.6798623063683303,0.5586080586080586,0.0638683586809895,0.1687616694906144,0.3798514312671374,0.3762691947378533,0.4311899104558324,0.17915492698291,0.3689998131035651,0.4116824518392696,0.3807487898243769,0.459872028722382,0.6763747673915019,0.6108731477048215,0.6572188750403472,0.4952563429386944,0.7015193770852537,0.627810367933226,0.6553932429700204,0.7386633307718586,0.1730279898218829,2.4381804720422044e-06,0.201201201201201,0.7051691129546904,0.7408457008016613,0.5855177450344025,0.8673101694439187,0.4128436857771689,0.1261384321617067,0.062005306280211,0.1998827993249174,0.2438240326940148,0.0501230957936566,0.534442867025334,0.0337292295027009,0.5468861893564357,0.8731756679924153,0.3976439241994662,0.4394886392228851,8.029283347102245e-07,0.0607475628032435,4.088643048102066e-07,0.098110871999409,2.403134742802813e-07,0.1109879863791195
24,8,7,1.0,0.249510198294131,0.0233469768065456,0.0,0.1828405637050917,4.546259230699741e-05,7.836920637061067e-09,6.062603415349712e-09,0.0001629994158495,0.3724617726542354,0.3648885102812517,1.6320199581425513e-05,0.6500686035572023,0.448818897637795,0.2083862770012706,0.090412441966561,0.7083333333333335,0.3911719939117198,0.0654187749283053,0.6419965576592082,0.6611721611721612,0.0443799135347055,0.15337174681577,0.2504194790751858,0.3189264320612338,0.4153713087213316,0.1523568547478512,0.1928443209478431,0.2841051007643422,0.382242526354076,0.410382726232863,0.5529353796633822,0.5375194982273821,0.6115209235712903,0.4376946700195517,0.5464062196723442,0.5219882987551088,0.6170759073268678,0.7184363595336367,0.1806615776081425,2.5674172925276577e-06,0.192192192192192,0.8391831525207403,0.6939152936544244,0.5670531474255567,0.7725589576693146,0.3547409353312531,0.2470745817926111,0.2890804786894447,0.4699738212980913,0.564897769495968,0.286994012289175,0.5480393344595558,0.2346425190333993,0.5652421195188121,0.913549123983916,0.1632949776197067,0.2007075581954978,1.2100425632449668e-06,0.4071727319005352,4.6310972451588566e-07,0.3828057516511853,3.0803784481553546e-07,0.3729756100958589
24,8,8,1.0,0.3633226475496768,0.0951001429591864,0.25,0.3625740257761218,4.5463660562981126e-05,8.128585632502543e-09,1.1181896644208094e-08,0.0003045915842336,0.5334942945068629,0.7108639894228631,6.3418297801081416e-06,0.8175416173039567,0.448818897637795,0.1969504447268106,0.0956734934278933,0.8611111111111114,0.2800608828006087,0.1086705949797764,0.4888123924268502,0.4395604395604395,0.056098145101445,0.1571363273464884,0.239793333202674,0.3677534104354696,0.3475425833420658,0.1540381889569967,0.1918272206102425,0.3071229956688706,0.3297297842639086,0.3546485768485252,0.4743842979443023,0.5176014803581546,0.5014655024808096,0.3849580667312045,0.4853255389840577,0.4914685512463301,0.5252467295356457,0.821657972263357,0.1526717557251909,1.3759574470608792e-06,0.1771771771771771,0.6783663050414808,0.7178553737648143,0.6296440430202797,0.7577818146432982,0.3301572825525875,0.3358125528542853,0.3435456271657766,0.3867879324510339,0.4341964910726528,0.3706048086656103,0.4575968699577729,0.447677307927022,0.5113203588967182,0.9061500950731504,0.1844236359812401,0.2249509928417301,7.726706711918427e-07,0.4015293841358975,3.735518351996219e-07,0.4370441130440773,2.3700917094929257e-07,0.4871112488355482
24,8,9,1.0,0.2821901651341882,0.0244604047793591,0.0,0.3280244666738232,4.546670593859029e-05,4.3644377068864186e-10,1.1554626033069637e-08,0.0064264688844541,0.5621069676227496,0.7116917189151403,1.870360720240025e-05,0.8258240528452365,0.448818897637795,0.1994917407878017,0.0944578716887219,0.5486111111111109,0.3242009132420091,0.0644492954432564,0.5043029259896729,0.3534798534798534,0.0802717698600111,0.2632172100385914,0.2456024149733167,0.3020954096774345,0.3539036389818168,0.2526054676318983,0.2167696730984993,0.2581975982673561,0.3234296721279324,0.4513257653152138,0.4938721811347785,0.4745018342179746,0.5198563382248507,0.4719428042475337,0.5177239661321557,0.4540058867290256,0.5262143607339007,0.6600439097479622,0.1450381679389314,1.0574174124967404e-06,0.1861861861861861,0.517549457562221,0.7087893948738224,0.6101049807414078,0.7666838178869435,0.3243365594825206,0.2786335510211417,0.2620409418621595,0.3550572747233751,0.4303930436110597,0.141846703045213,0.4673610173817145,0.1212290706645741,0.4913231447927579,0.9214754168195708,0.164493857527122,0.2021340524699132,5.156848604880072e-07,0.3541314806729696,3.328513573835799e-07,0.339629323148887,2.590224509953575e-07,0.3768179496075234
24,8,10,1.0,0.3469672021588158,0.0844971196468727,0.25,0.2990863281373582,4.545387558382169e-05,1.1091662702111844e-08,1.4575260828183546e-08,0.0002869114355774,0.4620649145006924,0.5191899249837912,2.0481355658688645e-06,0.6422113853877033,0.448818897637795,0.3494282083862769,0.0520103452454071,0.5798611111111112,0.6270928462709284,0.0321236976441057,0.631669535283993,0.6575091575091575,0.0435817717134,0.0985693535944252,0.1020342568532497,0.2906477319972527,0.3748771747043571,0.1071608416464525,0.0924101193565663,0.1994261101950566,0.3473641727647353,0.4576884853955483,0.5640810136818839,0.5989550974834348,0.658135869726421,0.4910592634931801,0.5765205960378632,0.5546630601839602,0.6650997329390013,0.7574240300913067,0.2010178117048345,1.9820502229390077e-06,0.2132132132132131,0.7051691129546904,0.7219936028167626,0.5589735867824492,0.9085759395056514,0.3478528084537896,0.2421315003309101,0.038408903502196,0.0345928710172147,0.0564031360904146,0.2860768671556856,0.6899600520048615,0.2821514828872211,0.7146162779917268,0.992076104057422,0.1781012582318629,0.2042372072995978,1.001626319327006e-06,0.0331170241311949,4.858543613139008e-07,0.0360033947029857,2.474269656605412e-07,0.0232124313555519
24,8,11,1.0,0.2479778708068175,0.0201630468108253,0.0,0.1273306969461034,4.546267233840003e-05,2.1631974708245963e-08,8.762342741796973e-09,6.822417700533657e-05,0.3896774198287733,0.2640382246343243,4.793487069847231e-05,0.4955602704224624,0.448818897637795,0.386277001270648,0.0463260251801639,0.5486111111111109,0.6012176560121765,0.0321586584771804,0.8485370051635109,0.6098901098901098,0.0774055215679996,0.4318095878945309,0.3179571554038055,0.4148973454917571,0.5392746702394385,0.446223233254101,0.2508254341254,0.3887217371214578,0.4822448584687162,0.595566183467678,0.6571860037021031,0.6442725398268433,0.721313535538809,0.6206172172787129,0.6407262375293914,0.6226658397074022,0.7096854030630557,0.7873561524198327,0.1653944020356235,1.412949976402958e-06,0.2042042042042042,0.7855775366943203,0.7837935247035013,0.5597379134287408,0.8910583222818897,0.4442333088132781,0.1399426230569824,0.0436306651407485,0.1371482854658245,0.1539635269192645,0.0403108423351776,0.4806557333846278,0.0260314920911971,0.5153149378340185,0.9310671658323426,0.3159296012055578,0.387725622822428,5.458609412915223e-07,0.0575195354762539,3.565831892973065e-07,0.0721813861377138,2.7690163748755524e-07,0.0779690997366318
24,8,12,1.0,0.2732625039518404,0.0225042901784822,0.0,0.1960722811419749,4.54519675493174e-05,2.5005771390297005e-08,8.969292781611988e-09,5.66823787285302e-05,0.4707968373356859,0.5978833770108708,2.0889502384531887e-05,0.6968538164039283,0.5196850393700786,0.3062261753494281,0.0671439852592787,0.5798611111111112,0.430745814307458,0.0496910757949279,0.6230636833046472,0.4542124542124541,0.0759982111174398,0.197205064936525,0.3126839052061127,0.3407294379380807,0.2776362301408047,0.194037098692858,0.2295875865901324,0.2421887072952062,0.2357522742181232,0.4452841701162559,0.6058553513565391,0.5593277855550856,0.5331352358156309,0.4687548285103556,0.5809488406006931,0.4992925680948126,0.5295728160394897,0.5537218408616766,0.2188295165394402,1.0574174124967404e-06,0.216216216216216,0.7319719208679003,0.6851900577869645,0.5225138595907097,0.8496072949647444,0.3838760938504639,0.3243523682268279,0.1204618254721445,0.2473496126056293,0.2556308937069977,0.3170580934449578,0.6039566751243277,0.3179201424956341,0.5889319890967164,0.9044598447249106,0.3147168510371478,0.3225046489662118,4.1965809903477147e-07,0.1483926979810916,3.658567740363973e-07,0.1466288345134759,2.7251653173385e-07,0.1499191123585478
24,8,13,1.0,0.2327567178888676,0.0177042552725379,0.25,0.1750657409151568,4.545705266613906e-05,1.6875293779554585e-08,6.159658664926193e-09,6.0028227895011634e-05,0.3909542816295063,0.3372552891235557,5.0277182253748375e-05,0.504635006827924,0.448818897637795,0.1969504447268106,0.0956734934278934,0.6736111111111114,0.4292237442922373,0.0567101322606726,0.6058519793459552,0.4560439560439561,0.0726711578110328,0.2618948051403458,0.2231834974032505,0.2789651974322465,0.2915727124034088,0.2707765694052801,0.1777109502312664,0.2552138685979102,0.3143109352331378,0.4998948496396271,0.5708422907485131,0.546688617655309,0.5710830391764747,0.531430866386475,0.5716323639087715,0.536032616540937,0.6089724336216638,0.4445827507372737,0.1450381679389314,2.3767570162207632e-06,0.2042042042042042,0.7855775366943203,0.6004441691935694,0.6228165212524575,0.8232002583064069,0.3149419562977411,0.1179453792919162,0.1823432020642481,0.2965268328688768,0.3649534082026946,0.298190378079898,0.4760180549530743,0.2764246976320066,0.4891741986532185,0.9393378630081932,0.1679792905781277,0.2067579625858767,8.121267736827522e-07,0.2311182272200142,4.265267255868748e-07,0.2247759354055938,2.426387627813917e-07,0.1734608125836638
24,8,14,1.0,0.2858447256208036,0.0209346264031763,0.0,0.2035513659364191,4.545566961394848e-05,1.4947873313564412e-08,1.4020688764101922e-08,0.0001959424680353,0.5817607592243986,0.6228395945436039,1.120017013379584e-05,0.8446934855181641,0.590551181102362,0.2452350698856416,0.0933115467327549,0.6423611111111112,0.5144596651445966,0.0444843119203708,0.5370051635111874,0.4725274725274725,0.0578476295014463,0.0866732084449323,0.232891637813053,0.4195981864589184,0.3477675256570272,0.0930668707722112,0.2182815741067104,0.3939073169764351,0.3627786232959181,0.4126162802946709,0.5856908731783432,0.6302092591122246,0.6098428807730563,0.4518459486302607,0.6092198923765291,0.6178692539707777,0.6448099274228694,0.7216304104414135,0.1832061068702291,1.3056304618183949e-06,0.2312312312312311,0.5711550733886408,0.6451753613433628,0.509865732275947,0.8258913637309981,0.4239056527253481,0.2320919877717243,0.1241261682086045,0.2305925613886721,0.2853828962223099,0.4276140971367899,0.2439944980654456,0.4424391796388124,0.2345371983405252,0.9518230859840844,0.1751367779475294,0.1924802987696466,6.508022313276791e-07,0.1795840619653324,4.0529801761861433e-07,0.1333940990631161,2.439262234972951e-07,0.1229151838066922
24,8,15,1.0,0.2972693779977846,0.0263948106393244,0.0,0.3669215735872279,4.545367158222697e-05,1.1409521901808661e-08,1.5173807835036256e-08,0.0002904098109901,0.5306889294508091,0.6287269302179439,7.393670182941506e-05,0.8099145353695971,0.5196850393700786,0.1715374841168996,0.1211387366691394,0.6736111111111109,0.4672754946727547,0.0516707791271506,0.4543889845094663,0.4578754578754579,0.0468206944126434,0.1041513749551503,0.1760717539302846,0.2376321296372805,0.39442947896633,0.1084863954510468,0.1538119025386251,0.199923286999542,0.3604104427132801,0.4109252351113637,0.5383395378903858,0.5207690125807287,0.6251369951211976,0.4456414689948126,0.5548509327812375,0.5046385464786705,0.6325080559049348,0.6705642847372002,0.1857506361323155,2.315333560399322e-06,0.2102102102102103,0.7051691129546904,0.6397471703144153,0.6005723078537137,0.8231013634922375,0.3535664078526594,0.2872854193161146,0.1368750775485603,0.1296203698989286,0.1689026272134854,0.1945078640031609,0.4689708824203324,0.1542978138240905,0.4818631890233656,0.942216312601272,0.2168985005587713,0.271194719151283,7.261974135756289e-07,0.1191311139669663,4.445149961851072e-07,0.2013984080096918,2.527454607105396e-07,0.1823281201650509
24,8,16,1.0,0.2961929565101596,0.0345319225092478,0.25,0.4480025329919005,4.5469979244316976e-05,4.235146263956188e-09,1.2465936988784024e-08,0.0006853182274333,0.5811841677620745,0.5974907653304652,3.9734830016548144e-05,0.7780084610111383,0.448818897637795,0.3329097839898347,0.0549393500256201,0.6527777777777779,0.4429223744292236,0.0533298992394042,0.3958691910499138,0.4084249084249084,0.0453477059401812,0.1426549657195066,0.1703179806458289,0.2413904185708943,0.2871880286058534,0.1430310960801553,0.1370026001706622,0.2009300732553603,0.2885857927216086,0.4120602904620109,0.5061484933774154,0.4973542665977333,0.5399215047141539,0.4407485681159467,0.5131067100310968,0.4768989043658241,0.5672079185598433,0.7540785507878733,0.178117048346056,1.609657842603703e-06,0.1981981981981981,0.7319719208679003,0.6949191213669321,0.605259558787945,0.8925187684220028,0.3470666080605991,0.3868710229246396,0.1416528911453664,0.2371121036488142,0.2908601265768022,0.5093050821527727,0.1674826213755607,0.5686772492426178,0.1336400624215309,0.9340024631026552,0.223235951232679,0.2661364643073873,9.867182083319308e-07,0.1384007960001169,4.326359104774531e-07,0.1423191996842498,2.1821080132554013e-07,0.1754097791569349
24,8,17,1.0,0.3243553400742288,0.0493950425972695,0.5,0.2802578614654175,4.546619343570346e-05,1.1830419877712023e-11,1.0152809374954182e-08,0.2005546822970788,0.5130648742408476,0.7079910486078791,9.61012343697694e-06,0.7734574399927019,0.5196850393700786,0.2617534942820837,0.0793465726848196,0.6111111111111112,0.4261796042617959,0.0525698816626561,0.6127366609294318,0.5421245421245422,0.0571539229293001,0.2879280424963477,0.3398578006330853,0.3028337850655996,0.3578479704158823,0.2878975130415196,0.260167121354117,0.2411307464643753,0.3464628617102924,0.4995163736444374,0.6218772407112898,0.5311091293450914,0.5785989884789023,0.5269311445401877,0.6044771007329672,0.4978392440332637,0.5983545201478698,0.5804656495826799,0.1501272264631042,1.4888592095510174e-06,0.2072072072072071,0.6247606892150608,0.7464166812605169,0.6363891494101672,0.8584958169617596,0.338478239550461,0.3018209260832198,0.1482738389298818,0.3675552220682394,0.3811347985072033,0.1171688378890449,0.5015519684691825,0.0925634936806693,0.5251166658715479,0.9302913248462806,0.2062188121384742,0.2485983075007393,5.827507537908643e-07,0.2089899109707246,2.824559923214462e-07,0.2390707771006898,1.812755601978333e-07,0.2066520110484648
24,8,18,1.0,0.3145484364393814,0.0375951812015265,0.0,0.1696792911116971,4.5460183324467127e-05,2.2137676551145508e-08,8.364127994081601e-09,6.16954520533093e-05,0.4844873132315462,0.6461299354417301,0.0001152654312076,0.73003586529187,0.6614173228346455,0.3176620076238881,0.0777696341533821,0.7708333333333335,0.4490106544901064,0.060773337260905,0.5542168674698795,0.5641025641025639,0.0455863406106765,0.1830004587134992,0.4130095920026068,0.4290876061178822,0.4018601842196951,0.186496400513251,0.3609402716462467,0.3771735580060284,0.4078246807733391,0.4292147844913015,0.6723545322130375,0.6097697340443596,0.6024686746499471,0.463124003814921,0.6839978868357728,0.5871611876249765,0.6367205332458084,0.7306922654338961,0.1501272264631042,1.881755945299061e-06,0.1951951951951953,0.7319719208679003,0.7582347068386461,0.4552326964802233,0.7755540678311021,0.4059981420625341,0.3446671427220238,0.2055836768561436,0.3841339505433749,0.4210782559196513,0.2235013455400335,0.4621099181707594,0.2408572905834896,0.4771267977278011,0.9213037367038964,0.2042162089775453,0.2413777614534912,6.933365230125541e-07,0.2996428879389948,5.462499933490567e-07,0.2600509726717542,2.947272506504555e-07,0.2972756764141625
24,8,19,1.0,0.3013442496731406,0.0401824812282683,0.25,0.2939114719545623,4.545347034387213e-05,8.066362416070038e-12,1.3627893629380321e-08,0.3824536830223859,0.4723489475015564,0.5501749753411936,5.320981301980217e-05,0.6181429145587577,0.448818897637795,0.2210927573062261,0.0851423040605631,0.5798611111111112,0.5509893455098935,0.0375209063376175,0.6247848537005163,0.6227106227106227,0.0470241808826941,0.1380050485454784,0.2992674884541751,0.4541131764510556,0.5006645769951868,0.140301845056592,0.2223758663638858,0.4118561056726452,0.4833414509658972,0.4386625391160698,0.624479350556476,0.6481347384827364,0.6892321372994615,0.4663357875965815,0.6040474205631134,0.6235044474849086,0.6994393591150213,0.7436141484839336,0.1323155216284987,1.4888592095510174e-06,0.2102102102102103,0.7051691129546904,0.5560449618852137,0.3584112059769255,0.6908564463197799,0.5235434350926742,0.2515224135056787,0.1234081741503021,0.2323788415310306,0.2913170874534323,0.1281097601315413,0.5222410610837934,0.1085576919199264,0.5296229345852532,0.9476855105222294,0.1917832055957106,0.2213748613138016,5.350636540552468e-07,0.1778676019743696,3.582338265100548e-07,0.1470531914274227,2.064602119425421e-07,0.1685222611282641
24,9,0,1.0,0.3676619632046864,0.0775020392199483,0.25,0.4161992130173418,4.651744976383284e-05,1.427813997034691e-08,1.3106532970164085e-08,0.000191518992937,0.5638235364307768,0.6574581029015693,5.637033438817993e-06,0.7994312011210785,0.448818897637795,0.1969504447268106,0.0956734934278934,0.5486111111111109,0.3729071537290714,0.0555459829531095,0.4406196213425128,0.5036630036630035,0.0375030446497785,0.1122407401395264,0.2404664956720313,0.2947541110400685,0.3036390283043334,0.114904239053219,0.1790886233316488,0.2184508199809375,0.2495359207268503,0.4034302041617427,0.5663550197613243,0.5411311293226129,0.5614973084673249,0.4360672909470311,0.558319077363345,0.5012531000430707,0.5582360100974555,0.8242445194558004,0.1730279898218829,1.8340882519232909e-06,0.2072072072072071,0.8659859604339502,0.5860213186715488,0.3664084420831175,0.8230567850874113,0.480723484368054,0.3861032662205854,0.0807516907359292,0.2566791368412093,0.3058531550873886,0.0865029656701391,0.4867153984517661,0.0740176950271784,0.5119391711543015,0.8963394730979644,0.315251213140751,0.349643042335669,7.483268419329285e-07,0.100475810925532,3.562729226139229e-07,0.1267307162781082,2.014857178500512e-07,0.1241254641877195
24,9,1,1.0,0.2772432428392951,0.0216963226737803,0.0,0.2079055002049182,4.648881497551343e-05,1.2390437959523216e-08,1.2656239122740946e-08,0.0002169655607167,0.5320569137900545,0.6560429028705528,1.406474563314563e-05,0.7872928057986894,0.5196850393700786,0.2223634053367216,0.0938315291870079,0.6423611111111109,0.4596651445966513,0.0504828926142952,0.4716006884681583,0.401098901098901,0.0611307635549533,0.0641102957828204,0.1125353402920979,0.1943979073000467,0.2910159729234407,0.0656177882337459,0.0891325567161227,0.1698185351656235,0.2768130890735911,0.4173924213509649,0.5354131766353931,0.5288133274961307,0.5970258487178532,0.4446219259332048,0.5378737558441301,0.5106060395544632,0.6088495921590276,0.6584203148105838,0.193384223918575,3.875100578863906e-06,0.246246246246246,0.7051691129546904,0.6679935851819794,0.625318364472454,0.9168494598171896,0.3804812263083197,0.2992023507240844,0.0842921773095893,0.0518201806347622,0.0765941177654627,0.0998675449640729,0.5910098790668747,0.0747544344879349,0.5860136077068163,0.972867008475698,0.1815956084718258,0.2053448294576217,1.2896316081184391e-06,0.0750688468998256,5.139968477749157e-07,0.1150101174539962,2.824560836757385e-07,0.0934664803401819
24,9,2,1.0,0.3789717185503603,0.0943668330295856,0.5,0.341442027883974,4.651642302706213e-05,1.5549556259129297e-08,1.1621738425220597e-08,0.0001507317834826,0.5820239361036298,0.7496847751883859,8.436339665891112e-06,0.8297559497094587,0.448818897637795,0.2109275730622616,0.0893128348142825,0.6770833333333333,0.5007610350076103,0.048053686504928,0.6161790017211703,0.521978021978022,0.061104871108601,0.1331373884530271,0.1610710175861378,0.2919760825133503,0.3664638024666825,0.1326210114012473,0.1351010104114522,0.2547170726137457,0.3647938190429152,0.3972295470850892,0.4871047238866884,0.5197109330429159,0.5799341915244309,0.4254610675431791,0.5001432366358454,0.502574689350102,0.6061808367510099,0.7306922654338961,0.1297709923664122,2.0348057760975293e-06,0.1831831831831831,0.7587747287811104,0.7399396707799415,0.6188687826826724,0.8564284779657263,0.3301531119890076,0.2426558054172045,0.1290072632427495,0.1578177597581012,0.2000745168604749,0.2100931708257251,0.5571296286465072,0.1929199964026315,0.5739375373252303,0.9318364481432092,0.2438854459244973,0.2863248590766025,6.408842948073519e-07,0.1322631473380885,3.663422665402586e-07,0.1280546267536997,1.7252505676184664e-07,0.214685462434915
24,9,3,1.0,0.2725110766403044,0.0334921640106816,0.25,0.1610174134782941,4.651165390934458e-05,3.652892561397027e-08,4.696960814243945e-09,1.1777995216285351e-06,0.3555685114183705,0.460379848257596,3.1975834121919015e-05,0.5851153419000437,0.448818897637795,0.2109275730622616,0.0893128348142825,0.6736111111111109,0.3972602739726027,0.0616386196252572,0.7779690189328743,0.487179487179487,0.0933503573875348,0.1738062681148991,0.257363358920717,0.2879496090912992,0.310920029894461,0.1777644741907504,0.1963360484753434,0.2289839601029904,0.3126381839180788,0.4405740083069243,0.5787046794073707,0.5380716360943144,0.5668872181940071,0.4723619695445178,0.5713664847195064,0.5082580448543156,0.5950431463058239,0.7277395758083722,0.1577608142493639,1.5687168779803509e-06,0.201201201201201,0.4907466496490109,0.7621128349700217,0.6496637392963196,0.9016071781940088,0.3406874111840113,0.1741126359969631,0.0925805841516462,0.1698536180630296,0.2111065657763187,0.0824432398464735,0.46278391272796,0.0698332531696866,0.4882606765177001,0.9475748785977643,0.2260860279542731,0.2795273409019339,9.939443775280438e-07,0.0980845583241336,4.4284490209800405e-07,0.1043133739047678,2.581012554764657e-07,0.1746111699631226
24,9,4,1.0,0.2617638652183897,0.0239810056409958,0.0,0.1603872885930363,4.651640394500396e-05,5.211886774481871e-09,7.825385692336466e-09,0.0003408904006953,0.3406214130481061,0.5510608807124175,9.952739933307458e-06,0.6904337106434277,0.590551181102362,0.2198221092757305,0.1042087098944166,0.6423611111111109,0.5159817351598174,0.0443349059300892,0.6970740103270223,0.5732600732600733,0.0637567641213902,0.1783520146963574,0.2916181550295881,0.4295618511552229,0.4167319662889436,0.1821118427020188,0.2450146794762109,0.3804944193368025,0.4155354457966693,0.443164327305551,0.6014916997311238,0.6225941935774242,0.6286987014446994,0.4745383832555969,0.6058940916658179,0.5982972715990458,0.6534581763632229,0.8009904898445495,0.1577608142493639,2.1430609739925736e-06,0.216216216216216,0.6783663050414808,0.8109488182040328,0.5025093642262153,0.8524212034830003,0.4173308906663606,0.2239347271670637,0.1458365433568851,0.1177584084419973,0.1497414510563932,0.1412053952866386,0.5578541894104395,0.1165198275247661,0.5669944809353399,0.9498069519994814,0.1880409417538555,0.2195972738258873,7.4162517226204e-07,0.1501284647771981,3.372211020546601e-07,0.1319761090233377,2.2915543521779362e-07,0.1861666282569528
24,9,5,1.0,0.2550941267993062,0.0210939036889888,0.0,0.1297325966951455,4.650462940046153e-05,8.563171991579818e-09,7.846446590331684e-09,0.0001956262766125,0.3187407805580637,0.3426747252353889,5.292156545934135e-05,0.6134170026092967,0.5196850393700786,0.2833545108005082,0.0729787525642894,0.6111111111111112,0.4961948249619481,0.044360159760908,0.6729776247848538,0.5604395604395604,0.0625987513843132,0.0977922023807933,0.1970387373833723,0.2947066203198465,0.2899072192944286,0.1049244199730554,0.1681739188564845,0.2612518492667993,0.2952813126600514,0.4368180157010255,0.5854377687501048,0.5810768608538848,0.6000322077127904,0.4721702374120061,0.5939138154873411,0.5634300865979728,0.6269268087429822,0.7653144331977351,0.1730279898218829,1.7864205585475206e-06,0.2312312312312311,0.7587747287811104,0.5671007252821458,0.4220597500351415,0.8468642666935331,0.4416952535653436,0.1640550280424688,0.090059643689321,0.1283804837473676,0.145025096436723,0.1808544156773407,0.4033031828691027,0.1465103520674712,0.4405445770102858,0.9664963386917363,0.1984067534738565,0.2384274938340117,1.0080454584873051e-06,0.0773328242397276,4.2127807878491413e-07,0.0902139932175256,2.234108129871803e-07,0.1066259770764794
24,9,6,1.0,0.2678460954378915,0.0247789163728976,0.25,0.1233645002102865,4.65123845944773e-05,4.115629180040275e-09,8.400086939649907e-09,0.0004730879627689,0.1652930803980461,0.5163338187566222,1.5133048755276005e-05,0.7409821944769268,0.448818897637795,0.2109275730622616,0.0893128348142825,0.6423611111111109,0.3668188736681887,0.0644392058377558,0.7796901893287436,0.5274725274725275,0.0841894783858084,0.1138724517442992,0.1686550961936485,0.262540838294767,0.3014367930433157,0.1192260669044656,0.1550180516390065,0.2248213130142997,0.2948377236860103,0.4000165445393811,0.5124853095424686,0.5170097663808202,0.5552550246088104,0.4387196958583715,0.5412626802458631,0.5052657415443625,0.5843719610420798,0.6452266464313112,0.1552162849872773,1.412949976402958e-06,0.2102102102102103,0.5443522654754309,0.722392065539716,0.6337520306130298,0.9204573435400594,0.2794365144123471,0.2528181718896822,0.1928718445225644,0.2369141692576108,0.2967759191999795,0.3064325439392408,0.618462014349838,0.2593024138146579,0.610989124723258,0.9410513292245934,0.1631502203267267,0.1924859579026512,8.197502188491047e-07,0.205407171583989,3.846057572079223e-07,0.2388281468678554,2.8117403321763335e-07,0.2332367591492977
24,9,7,1.0,0.2982148901364798,0.0327515186357261,0.0,0.4420883096543994,4.651633216917289e-05,2.5328760919745648e-08,1.1191146624372181e-08,7.625040056883821e-05,0.4565781983199005,0.6467736825538201,1.7225146000487703e-05,0.8097299386590671,0.5196850393700786,0.1728081321473951,0.1202842853382469,0.6423611111111109,0.308980213089802,0.0770103998046568,0.542168674698795,0.3809523809523809,0.0799907040454064,0.115685705097029,0.1811783488019768,0.2589533474234519,0.3208618801039952,0.1162400139597936,0.130267246961199,0.2328073079537403,0.315836560850012,0.380058901934056,0.4944711914877487,0.4914430038425282,0.5441839750433204,0.4115282569188607,0.4919849104781701,0.4843500868342393,0.5712081452375372,0.8162446674329393,0.1374045801526717,1.609657842603703e-06,0.2102102102102103,0.6783663050414808,0.8855383670295889,0.6688770850298207,0.8274201619132278,0.3156586994860899,0.2475345882584959,0.2555899738699869,0.3077546433986375,0.3709618867055324,0.3391002075253124,0.669113219562696,0.3126006132688979,0.666315039855278,0.9289384873643752,0.1569195069858385,0.1912804726377641,4.718289028183026e-07,0.3337105457960162,3.123239481165037e-07,0.3000972647134174,2.5158480554491243e-07,0.3424435925477883
24,9,8,1.0,0.2663877518537819,0.0227146667107816,0.0,0.2266736082137891,4.652024377592099e-05,8.176926895948384e-09,1.2726514236075321e-08,0.0003471686430391,0.4408552388459894,0.5026607675167248,4.082786516702807e-06,0.6871736953227991,0.448818897637795,0.2007623888182972,0.0938603626982816,0.6736111111111114,0.4414003044140031,0.0550088205490577,0.629948364888124,0.5769230769230769,0.0540746053933892,0.1659192009646833,0.1747648098104296,0.1909010550048643,0.3465472937002531,0.1759739755367314,0.1405523977142568,0.172928338589123,0.2819546344348211,0.4568322754765747,0.5550106590522456,0.5122406118273631,0.6123351228675618,0.4924111199058178,0.5628153427051912,0.5067852909724808,0.6064230906056319,0.5421641055203064,0.2086513994910943,1.881755945299061e-06,0.2312312312312311,0.4907466496490109,0.7360080316929922,0.6252889102958905,0.9075991776778908,0.3882918559635391,0.2257877258598557,0.0817382127182138,0.1220724733361851,0.1374519355303571,0.3662367274893092,0.3537267760965066,0.3113705318748688,0.4079597586871282,0.9735616210791468,0.1703780020177125,0.2133864102179997,6.261870904781472e-07,0.0954917009998472,5.413620493056547e-07,0.0915495486981445,2.613958880701235e-07,0.0941708869518999
24,9,9,1.0,0.3062575573838246,0.0383961661290045,0.0,0.292563343617327,4.650796408685991e-05,3.9885001996908876e-08,1.0519082059484068e-08,3.284353342418367e-05,0.4584124040611258,0.6570544974036567,0.0001865308585581,0.7718451373559252,0.590551181102362,0.2477763659466327,0.0923338573275964,0.71875,0.293759512937595,0.0889622775616175,0.4096385542168673,0.4212454212454211,0.0455058467378841,0.1426765948926618,0.1671596469385151,0.2816628256965079,0.249506918357212,0.14210400082129,0.1325673398362833,0.2523649775476547,0.2535550643240565,0.4193488161726338,0.5142714404695976,0.5309720351674148,0.5268356642404772,0.4453845655249369,0.5166721843715959,0.5152132208104857,0.5525051989303457,0.8422066196717441,0.1628498727735368,1.4499425057450368e-06,0.2042042042042042,0.6247606892150608,0.5604941851640617,0.5076630335389067,0.7592370843663976,0.3732867913153276,0.4016069416518724,0.1674735079098981,0.2587217226959042,0.3200167062071668,0.1937986401550656,0.5643769384818093,0.1873309342782166,0.5744532452801816,0.9509430290900578,0.1336149303033816,0.1593567873422507,8.842850035657248e-07,0.2223863059817648,4.190115590193176e-07,0.2238094458875121,2.46682346235914e-07,0.2173962893944443
24,9,10,1.0,0.271286573526408,0.0284013065124555,0.0,0.4027508140351262,4.6510775815346726e-05,9.803331230036008e-09,8.112189724565081e-09,0.0001732536046603,0.4261524708814048,0.5091161648141646,3.434165269495728e-05,0.697263971758538,0.448818897637795,0.3608640406607368,0.0501298037147752,0.6423611111111109,0.5753424657534247,0.0390951588200357,0.4784853700516351,0.7582417582417582,0.017286355921566,0.1006084572074185,0.3015933744736573,0.3531274855688377,0.5943705898447762,0.1017440304282207,0.2398199817585523,0.2906645653709766,0.4854209703454473,0.41586532505141,0.6233256749071373,0.5915074131524688,0.7376249124592655,0.4430755556695294,0.6126937677675007,0.5555774636163854,0.6990871171840068,0.7904771015640151,0.1653944020356235,1.340793954439637e-06,0.2222222222222221,0.7319719208679003,0.5986728676814601,0.3395079728912025,0.8508708872425008,0.4380411222214725,0.1290418908440835,0.0921094350757379,0.2965941488542556,0.3676900759809678,0.3343563776421979,0.3718655073477662,0.3443574453084266,0.3916640344099719,0.9209480175559326,0.2765889308563681,0.3114650857389521,7.142545499372518e-07,0.1090699696509542,4.268796571797157e-07,0.1137246996969493,2.2445145978989946e-07,0.1380317347957853
24,9,11,1.0,0.2551969495949248,0.0190062184682967,0.0,0.141443398863758,4.650880610798375e-05,4.603175717415329e-09,6.880989186330161e-09,0.0003417674495039,0.283769714439123,0.4546590355016485,3.529603493425477e-05,0.621840982887264,0.448818897637795,0.2337992376111816,0.0803913915640231,0.5798611111111112,0.4672754946727547,0.0453700371400531,0.6506024096385541,0.5091575091575091,0.0686735787015752,0.0873915851317301,0.1964425788210007,0.3724156648613819,0.4862405983922788,0.0856729256442951,0.1767501486032892,0.2709850948312046,0.4578593791813394,0.3672476721163219,0.5127003967874791,0.5723874621175667,0.6569350654161907,0.3915826183753406,0.530255131020126,0.5105272988577331,0.6644471510130109,0.8484415184949041,0.1755725190839694,1.4888592095510174e-06,0.1891891891891892,0.8927887683471603,0.6576435344431797,0.4931958491882602,0.7350761776678554,0.4023838273608635,0.1694472385027261,0.1720665427849403,0.3038192274258342,0.3476008844906002,0.326680063913379,0.4534861618839846,0.304372808129642,0.5068915682948694,0.9414847317499287,0.175455153645787,0.2203405130989868,9.043807026650244e-07,0.2218689440893602,5.004893671622747e-07,0.2224671536562624,2.450281415370756e-07,0.2457694050989885
24,9,12,1.0,0.3717058306582246,0.0858798544427282,0.25,0.5406581443417893,4.6516315680863015e-05,4.151350783716759e-09,1.3787722272988912e-08,0.0007749032922632,0.7189953787901601,0.7208970100926809,1.834946619706003e-05,0.7783821900776873,0.448818897637795,0.2477763659466327,0.0756782199611473,0.6458333333333335,0.5281582952815829,0.0433769062503884,0.4922547332185886,0.5256410256410257,0.0421688761585036,0.1141968578183037,0.2425385732317224,0.3870124608585359,0.4087174941078168,0.1162675787350385,0.1423855551482556,0.3757712090058912,0.4207522056878146,0.3854331999673015,0.5475424048384756,0.5826056818740578,0.6075479540107188,0.4195592885526124,0.5114693426011798,0.5864896748895124,0.6452015029788847,0.7992494110181276,0.1475826972010178,2.4381804720422044e-06,0.2192192192192192,0.7587747287811104,0.6248818327189243,0.4944815710245169,0.734201269299231,0.3958121310645821,0.4397300846527812,0.1337296940385011,0.148665442341233,0.173654433150981,0.0671341193521351,0.5278688255122453,0.055868091720394,0.5316319497174274,0.932579406400919,0.2428041267301899,0.2789019272807438,9.731836393496638e-07,0.1339766301279777,4.334715047448488e-07,0.1702953600289275,2.342083926969168e-07,0.1960457510966611
24,9,13,1.0,0.2891033291230045,0.0368762335397824,0.25,0.2801238953525006,4.6512162307408126e-05,1.4902479054768076e-08,6.286483803362776e-09,7.41913656174412e-05,0.4525268107591405,0.4628266814764634,5.43265919906702e-05,0.5886317871122102,0.5196850393700786,0.2236340533672172,0.0932923868854377,0.6423611111111112,0.3531202435312023,0.0670725928733889,0.6333907056798622,0.521978021978022,0.0636617501858897,0.1051955232357696,0.1698774749036759,0.2436081727895704,0.3491818703897199,0.1052272250401492,0.1324834376372617,0.2175635797616778,0.2932490184539692,0.3950175897001344,0.5136127675787101,0.5056575845187796,0.5841468845641852,0.4226567760477767,0.515496758147636,0.4926313095917343,0.5751485177343386,0.7293396490262247,0.1424936386768447,1.2387806823999526e-06,0.192192192192192,0.8123803446075304,0.6223780207528926,0.5357669540410388,0.8105327060344836,0.3333618191444931,0.2623857501994773,0.1783700482470313,0.3067539249593911,0.3113924450594152,0.2998307999910031,0.553699814009327,0.2833509450062762,0.5573002655683537,0.9368682573143096,0.1943747245454209,0.2353279898964245,6.272154510344468e-07,0.2389249936564557,4.528954950251684e-07,0.1991360866645949,2.3789838879260733e-07,0.1977484250103031
24,9,14,1.0,0.2914044045372305,0.0280994322680197,0.0,0.1420862384192195,4.6512222949965176e-05,8.6869434949073e-09,8.463106682081038e-09,0.0002091336803133,0.4486624225202908,0.6565932841072477,1.1353007167610338e-05,0.7744599431573526,0.448818897637795,0.2846251588310037,0.0652979576243983,0.6770833333333333,0.4368340943683408,0.0558850008919413,0.6746987951807227,0.5402930402930403,0.0663673040210271,0.0789549841408151,0.2487332522483412,0.3337306326991542,0.3710491892427702,0.073701606066585,0.1741131809830512,0.2458326310479388,0.3210458089222296,0.3366679402011037,0.5276851418996857,0.5267494783692106,0.5613759247293038,0.3482982816928898,0.495313556382207,0.4633525705965132,0.5444581442858621,0.8918019110591269,0.1475826972010178,1.3759574470608792e-06,0.2072072072072071,0.6515634971282704,0.7817699841556927,0.4966133078349459,0.745434389380117,0.4727978754553381,0.2801441327334729,0.1596544987636266,0.38974313411327,0.4550605287133851,0.0611079984039368,0.4733463703434981,0.0393350369047224,0.5088876875066797,0.9241422145378352,0.2242659383716743,0.2770782127449903,9.0410230395325e-07,0.2549015595177855,3.703827810784725e-07,0.2356472123255361,2.3005746121791213e-07,0.282574824260468
24,9,15,1.0,0.3058181143371683,0.0375318605406505,0.25,0.3042937471056053,4.651796939990799e-05,1.9067950167820457e-08,1.2582595810166574e-08,0.0001289420306893,0.4653371431103342,0.5967958578967424,3.727637039300378e-05,0.7133284326708274,0.448818897637795,0.1715374841168996,0.109566313304139,0.6736111111111109,0.3622526636225265,0.0679606351940952,0.5662650602409638,0.6428571428571428,0.0373633134324106,0.1636450111320411,0.2735757120778928,0.3123370496711817,0.4165504654977299,0.171475326440178,0.2101861970857574,0.2238115123882299,0.3917460996311098,0.444177604446669,0.6001708885910765,0.5632221043960698,0.6375848735025716,0.479722875606247,0.5933369061777904,0.51905835677951,0.6499524202404563,0.7665104931256557,0.2213740458015268,2.0348057760975293e-06,0.2042042042042042,0.8123803446075304,0.730810117558713,0.5292599787061052,0.8752104556327227,0.3635589210908694,0.2937083508645156,0.1039173046777943,0.1755865279472921,0.2285874981569446,0.1554723886809887,0.4315142390080967,0.1293808716143958,0.4692572839393867,0.9253041431816728,0.2727522798564105,0.3460551228523698,1.0957386642857229e-06,0.1022363743904331,4.679038631668293e-07,0.1703920777677021,2.7647894454130697e-07,0.1497530561731331
24,9,16,1.0,0.3650083039607583,0.0872851407607298,0.5,0.290086270510374,4.6502063619936254e-05,1.1076598854715293e-08,1.633689676074022e-08,0.0003248669248527,0.6421429106593715,0.6320925062095539,0.0001071297984924,0.7833022951793814,0.448818897637795,0.2731893265565438,0.068244079826075,0.71875,0.3668188736681886,0.0708763741470811,0.5817555938037866,0.4706959706959706,0.0655194390573162,0.2160259845449118,0.2357264606159675,0.2154020540759837,0.2349021450845492,0.216616724249553,0.1999408539985903,0.1885283352052753,0.2323212978677714,0.4907780100956531,0.6031923737687097,0.5393399535898269,0.5702925853650195,0.5129913557904316,0.6003141783163729,0.5165475507276519,0.5845325477702047,0.6982012350229012,0.2010178117048345,1.881755945299061e-06,0.2102102102102103,0.7855775366943203,0.7595992502373283,0.5184388239301301,0.8588886531271824,0.4690505673014154,0.3970433251084166,0.0976743186169791,0.083646439915348,0.1066145364012283,0.105877488219555,0.5412578129493273,0.0811807067325403,0.5545262345099086,0.9633101333190665,0.1964499329795604,0.2378250322932282,9.286869410950368e-07,0.0848782059593572,3.606035003647229e-07,0.0993302064531994,2.1968039351568093e-07,0.1126931409316008
24,9,17,1.0,0.32516200577635,0.0445870499019152,0.25,0.3494508869046935,4.651891525332856e-05,4.037674444327234e-08,1.1793652174941896e-08,3.95040889626232e-05,0.4873665910884672,0.7088485517092957,1.875411111228396e-05,0.782290028409655,0.448818897637795,0.3481575603557813,0.0522264256715661,0.7673611111111112,0.4459665144596651,0.0609767895501642,0.7555938037865747,0.5402930402930403,0.0780006953755537,0.0583041649769456,0.1407622552594878,0.2341730254190688,0.283280453394142,0.0593801302509611,0.1018930474462536,0.2028064294716409,0.2839222121357103,0.3746884991545356,0.5031270261693395,0.5078814726636195,0.5526593137304037,0.4061145102985033,0.5047486650600197,0.4934142349083177,0.5794060317290513,0.7204164372069632,0.1526717557251909,1.2387806823999526e-06,0.2042042042042042,0.8659859604339502,0.8187617075197027,0.7169012922691156,0.9346722720374828,0.2863535662717918,0.3387413681089346,0.0926956334695317,0.0758189278823942,0.0988520074144261,0.0979139834153054,0.4840734772550866,0.0692445634224683,0.5082483519608116,0.9505816269957498,0.2414800576218456,0.2833694068380582,8.157117287204601e-07,0.1040946612781916,3.46346916766204e-07,0.1130588465613411,2.2459880563142978e-07,0.1001046515803347
24,9,18,1.0,0.2891569205045035,0.0252406173793126,0.25,0.29703559091399,4.651376733877035e-05,1.9901724195789508e-08,8.190052074959666e-09,7.013517118474287e-05,0.5000388792029373,0.5782528303303591,0.0001223772254016,0.6887501300061525,0.448818897637795,0.1728081321473951,0.1087865227691497,0.6423611111111109,0.4687975646879755,0.0493914077479695,0.4888123924268502,0.4560439560439561,0.0529400954483151,0.1191073361868547,0.2000136866338074,0.3093722168621143,0.3118753262133915,0.1307941460253368,0.1652171294005109,0.2794950010231246,0.3409954660671521,0.409529591093572,0.541695747430057,0.5518928771252616,0.5686285002918328,0.4577564922829617,0.5628620246928471,0.5489847271164107,0.6225916126033345,0.708474205044408,0.1526717557251909,1.412949976402958e-06,0.2072072072072071,0.8391831525207403,0.8410901442026706,0.6113315547218088,0.9106933195444152,0.4024887737556464,0.2606184226098585,0.1555444599349171,0.2519764219441014,0.2854105967712876,0.49989489570482,0.6505112583983896,0.501137179684451,0.6368461828517799,0.95152559576023,0.1579956534555666,0.1889406787357895,7.52789074679221e-07,0.2032051600090817,4.526595771389749e-07,0.1611251637249493,2.464822530765453e-07,0.1600532380304027
24,9,19,1.0,0.2461558386526013,0.0222302751069315,0.0,0.1451288161244101,4.650892398289533e-05,1.4837168025489727e-08,6.010896713074044e-09,7.027569851575513e-05,0.2723226157581689,0.3222325981713643,7.493430833252973e-05,0.4522635071971888,0.448818897637795,0.2592121982210927,0.0721678389915369,0.5798611111111112,0.4459665144596651,0.047809854371999,0.7160068846815834,0.6593406593406593,0.0534098826474274,0.2701052602972578,0.2205111549608646,0.2946181475134042,0.4068865342562697,0.2788761673291884,0.1751592272602482,0.2695905710371703,0.3981577046975589,0.51583407871278,0.5927975922683798,0.5763527877201944,0.6513530914352601,0.5437102619238567,0.5882044807931067,0.5592434356586881,0.6655272235315973,0.6728353808588516,0.1679389312977098,2.198560618729097e-06,0.2192192192192192,0.7855775366943203,0.8075555320930561,0.5165199341841342,0.7999398582044561,0.44508717314877,0.1026528412733649,0.1546822839800745,0.3396554536434952,0.3912948677870975,0.2079739007081245,0.6052933587983799,0.1596079339121994,0.6055407135961679,0.946766956128286,0.1679793649831677,0.2098875149265695,3.605021223653938e-07,0.2377639297175604,3.7144606531179195e-07,0.1942553132244075,2.493965317399733e-07,0.1733852718346314
